method,delta,true_signal,p,ci_lower,ci_upper,is_contain,mle
naive,0.1,0.13161515846128585,0.24575455066269075,-0.05152814528798952,0.29860984743576646,true,0.12354085107388849
naive,0.1,0.12004506299330595,0.31126146965113444,-0.0672230914802614,0.28253657653396563,true,0.10765674252685212
naive,0.1,0.1327363793553483,0.05528324718518041,0.02686965990487228,0.3520964184715396,true,0.18948303918820594
naive,0.1,0.12968286937231285,0.0020991681800687475,0.1371667927816317,0.4525027406653055,false,0.2948347667234686
naive,0.1,0.10591557983026263,0.04313473244013839,0.03949272258683875,0.38360529534772636,true,0.21154900896728257
naive,0.1,0.11673679996269248,0.033322910415590226,0.04747648471961263,0.37062593693373996,true,0.2090512108266763
naive,0.1,0.10966257359132973,0.04285729765890507,0.03512036251984754,0.33896627309832283,true,0.18704331780908517
naive,0.1,0.11644835237557946,0.23232875826217916,-0.04505281672356626,0.28395885593858167,true,0.1194530196075077
naive,0.1,0.08804279166899585,0.1882657005593461,-0.032572593230122626,0.29299901298960374,true,0.13021320987974055
naive,0.1,0.060448315996713284,0.21072573411789244,-0.04038004743509152,0.2973897464234432,true,0.12850484949417584
naive,0.1,0.10207159267905715,0.18404674485494965,-0.027314455661512443,0.25663211426875254,true,0.11465882930362006
naive,0.1,0.09779339737414082,0.001114430628083395,0.16291336266216716,0.49474912488650935,false,0.32883124377433826
naive,0.1,0.0969060081242674,0.23469610735468274,-0.04780924534025709,0.296717985656309,true,0.12445437015802598
naive,0.1,0.14882791929886593,0.045859856468661184,0.034606514878144035,0.3581894385308676,true,0.19639797670450582
naive,0.1,0.12235166946851928,0.04073989320463585,0.03893097159854478,0.3580614741688648,true,0.19849622288370478
naive,0.1,0.07803412242196968,0.130822881153707,-0.01442254454155037,0.3396814334410334,true,0.1626294444497415
naive,0.1,0.11284265652858425,0.2544506853218713,-0.050189186218537823,0.2765962626113253,true,0.11320353819639375
naive,0.1,0.08833464250398228,0.06241099905094694,0.01994551993896146,0.3202276815363587,true,0.1700866007376601
naive,0.1,0.08372173097598078,0.0597644030789192,0.025461749648004767,0.37788430397660944,true,0.20167302681230712
naive,0.1,0.0627576523497797,0.07795269071785654,0.01164854821708236,0.33684631682628396,true,0.17424743252168318
naive,0.1,0.10252522422000229,0.015086835075134256,0.06800488076425562,0.35283604792120005,true,0.21042046434272785
naive,0.1,0.15775693017587783,0.06595216419878457,0.018535157249984557,0.3330106934176915,true,0.17577292533383804
naive,0.1,0.06301957875680539,0.008299798361025412,0.0903405039292692,0.3890966121878412,false,0.2397185580585552
naive,0.1,0.08928223699023645,0.1439645278275791,-0.01791378795740098,0.30294282881207,true,0.14251452042733453
naive,0.1,0.11158233462384241,0.04342810560954267,0.03828695806065885,0.37441637117196586,true,0.20635166461631235
naive,0.1,0.05597919095403681,0.047988769735313325,0.03806184769166665,0.41451096848748636,true,0.2262864080895765
naive,0.1,0.13227668419524585,0.031980915475443815,0.05541096977949414,0.4201319176168862,true,0.23777144369819017
naive,0.1,0.14903302279555983,0.0001680516694922163,0.21067882508656793,0.5379233309532196,false,0.3743010780198938
naive,0.1,0.13371803034749433,0.06486883057009038,0.02132651597924501,0.3698382976521124,true,0.1955824068156787
naive,0.1,0.029445632653696555,0.016130192778405546,0.08622453182778939,0.4589120375716926,false,0.272568284699741
naive,0.1,0.11514728673705964,0.00995931611655539,0.09168287783184367,0.4151649355910184,true,0.25342390671143106
naive,0.1,0.07982420595729203,0.017370618807461918,0.06881510481186565,0.37727294363573305,true,0.22304402422379935
naive,0.1,0.10400978838946942,0.02246266091284991,0.05544731646681225,0.341529293970519,true,0.19848830521866562
naive,0.1,0.09106866440532439,0.17027305917656219,-0.027677060141804127,0.30519513143262056,true,0.13875903564540823
naive,0.1,0.14255464760742526,0.004575114647085882,0.13429527918952247,0.5053414043120364,true,0.31981834175077944
naive,0.1,0.0624017905694548,0.10007886406456713,-0.000039761713696157,0.34219054638745405,true,0.17107539233687893
naive,0.1,0.1405643454854868,0.0014804797759807526,0.16473105494704934,0.5180869634334129,false,0.3414090091902311
naive,0.1,0.10139707709466302,0.0287675585330584,0.05055133403431217,0.35748746293484707,true,0.20401939848457962
naive,0.1,0.061318597989352,0.05811940203712172,0.022012122790479233,0.3117323918572794,true,0.1668722573238793
naive,0.1,0.1665401435302942,0.0060554966238258795,0.1116902022021426,0.44574382462998224,true,0.2787170134160624
naive,0.1,0.10978695830837831,0.4598531640949952,-0.09068486819298681,0.2386794577033302,true,0.07399729475517171
naive,0.1,0.0738414342289968,0.16082522687113143,-0.023973049132568286,0.3011707496707826,true,0.13859885026910715
naive,0.1,0.07465901080799599,0.1273394699455176,-0.01259417020173692,0.3321602634135492,true,0.15978304660590614
naive,0.1,0.10889146653933976,0.029560185012508747,0.05494933244078101,0.3953256230746448,true,0.22513747775771292
naive,0.1,0.12937612569275067,0.29643986661154176,-0.055970521026180844,0.2505214084716863,true,0.09727544372275272
naive,0.1,0.1278950502867351,0.05264851851547138,0.02906238999721336,0.3554331727132577,true,0.19224778135523551
naive,0.1,0.06575863977586309,0.0018504168302531142,0.1539227486282943,0.4987629811534972,false,0.32634286489089576
naive,0.1,0.12682313681254562,0.14699864721605244,-0.019611257853293068,0.3118502330452769,true,0.14611948759599194
naive,0.1,0.10144947217687977,0.06078965246696664,0.022369417113768664,0.3420863672705696,true,0.18222789219216914
naive,0.1,0.07820286453883207,0.03921976819498713,0.04150000530424891,0.36887726709456375,true,0.20518863619940633
naive,0.1,0.07804516488084055,0.10458247836152615,-0.0022504436330568756,0.3370201955415088,true,0.16738487595422596
naive,0.1,0.1042640302727068,0.10389874606717533,-0.0018888278800363312,0.33192452369776715,true,0.16501784790886542
naive,0.1,0.16583908311229156,0.0004747048317250149,0.24153201498844376,0.6710791347157093,false,0.45630557485207657
naive,0.1,0.08477713387570375,0.02552123530632817,0.05819370268931992,0.3834588388854876,true,0.22082627078740377
naive,0.1,0.1665670490547712,0.19615814663578382,-0.03568482512782978,0.2975530306677281,true,0.13093410276994916
naive,0.1,0.15884501552388602,0.15891949077739653,-0.024154365273142936,0.3123460796254178,true,0.14409585717613743
naive,0.1,0.14200736841803657,0.013433093180562612,0.0894551405697844,0.4452013245764098,true,0.2673282325730971
naive,0.1,0.1418865704604488,0.0030141232080637655,0.11095035707870088,0.3871597376275806,true,0.24905504735314074
naive,0.1,0.10643998616461464,0.06052637183986917,0.021364446235193124,0.32419520831010606,true,0.1727798272726496
naive,0.1,0.0928290670289571,0.5610727989537884,-0.10685177495678401,0.22363849933654634,true,0.05839336218988116
naive,0.1,0.10479539771808961,0.0038374837041333797,0.11060174666057887,0.4025280493435238,false,0.25656489800205134
naive,0.1,0.0693256689596085,0.0022028500969117387,0.14689445844694454,0.4880274476482726,false,0.3174609530476086
naive,0.1,0.06522707584707949,0.09288032904286349,0.0035135963100506318,0.32872435832223623,true,0.16611897731614342
naive,0.1,0.1134172248238491,0.0010008503557174663,0.18963323172169302,0.5687659312137011,false,0.37919958146769706
naive,0.1,0.06737164615464379,0.03861463493084476,0.04084534506715773,0.3581906713530969,true,0.19951800821012733
naive,0.1,0.040470988021611976,0.25569067244366617,-0.054747681154951905,0.2996353127635437,true,0.12244381580429592
naive,0.1,0.09734116225038159,0.015339195169957062,0.07709782018867825,0.402507008515261,true,0.2398024143519696
naive,0.1,0.09046537510214553,0.07663819649782896,0.011507439113806056,0.3127163890567918,true,0.1621119140852989
naive,0.1,0.08872121374568052,0.2564654062061827,-0.053318617562699275,0.29056187018513585,true,0.1186216263112183
naive,0.1,0.11994010690379908,0.0739533217539889,0.014134283372700368,0.3414709394091744,true,0.1778026113909374
naive,0.1,0.08398309193491912,0.1549668495762061,-0.02160886231855416,0.29766873669409555,true,0.13802993718777068
naive,0.1,0.0532845054658042,0.01974021353621956,0.07950956728342495,0.46057719164196365,false,0.2700433794626943
naive,0.1,0.12200823765478587,0.0778241248244409,0.011740776921224744,0.3374063514293246,true,0.17457356417527467
naive,0.1,0.10716631821483699,0.008141703278165597,0.0968785451025714,0.41517236905183574,true,0.2560254570772036
naive,0.1,0.12239039473085035,0.06274127856506884,0.021598056773546565,0.35028522120311767,true,0.1859416389883321
naive,0.1,0.07817789877475792,0.3527889750145717,-0.07053615766438961,0.25370044699734484,true,0.0915821446664776
naive,0.1,0.11104534512288103,0.07079714301695635,0.016480407615357823,0.35130484789430094,true,0.1838926277548294
naive,0.1,0.11086893030667953,0.0610654934371125,0.024767674335737344,0.38186701854175453,true,0.20331734643874594
naive,0.1,0.12928780334723006,0.00031765907843586883,0.21539395080505705,0.577728800860475,false,0.396561375832766
naive,0.1,0.09307737193242313,0.02807962393077028,0.05577160714690302,0.38855973745497085,true,0.22216567230093695
naive,0.1,0.1485015113441519,9.102821474888137e-6,0.28988407318361786,0.6313697287729322,false,0.460626900978275
naive,0.1,0.1010791367401615,0.006035801789928653,0.11332012659941851,0.45191959879651067,false,0.2826198626979646
naive,0.1,0.12929372394673186,0.09413838314499626,0.0029416737389135195,0.33541572985747137,true,0.16917870179819244
naive,0.1,0.06163050850395845,0.16084829357059746,-0.2698018169882044,0.021483483714211715,false,-0.12415916663699633
naive,0.1,0.11451268951025682,0.2314776378000084,-0.046420293116325395,0.2942260351239399,true,0.12390287100380726
naive,0.1,0.08984319368152546,0.04470025585572177,0.03859639466686535,0.3887539439742519,true,0.21367516932055863
naive,0.1,0.0861726459263145,0.02418418500093538,0.07194743132717421,0.46037949559454316,true,0.2661634634608587
naive,0.1,0.09391676153667179,0.15113718408614266,-0.02206860161652724,0.32475297276973536,true,0.15134218557660406
naive,0.1,0.14245639529101237,0.006092117623136239,0.11122973654400264,0.4445059227777199,true,0.27786782966086127
naive,0.1,0.09316199359974772,0.010031365168995731,0.0927367917655205,0.4208143461672956,true,0.2567755689664081
naive,0.1,0.09060332677219624,0.203553553020835,-0.03655951054203596,0.285568383347352,true,0.12450443640265801
naive,0.1,0.06833144867488442,0.0029032788005890243,0.12380966998852663,0.42937213625204995,false,0.2765909031202883
naive,0.1,0.09021774187403399,0.12661769808427445,-0.010926870907617847,0.2955799015805232,true,0.14232651533645269
naive,0.1,0.097342400499494,0.032186195708718265,0.04738964214786995,0.36091834526653954,true,0.20415399370720475
naive,0.1,0.0756620655873607,0.01768156752581436,0.07387823167232901,0.40801220127693794,true,0.2409452164746335
naive,0.1,0.051525550907537784,0.2332377268585559,-0.04580217678283047,0.2869669661815527,true,0.1205823946993611
naive,0.1,0.09850626247723383,0.11842118624019568,-0.008046046793654837,0.3092582479507716,true,0.1506061005785584
naive,0.1,0.09033830156455616,0.16732985290700803,-0.025955905935406587,0.29745752696141153,true,0.13575081051300247
naive,0.1,0.07089252556233015,0.18757124048537058,-0.034088980137677055,0.308797043000378,true,0.1373540314313505
naive,0.1,0.12314635681860749,0.02231491031815635,0.06788832686702265,0.4167852696461287,true,0.2423367982565757
naive,0.1,0.11178812031690886,0.008025941135813171,0.10770794850125395,0.45987924683917825,true,0.2837935976702161
naive,0.1,0.14281218475959945,0.024712594792709635,0.05978017562659854,0.38699355619036796,true,0.22338686590848325
naive,0.1,0.0973038114665177,0.378518014317276,-0.08041495834526323,0.265742536908127,true,0.09266378928143189
naive,0.1,0.0760323817594518,0.005472327977398905,0.11650295614161982,0.4547807065438327,false,0.28564183134272625
naive,0.1,0.09278630380729776,0.048711869831615136,0.03494893070672342,0.38735130884978364,true,0.21115011977825354
naive,0.1,0.0902254854849143,0.21030550863335862,-0.04151724431182929,0.30678648419138127,true,0.132634619939776
naive,0.1,0.09345289374356691,0.11495330327635593,-0.00704363394317109,0.33103405918941897,true,0.16199521262312394
naive,0.1,0.08470944467109186,0.037932234196079655,0.043437666546670806,0.3751915179399624,true,0.2093145922433166
naive,0.1,0.10547964652579676,0.0627376863253269,0.022109703598327174,0.3585437048733098,true,0.19032670423581846
naive,0.1,0.10333985993203652,0.49074016748628946,-0.2441400686977188,0.09997059147491652,false,-0.07208473861140113
naive,0.1,0.08489076740121687,0.021039293954632034,0.0668689334297714,0.39895064170617067,true,0.23290978756797104
naive,0.1,0.11939763598875608,0.014841846473018405,0.0670369778527233,0.34571110584822007,true,0.2063740418504717
naive,0.1,0.11985618291267239,0.0021256711023294322,0.15975755378251916,0.527991128701325,false,0.34387434124192207
naive,0.1,0.08348474050447424,0.016683579234001083,-0.41257418558621317,-0.07649364462823305,false,-0.2445339151072231
naive,0.1,0.1082445621390041,0.07516732149880369,-0.3446955694223154,-0.013547902911582282,false,-0.17912173616694885
naive,0.1,0.09262280473332674,0.02262876702535472,0.06417248582988333,0.396736516556162,true,0.23045450119302266
naive,0.1,0.09450322915398507,0.08143717086386382,0.009299170542795998,0.32288549237182035,true,0.16609233145730817
naive,0.1,0.08835756362453748,0.01532779531712037,0.07266643685920748,0.37926575357979386,true,0.22596609521950067
naive,0.1,0.10710696912600363,0.04684479890186944,0.03523681182733995,0.3733432060157956,true,0.2042900089215678
naive,0.1,0.12418111723084571,0.003804094744965297,0.1157022292176638,0.4204198046971612,true,0.2680610169574125
naive,0.1,0.05689699074528551,0.17110118349325487,-0.02933106791408735,0.32004534187912564,true,0.14535713698251915
naive,0.1,0.11673791642312098,0.08150123350631365,0.008752146032461577,0.3050039650759835,true,0.15687805555422255
naive,0.1,0.0799770054153601,0.332021328317705,-0.06602996599057477,0.255870221681188,true,0.09492012784530661
naive,0.1,0.11688340867218226,0.14245718561977325,-0.01680477117590018,0.2935079941333792,true,0.1383516114787395
naive,0.1,0.09252873727323423,0.08067391627211767,0.010748799422411498,0.35763863956576347,true,0.18419371949408747
naive,0.1,0.031085032748825032,0.026792484922237157,0.058573897418957466,0.3968215256496094,false,0.22769771153428342
naive,0.1,0.08439366161915851,0.0005408633356440047,0.19284634839331882,0.542420273475263,false,0.3676333109342909
naive,0.1,0.13483252346529062,0.10386853389239567,-0.0018826175353787722,0.3333925109718157,true,0.16575494671821847
naive,0.1,0.0972739262844281,0.20503082564909514,-0.03595770989948706,0.27738964751987,true,0.12071596881019146
naive,0.1,0.12205948317724483,0.03752185601788466,0.04210463532687833,0.36038642138872923,true,0.2012455283578038
naive,0.1,0.06785141964997778,0.0010873560029295104,0.15919972547602101,0.48207794843307317,false,0.3206388369545471
naive,0.1,0.13838422019499486,0.2600039537319899,-0.05596372462238729,0.2991264763566833,true,0.12158137586714803
naive,0.1,0.11529560597668427,0.21523336665412984,-0.04183265404092493,0.2975013838417847,true,0.1278343649004299
naive,0.1,0.1025142508461879,0.057827142708948176,0.025235982393570666,0.35447732405249177,true,0.18985665322303122
naive,0.1,0.0600493585428917,0.03779309585437533,0.04533712842037754,0.39039205795948506,true,0.21786459318993132
naive,0.1,0.1145597108148088,0.3294655468882892,-0.06596416247933864,0.2580837404228724,true,0.09605978897176687
naive,0.1,0.07695706166662108,0.28596588151433083,-0.052802376690187114,0.24780718504792887,true,0.09750240417887088
naive,0.1,0.11680309461492328,0.00011003426089249754,0.18798999946939046,0.46625282019746994,false,0.3271214098334302
naive,0.1,0.11514085582369839,0.01284823121134358,0.08948740655542639,0.4386620439093267,true,0.2640747252323766
naive,0.1,0.0933117489607775,0.054190531051320864,0.032159176299866254,0.4093804338521105,true,0.22076980507598837
naive,0.1,0.08623713742870938,0.06826939367721349,0.019785328625103793,0.3846875842053041,true,0.20223645641520394
naive,0.1,0.11518803254913344,0.012936863564373605,0.0812007107221881,0.3989630228601744,true,0.24008186679118124
naive,0.1,0.13105218957743786,0.19360460259366616,-0.03745422376310356,0.3198267627064014,true,0.14118626947164892
naive,0.1,0.13328070359377558,0.04125633889345491,0.044116773721163516,0.41052575146986026,true,0.22732126259551189
naive,0.1,0.13382391881728653,0.07335180665015179,0.014419076766714084,0.3397993247168729,true,0.17710920074179348
naive,0.1,0.09265879311452732,0.1614401590658705,-0.02503248382525436,0.3116250001697517,true,0.14329625817224867
naive,0.1,0.11418948341506376,0.013163677026558646,0.07819624820909046,0.38647204707685756,true,0.232334147642974
naive,0.1,0.11383859024172747,0.036316133262283744,0.0470979511603164,0.392544542111621,true,0.2198212466359687
naive,0.1,0.0975564591317139,0.16091982063305302,-0.025292486982965906,0.31729918643526034,true,0.14600334972614723
naive,0.1,0.13496074342370573,0.014049441790271113,0.08882613622381941,0.44907325789663755,true,0.2689496970602285
naive,0.1,0.07661655533251407,0.000017109537425889095,0.2810497883983232,0.6293190044059648,false,0.455184396402144
naive,0.1,0.06545820138353713,0.019441907793413423,0.06718369042018346,0.3865256810966554,false,0.22685468575841944
naive,0.1,0.035564624605694165,0.0015558205630429697,0.149757222405467,0.4740422013898905,false,0.31189971189767873
naive,0.1,0.05881274690653055,0.12984730875789638,-0.01345442144783679,0.326624961317714,true,0.15658526993493863
naive,0.1,0.09550465957388597,0.18917794017061845,-0.032133031037630544,0.2864200632087151,true,0.12714351608554228
naive,0.1,0.1228774417822589,0.24171446965895457,-0.04735198038104822,0.2811874651832602,true,0.11691774240110599
naive,0.1,0.06496190618829706,0.15321850309820984,-0.31069350999790785,0.021898288738819105,false,-0.14439761062954437
naive,0.1,0.09542346251233508,0.032630088801791454,0.054419029964685395,0.4184698319484945,true,0.23644443095658996
naive,0.1,0.07336152049543973,0.2135539203030426,-0.0417221982973604,0.3005555349863317,true,0.12941666834448565
naive,0.1,0.1338364981472941,0.1721316340215823,-0.030527767723832783,0.32882535715269945,true,0.14914879471443332
naive,0.1,0.08052211011920817,0.022941369691528754,0.0625422801036086,0.38935323161511404,true,0.22594775585936133
naive,0.1,0.10529455852267205,0.15261192246342098,-0.01960341244712166,0.28106461023931145,true,0.1307305988960949
naive,0.1,0.08193711842319304,0.2160354208489397,-0.037317025900048706,0.2637811766075352,true,0.11323207535374324
naive,0.1,0.08663336438880899,0.1236585638781696,-0.0107080303201455,0.3239631368133397,true,0.1566275532465971
naive,0.1,0.10763915792791971,0.21452221851703476,-0.043007734955429894,0.3075205725920097,true,0.1322564188182899
naive,0.1,0.1269873604700664,0.09047542510829741,0.005018115437629783,0.34864019229124665,true,0.1768291538644382
naive,0.1,0.0819334503950985,0.01656823511519757,0.08385950677226794,0.45105498665305344,false,0.2674572467126607
naive,0.1,0.12134535360136327,0.18219872389902625,-0.02754436446308424,0.26396730919662525,true,0.1182114723667705
naive,0.1,0.10692212956128141,0.005086882211135172,0.112851754743539,0.43382774304257354,false,0.2733397488930563
naive,0.1,0.08355233323874713,0.029933774442996896,0.05463807282230537,0.3962825915555415,true,0.22546033218892345
naive,0.1,0.048575323018990556,0.014644997476480289,0.08504360292080201,0.4364289858753443,false,0.26073629439807317
naive,0.1,0.09289744324155763,0.21614912763277344,-0.03860456907984433,0.2726485621033805,true,0.11702199651176809
naive,0.1,0.08634249676409114,0.07374816116590241,0.016315158710306032,0.390809092494817,true,0.2035621256025615
naive,0.1,0.08326110338648073,0.2821109615494741,-0.054224826851664784,0.2591336731092385,true,0.10245442312878687
naive,0.1,0.1135978613972412,0.06130546111398041,0.022513771329220444,0.34960367515604907,true,0.18605872324263475
naive,0.1,0.09523453215449627,0.03967414155809007,0.04524734783813983,0.4062966604876796,true,0.2257720041629097
naive,0.1,0.13474283011545324,0.14831663218446633,-0.018858271791568793,0.29234322917889705,true,0.13674247869366413
naive,0.1,0.1008644639670817,0.0005902240410152889,0.1789264178900484,0.5075390782944396,false,0.34323274809224397
naive,0.1,0.1459410930795542,0.09629447791213029,0.001740498828680631,0.3157185245092461,true,0.15872951166896335
naive,0.1,0.10719873254002449,0.0018051963415385548,0.14402070600485353,0.4650820737128418,false,0.30455138985884767
naive,0.1,0.13050241680696953,0.016898174950742313,0.06946334380574629,0.3765802438855059,true,0.22302179384562612
naive,0.1,0.09847782911009346,0.21527502983848712,-0.2548042250614482,0.03584020584396419,false,-0.10948200960874199
naive,0.1,0.13383135321533843,0.009656101527617702,0.09631902690383953,0.43231418116169185,true,0.2643166040327657
naive,0.1,0.08550891143374358,0.03888049018348508,0.04301135092954714,0.379426342481162,true,0.2112188467053546
naive,0.1,0.1326819036801132,0.09454557214142097,0.00271072154193705,0.3325160416163885,true,0.16761338157916275
naive,0.1,0.12879169737917975,0.02193133028418201,0.06473924814901322,0.3940614948136406,true,0.22940037148132691
naive,0.1,0.05641649508881329,0.05281107665592649,0.03381407184342866,0.41527840224011103,true,0.22454623704176985
naive,0.1,0.10029150883253964,0.04573879596384713,0.033720700994834235,0.34802492161102516,true,0.1908728113029297
naive,0.1,0.09345391720594777,0.03916243240583472,0.04410612915859147,0.39154016030067984,true,0.21782314472963565
naive,0.1,0.030966092607410494,0.15008965265052635,-0.02120666067257576,0.3180470267187091,true,0.14842018302306667
naive,0.1,0.09505432043672186,0.02858492359146928,0.05204931987971517,0.36662541413520744,true,0.2093373670074613
naive,0.1,0.09718320962756405,0.0008715935971432084,0.16507180086228718,0.4875134209824428,false,0.326292610922365
naive,0.1,0.07601883926304498,0.24670934990537075,-0.0534180379940134,0.3078130442825377,true,0.12719750314426215
naive,0.1,0.08627474074530567,0.000994947851000764,0.1745080372438729,0.5230485713439836,false,0.34877830429392825
naive,0.1,0.12393206724621122,0.020079475447063972,0.07346669906202613,0.42888118992904994,true,0.25117394449553804
naive,0.1,0.0864188139120433,0.10399226876333108,-0.0019001841838399702,0.32617155792830915,true,0.1621356868722346
naive,0.1,0.03189614878941308,0.234623365613313,-0.04511626128822446,0.2801361668879564,true,0.11750995279986598
naive,0.1,0.08719392209087812,0.24485668879510009,-0.043663924987690284,0.254396630075077,true,0.10536635254369336
naive,0.1,0.0632913728195469,0.11759794733638765,-0.007559639734158269,0.3036227826785295,true,0.1480315714721856
naive,0.1,0.09882162519099752,0.017445687096692863,0.07649992121086646,0.4201488550989401,true,0.2483243881549033
naive,0.1,0.10087946962008988,0.014326933759186257,0.07803758893351889,0.39729983437510374,true,0.23766871165431133
naive,0.1,0.0849263446406128,0.16764936032688932,-0.02701789985632272,0.3083095369206085,true,0.1406458185321429
naive,0.1,0.08097395476477624,0.23666367006859676,-0.050862244701516485,0.31170936701851704,true,0.13042356115850026
naive,0.1,0.12822965156234103,0.08595391480457092,0.007680803335106373,0.35723778110854876,true,0.18245929222182755
naive,0.1,0.0914299809354762,0.10727757703095461,-0.002990613628116978,0.28381836149009976,true,0.1404138739309914
naive,0.1,0.15493310556596945,0.00008140288396083029,0.2270327199605382,0.5524131586955365,false,0.38972293932803737
naive,0.1,0.1167370854886903,0.31370802647228857,-0.06840393810109856,0.284648153892414,true,0.10812210789565772
naive,0.1,0.09439754607971543,0.09001525770575482,0.005041877004525741,0.3337203281625539,true,0.16938110258353983
naive,0.1,0.08685054344262404,0.049530570492770334,0.034952873237292625,0.39524588363666324,true,0.21509937843697793
naive,0.1,0.10661506464752418,0.018534565699014585,0.06896228429587889,0.3885326567016688,true,0.22874747049877384
naive,0.1,0.11193774936297406,0.018794603652685107,0.07023570508239632,0.39810040502218624,true,0.23416805505229127
naive,0.1,0.09712095383400507,0.1456642675584205,-0.01869412025278583,0.30526085415420506,true,0.14328336695070962
naive,0.1,0.08278119235727142,0.03309436998676745,0.053881812779641436,0.41854262053772584,true,0.23621221665868364
naive,0.1,0.10742020253482801,0.03668479441496236,0.04238199802386963,0.3561173801882882,true,0.19924968910607893
naive,0.1,0.10781106207550027,0.06453290666488204,0.02085410577665403,0.35776447689858765,true,0.18930929133762084
naive,0.1,0.09897629566739084,0.04129367085066082,0.04128694376150313,0.38451825336829526,true,0.21290259856489918
naive,0.1,0.0667134249470923,0.3087910453991729,-0.06109732569418537,0.259417774105362,true,0.0991602242055883
naive,0.1,0.1435524607372764,0.09595172695328631,0.001877743345526317,0.3114965510094173,true,0.1566871471774718
naive,0.1,0.14591548262048654,0.10204581373726532,-0.0010248580300026011,0.34166819704050955,true,0.1703216695052535
naive,0.1,0.098705519991042,0.008178466436747458,0.10260557510572049,0.4402294986013549,false,0.2714175368535377
naive,0.1,0.10316782576196706,0.01854800506237903,0.07516432195718592,0.4236070782090457,true,0.2493857000831158
naive,0.1,0.08356953474870006,0.05944932090526598,0.026151981355083787,0.38461704604888575,true,0.20538451370198477
naive,0.1,0.13192841888893295,0.14285238996849361,-0.019563512378130615,0.33877371430852177,true,0.15960510096519556
naive,0.1,0.10673863827333466,0.004434393781819897,0.11673139980748118,0.43657339947893914,false,0.27665239964321015
naive,0.1,0.12292810862995922,0.014583530147179783,0.07372178441513205,0.3777475320181451,true,0.22573465821663857
naive,0.1,0.12386443284956934,0.11139366747170387,-0.005727206677851371,0.35047587791575385,true,0.17237433561895124
naive,0.1,0.06110560208800219,0.14768564231877612,-0.3144615533042341,0.020041337257390074,false,-0.147210108023422
naive,0.1,0.09170109442988997,0.00033986251940290574,0.20611278523749285,0.5559843616246888,false,0.38104857343109083
naive,0.1,0.08153458789271353,0.13950453377899544,-0.017571900657280204,0.3281291649120136,true,0.1552786321273667
naive,0.1,0.06651721402164218,0.13126347380279338,-0.013372217120108054,0.3107668648927106,true,0.14869732388630127
naive,0.1,0.09242669851329079,0.09429427075789518,0.0028547336697204995,0.3345346944847086,true,0.16869471407721454
naive,0.1,0.09586836166646327,0.20293226927512686,-0.035618678570487367,0.27969693138872775,true,0.12203912640912018
naive,0.1,0.097540752247344,0.22974957408161054,-0.04461781063663284,0.28607887324995757,true,0.12073053130666236
naive,0.1,0.0907810564923298,0.022058298344027224,0.07572031640281895,0.4622125427718582,true,0.2689664295873386
naive,0.1,0.10516535314429061,0.02451701334826602,0.06633343861977925,0.42757576439835143,true,0.24695460150906534
naive,0.1,0.08228863705051791,0.0702595272085088,0.01762781752683093,0.36827646805961045,true,0.19295214279322068
naive,0.1,0.10478582517695795,0.14779737708229712,-0.02526717816797902,0.3956058116357587,true,0.18516931673388984
naive,0.1,0.12720297413552542,0.002807351041323467,0.12443013054219748,0.4291727966046917,true,0.2768014635734446
naive,0.1,0.11418801992074823,0.0025670391997075436,0.13440097027156345,0.4570197528742596,false,0.29571036157291153
naive,0.1,0.12555506599402158,0.007574868477100185,0.11766089238465935,0.4950688892512848,true,0.3063648908179721
naive,0.1,0.07559193329579796,0.11431276084363333,-0.005997533739996702,0.29407112134009394,true,0.1440367938000486
naive,0.1,0.1351899256899164,0.01820363106110758,0.07319073118299554,0.4091903533892054,true,0.24119054228610046
naive,0.1,0.09067103835385702,0.04170310328067146,0.03694233169250896,0.34726952832846236,true,0.19210593001048565
naive,0.1,0.1011986326413397,0.012056014179725193,0.09437619903815156,0.45303290554136677,true,0.27370455228975915
naive,0.1,0.11676214940990769,0.005661206443911411,0.10897351421862542,0.4285036970062588,true,0.2687386056124421
naive,0.1,0.11960793037977527,0.021992369372945055,0.06085751019002794,0.37093979741620425,true,0.2158986538031161
naive,0.1,0.10756802084736042,0.09828117443918247,0.0008753513666217294,0.34407599255015886,true,0.1724756719583903
naive,0.1,0.12577842684662058,0.31044801994489446,-0.05455978845317726,0.23008011269195527,true,0.08776016211938902
naive,0.1,0.07957524225751271,0.008866992178066024,0.10845995095558777,0.47543148916168176,false,0.2919457200586348
naive,0.1,0.13541483528091552,0.028590680660065582,0.05664335323167441,0.39903474135058065,true,0.22783904729112753
naive,0.1,0.07068262325929969,0.0013974985673593937,0.14370851869158263,0.4486526065639801,false,0.29618056262778136
naive,0.1,0.07051418706848654,0.2146365222835467,-0.04183335863934248,0.29886216752928874,true,0.1285144044449731
naive,0.1,0.11045627347324928,0.007965200294698962,0.09512906401263421,0.40538044766800896,true,0.2502547558403216
naive,0.1,0.17479053558505167,0.04908277340428137,0.034800258810713885,0.3892156495356127,true,0.2120079541731633
naive,0.1,0.02744781626483986,0.14716999510852236,-0.0192712160598435,0.30541815173778786,true,0.14307346783897218
naive,0.1,0.12869962907872204,0.0006438342356543451,0.18097955187986958,0.5178054015622284,false,0.349392476721049
naive,0.1,0.07520930470419084,0.16116875745580508,-0.021844046688117957,0.27302631840011227,true,0.12559113585599715
naive,0.1,0.12825671823796633,0.1922337795692637,-0.03144427100931779,0.2720357647965768,true,0.12029574689362951
naive,0.1,0.10815107032662433,0.05348285646546112,0.029461071147283108,0.3681610230288732,true,0.19881104708807815
naive,0.1,0.09547316939600776,0.06797591112384567,0.017934078081909444,0.345131319891142,true,0.18153269898652571
naive,0.1,0.1004756817089372,0.13434333775095916,-0.015185605765002108,0.323129484531336,true,0.15397193938316694
naive,0.1,0.11244637722642574,0.09530612109311522,0.002356088614468399,0.3365195241478447,true,0.16943780638115655
naive,0.1,0.14778964802052036,0.01744845312424586,0.08156124319484873,0.44797564052947025,true,0.2647684418621595
naive,0.1,0.06999916654585203,0.3125529558590755,-0.07265791856968651,0.303772122017801,true,0.11555710172405725
naive,0.1,0.13745778523613877,0.12110971234506376,-0.010203075301317144,0.3441543802574172,true,0.16697565247805002
naive,0.1,0.11539379787420491,0.010470600317576302,0.10110232963305715,0.464582871419929,true,0.28284260052649307
naive,0.1,0.08352916323504171,0.13651644237095367,-0.014080852083244166,0.28292277387653225,true,0.13442096089664404
naive,0.1,0.09710755685269991,0.05591824564443978,0.02968191036723422,0.39564135602154304,true,0.21266163319438863
naive,0.1,0.10514300659715696,0.017807498595139856,0.0745395001820639,0.41288442464116054,true,0.24371196241161222
naive,0.1,0.12274707733655887,0.5595224310854481,-0.11688568514911232,0.2454234986218131,true,0.06426890673635038
naive,0.1,0.11259498006459769,0.025178554203693568,0.06324598422831329,0.4136354571887658,true,0.23844072070853956
naive,0.1,0.12134474560791976,0.012159116647441135,0.08714672267304147,0.41948418052421954,true,0.2533154515986305
naive,0.1,0.1226460854574298,0.012747564060797842,0.09446928423372769,0.46186439912014987,true,0.2781668416769388
naive,0.1,0.06295954729904946,0.0739629081373419,0.01523327822802878,0.36816895240980674,true,0.19170111531891776
naive,0.1,0.10867459838101232,0.31118225311975134,-0.05638094889211814,0.23704432550750615,true,0.090331688307694
naive,0.1,0.12208782868782364,0.14725402658322617,-0.019793130349603033,0.3131761957287893,true,0.14669153268959315
naive,0.1,0.12367289383162408,0.25973069840026247,-0.04916412395472121,0.26317177772768235,true,0.10700382688648057
naive,0.1,0.04498172423783954,0.05237597487408628,0.028015508585529814,0.34024457712967154,true,0.18413004285760068
naive,0.1,0.1475950969565148,0.007679101720755143,0.09924909232458551,0.41903118321268734,true,0.2591401377686364
naive,0.1,0.0929361283152063,0.047793157643406754,0.03504887827340128,0.37989940161279023,true,0.20747413994309574
naive,0.1,0.08409363253398348,0.38224481335487687,-0.07151593895558696,0.23359464967156557,true,0.0810393553579893
naive,0.1,0.08846271086587482,0.12832086171063506,-0.011995719502946561,0.3060013506915291,true,0.1470028155942913
naive,0.1,0.09810529317620754,0.020064865919134693,0.06734309384562298,0.39300218728877306,true,0.23017264056719802
naive,0.1,0.1096879887852938,0.024379672904111117,0.06952630969069906,0.44680526206470106,true,0.25816578587770006
naive,0.1,0.10675242500397045,0.08243196708224532,0.007867595697210461,0.2895233014790344,true,0.14869544858812242
naive,0.1,0.055651378569994046,0.006526580250433862,0.11193617733942263,0.45440982348571857,false,0.2831730004125706
naive,0.1,0.14803128638648413,0.03863791458917677,0.04548047510224815,0.39904493942810215,true,0.22226270726517516
naive,0.1,0.07863847637243594,0.03155664692527803,0.049281524340904104,0.37023324768701216,true,0.20975738601395813
naive,0.1,0.11091169166386726,0.0934934349335249,0.003101083297030738,0.31799378955310964,true,0.1605474364250702
naive,0.1,0.09423236316340618,0.0010636946091915108,0.1621382446813946,0.4897193100030278,false,0.3259287773422112
naive,0.1,0.06934620404316962,0.13955283984823816,-0.018668137864312456,0.3482040677512779,true,0.16476796494348273
naive,0.1,0.0461159292241415,0.22300129384001893,-0.038769135828548074,0.260430605519944,true,0.11083073484569797
naive,0.1,0.1197528424130195,0.0012946875116293202,0.1606485294252791,0.4967715716583946,false,0.32871005054183683
naive,0.1,0.11299927100810181,0.4905161239985319,-0.0924452405019521,0.225880874020449,true,0.06671781675924846
naive,0.1,0.08598361512939175,0.006606103463196132,0.11000271756917757,0.4478198006256172,false,0.2789112590973974
naive,0.1,0.09481965471794195,0.155272220574868,-0.02168667963972057,0.29723463435010167,true,0.13777397735519056
naive,0.1,0.0992361259482456,0.09136953630425937,0.004164623181773519,0.3201067758132345,true,0.162135699497504
naive,0.1,0.13485864527747898,0.03189671494756789,0.05152747310218572,0.38997342540718716,true,0.22075044925468645
naive,0.1,0.12641587871756618,0.0031308780449458436,0.1475086728374276,0.5180118144571074,false,0.33276024364726753
naive,0.1,0.1254871430712221,0.008842778679084768,0.09093603756926164,0.39832082002276026,true,0.24462842879601093
naive,0.1,0.10109187688781543,0.2244530787877287,-0.04360297493243721,0.2899174547205982,true,0.12315723989408049
naive,0.1,0.05085840200739572,0.158501901356052,-0.022333633724589297,0.29067482085270124,true,0.13417059356405597
naive,0.1,0.07443429434019007,0.006683539380280916,0.10993652292885756,0.44877139752588646,false,0.279353960227372
naive,0.1,0.12382225854966633,0.0013759393934651436,0.16149952630183206,0.5032071112375697,false,0.33235331876970087
naive,0.1,0.06403223519625084,0.08118871317998323,0.008662131839779846,0.29656758572959574,true,0.1526148587846878
naive,0.1,0.059575083855695536,0.010241097565360057,0.09092351515237149,0.41508413188170623,false,0.2530038235170389
naive,0.1,0.09708930108106498,0.0019190275119685867,0.1386141667901778,0.4514503108698318,false,0.2950322388300048
naive,0.1,0.08516747120232125,0.14368038624149687,-0.3085540519177317,0.018136581456266898,false,-0.1452087352307324
naive,0.1,0.07107867632957954,0.08106959794865826,0.009872658467660472,0.3357628193701375,true,0.172817738918899
naive,0.1,0.16104559565932594,0.26466910965212675,-0.05216996324238091,0.27199710345101924,true,0.10991357010431915
naive,0.1,0.13323032481773248,0.005521158768379142,0.12016881828708531,0.46998243785685373,true,0.2950756280719695
naive,0.1,0.0916772278344413,0.0296017779594343,0.05234028037688887,0.3768948262341816,true,0.21461755330553522
naive,0.1,0.11595436326568864,0.36019112860601904,-0.07518729099146394,0.26370874404543215,true,0.0942607265269841
naive,0.1,0.10737264528100077,0.062288190010987225,0.02155266041285747,0.3447375526666355,true,0.1831451065397465
naive,0.1,0.09827046549018817,0.08647151495216375,0.006828109386034342,0.330224861813725,true,0.16852648559987968
naive,0.1,0.11834784106244874,0.05844575071523959,0.026315000211948214,0.37610716538942834,true,0.20121108280068828
naive,0.1,0.07375518791186397,0.10276617644669586,-0.0012854767955501611,0.317511447130457,true,0.1581129851674534
naive,0.1,0.08138695985413193,0.0683788034254212,-0.3412787110182231,-0.017485287042871278,false,-0.1793819990305472
naive,0.1,0.13796834985029788,0.004641494398067534,0.11574818834374959,0.436791786762015,true,0.2762699875528823
naive,0.1,0.006320732464751854,0.13523525417399246,-0.01744794228054497,0.36246970326294015,true,0.1725108804911976
naive,0.1,0.08568562331690002,0.02910227481484104,0.056857828351331546,0.4050150119205508,true,0.23093642013594118
naive,0.1,0.08609372638148789,0.329204742771758,-0.06571197387631723,0.2573508164686555,true,0.09581942129616912
naive,0.1,0.09595453486254181,0.2753714820532212,-0.055324551743341444,0.2731520974751046,true,0.10891377286588158
naive,0.1,0.1120190296894672,0.08168139729892009,0.009191997989874162,0.3236611588275674,true,0.16642657840872077
naive,0.1,0.08170998393045281,0.04285272239072252,0.03683759616212395,0.35550290573279825,true,0.1961702509474611
naive,0.1,0.097257841433013,0.1049846927149185,-0.34985078572258177,0.0025387143168512927,false,-0.17365603570286525
naive,0.1,0.06626231590819359,0.2603315612564216,-0.05417347232110688,0.28904520890480206,true,0.11743586829184759
naive,0.1,0.12243666796027734,0.0029177413158207894,0.12791487585486042,0.44397021914577384,false,0.2859425475003171
naive,0.1,0.07002368697698187,0.1651496053376436,-0.025032170048545327,0.29552117629591446,true,0.13524450312368458
naive,0.1,0.10427525124466044,0.0471906568806662,-0.39535076787481316,-0.03700657080191447,false,-0.2161786693383638
naive,0.1,0.07787862667437026,0.06775347308483742,0.018710068136063518,0.3572923904396984,true,0.18800122928788096
naive,0.1,0.06530831156008213,0.04883809053824985,0.033424037326980516,0.37159318485053705,true,0.20250861108875878
naive,0.1,0.06370709186138498,0.04939382942188903,0.03474459722302403,0.39157083154792477,true,0.2131577143854744
naive,0.1,0.10285045899170026,0.00007556593513936422,0.22351531690094106,0.5413879238411953,false,0.38245162037106817
naive,0.1,0.0880082565498763,0.1338416679647477,-0.014724200091022183,0.3176587934664077,true,0.15146729668769274
naive,0.1,0.10264677696730037,0.1845345069005546,-0.030612261363175575,0.2861393598700751,true,0.12776354925344977
naive,0.1,0.10724832431300263,0.09298498765575458,0.002907611410463251,0.276166245631287,true,0.13953692852087513
naive,0.1,0.07160052958541467,0.05581096204895991,0.026019665987702306,0.34582322385836806,true,0.18592144492303517
naive,0.1,0.127991980751817,0.10535546365325796,-0.0027028785141096634,0.34699393209915114,true,0.17214552679252074
naive,0.1,0.09354337133016258,0.13641829233485775,-0.013329112641013136,0.2684918568851491,true,0.127581372122068
naive,0.1,0.09812137580960208,0.0523581949055798,0.029124046289202288,0.3535467898555833,true,0.1913354180723928
naive,0.1,0.1019417370058658,0.017338338926196836,0.0753948525295132,0.41303043286950347,true,0.24421264269950835
naive,0.1,0.09635981220949047,0.018929521121323435,0.06959635284849253,0.3957092897128102,true,0.23265282128065137
naive,0.1,0.11677412930090617,0.00007762282064330866,0.21279663489667225,0.5162680234878124,false,0.3645323291922423
naive,0.1,0.1187052996055592,0.11693421529767208,-0.008291715433727115,0.3455866880466697,true,0.1686474863064713
naive,0.1,0.10558156348186232,0.0028755858370810763,0.12456737962821882,0.4313240803928221,false,0.2779457300105205
naive,0.1,0.10548503543241082,0.014762877614546423,0.07892671347206331,0.4062288926163665,true,0.24257780304421492
naive,0.1,0.1122938526263919,0.030793085523690367,0.050646662174877066,0.3742401419324093,true,0.21244340205364318
naive,0.1,0.1467429802731381,0.01868817664711784,0.08568925950348433,0.4844962142250156,true,0.28509273686424996
naive,0.1,0.09605191468127602,0.10741922617355819,-0.0036097923901590168,0.3361512410715841,true,0.16627072434071255
naive,0.1,0.06070019611684516,0.006133739979702788,0.11975173542685852,0.47929475691790907,false,0.2995232461723838
naive,0.1,0.15343485070320098,0.009916574427024401,0.08702419203459233,0.39358050765853814,true,0.24030234984656523
naive,0.1,0.08900285724702854,0.07460528473400144,0.015032109351713258,0.3732971103571524,true,0.19416460985443285
naive,0.1,0.13751164882504474,0.002332810945383183,0.13966952699994648,0.46801129193119795,false,0.3038404094655722
naive,0.1,0.1364774725362737,0.00593688043958585,0.10074051284264113,0.4002783738619728,true,0.25050944335230696
naive,0.1,0.06398274654629281,0.03902178890210112,0.043771974713447154,0.3873553841768915,true,0.21556367944516933
naive,0.1,0.10894845510134978,0.013270966654913199,0.08478793626505848,0.42021464098438605,true,0.25250128862472226
naive,0.1,0.038758076431000765,0.05924683683625605,-0.3494214632352901,-0.023897335510935813,false,-0.18665939937311296
naive,0.1,0.09922404875693795,0.10581332501933036,-0.0026560376146101405,0.314467409926587,true,0.15590568615598843
naive,0.1,0.08070349921935863,0.02465615675504016,0.06025473532495906,0.38958252423029555,true,0.2249186297776273
naive,0.1,0.10613626692019885,0.1285291938131535,-0.012425643570138506,0.314781612857298,true,0.15117798464357973
naive,0.1,0.14770094171874043,0.1984913203167726,-0.03817672117197776,0.31166470765460264,true,0.13674399324131245
naive,0.1,0.06486699545672976,0.021583723678115754,0.06798431198990537,0.41060348157815263,false,0.239293896784029
naive,0.1,0.19672353535785272,0.016574014976801887,0.06730698441499,0.3620741204863783,true,0.21469055245068416
naive,0.1,0.09321768194360931,0.013529833134009479,0.07435767495915019,0.3709843242254506,true,0.22267099959230038
naive,0.1,0.06198892509012697,0.014815110133253635,0.08079922941909423,0.4164067830553772,false,0.24860300623723572
naive,0.1,0.11912969841551625,0.08728198688223682,0.006503796954007768,0.33536697256208303,true,0.1709353847580454
naive,0.1,0.09302007079670607,0.07782443776944908,0.010655084949809185,0.30621037206192503,true,0.15843272850586712
naive,0.1,0.10652747356176025,0.006058912975007743,0.10063857450256569,0.40168860970582615,true,0.2511635921041959
naive,0.1,0.12286541376092985,0.3196776395166215,-0.2904600398492889,0.07148611487164616,false,-0.10948696248882137
naive,0.1,0.0817117170693206,0.0014019195283161857,0.13718932135393214,0.42847119998621463,false,0.2828302606700734
naive,0.1,0.06909255979560654,0.12630099990067173,-0.011911161897570993,0.3258808567367164,true,0.1569848474195727
naive,0.1,0.09849228261081511,0.013594834539992776,0.08637096644909006,0.43163902671275467,true,0.25900499658092235
naive,0.1,0.08529806161715962,0.005949364090860318,0.10660606891166347,0.4237816059955828,false,0.2651938374536231
naive,0.1,0.11474046199498672,0.09885965978697352,0.0005669780101767163,0.3364155003501036,true,0.16849123918014017
naive,0.1,0.07080071057347496,0.02047598980810634,0.06106166779015587,0.35969132056362646,true,0.21037649417689117
naive,0.1,0.09057799293703815,0.007084724624533752,0.11142736277971446,0.46120770212494866,false,0.28631753245233155
naive,0.1,0.11060176473366488,0.06581109951264584,0.01906335432580686,0.34090788166762165,true,0.17998561799671425
naive,0.1,0.11196784015126633,0.13908559301971063,-0.016526815754630747,0.311687874166072,true,0.14758052920572062
naive,0.1,0.08549263913480766,0.003898808551822981,0.12815715255771623,0.4677784042666846,false,0.2979677784122004
naive,0.1,0.0737392728160536,0.015214830014511094,0.07819397706921286,0.40698335663052154,false,0.2425886668498672
naive,0.1,0.10769158632050753,0.052077899729549695,0.028796238423181242,0.34707532254470475,true,0.187935780483943
naive,0.1,0.1362596059514958,0.0072940868414798085,0.1163332943056144,0.4849342285953662,true,0.3006337614504903
naive,0.1,0.07692149205828444,0.23370273970786887,-0.0449046847735638,0.280492134755001,true,0.1177937249907186
naive,0.1,0.11376495115216932,0.25385846080344765,-0.046844144581156794,0.25902235893614667,true,0.10608910717749495
naive,0.1,0.12766908704518928,0.202925361791989,-0.03527736229975913,0.27703309806111237,true,0.12087786788067663
naive,0.1,0.09503402394544373,0.030284357024559536,0.055096859561710676,0.4026584482310954,true,0.22887765389640305
naive,0.1,0.10409015573693131,0.20607250648466638,-0.2844458724483642,0.0371937058836278,false,-0.12362608328236821
naive,0.1,0.023910976450034586,0.07487891341024701,0.013251440389508012,0.33296405785413463,true,0.17310774912182134
naive,0.1,0.09587290409450695,0.1444893572277171,-0.020022583237054525,0.3349134169568921,true,0.15744541685991878
naive,0.1,0.11531967303161038,0.005134426896776408,0.1060290730311062,0.4083848509804521,true,0.25720696200577914
naive,0.1,0.10765259499930713,0.0037250973593589867,0.12893042508364827,0.4667061345713166,false,0.29781827982748243
naive,0.1,0.05834515538445099,0.006642679643683994,0.10777471545588829,0.4393155379391302,false,0.27354512669750924
naive,0.1,0.09896340662130254,0.01861376662486027,0.07646566887669803,0.4315995540189165,true,0.25403261144780726
naive,0.1,0.1282828165413016,0.026825552586224453,0.05902078153492407,0.4001370616270566,true,0.22957892158099033
naive,0.1,0.11841968291280126,0.03943430861179937,0.04453637066454755,0.3977701704988248,true,0.22115327058168616
naive,0.1,0.17991270327199063,0.016056309828906216,0.0826117825843159,0.4388990228507087,true,0.2607554027175123
naive,0.1,0.10652836414836064,0.014636518104739418,0.0807223724046843,0.4141655925589728,true,0.24744398248182853
naive,0.1,0.07600640384802576,0.0038626868611770955,0.13301084268351873,0.48466511254495737,false,0.30883797761423804
naive,0.1,0.12479004724738328,0.16611806376640484,-0.026454187279957714,0.3081755700121497,true,0.140860691366096
naive,0.1,0.13759532198039687,0.15787025346554057,-0.02068754417646057,0.2719219850285197,true,0.12561722042602957
naive,0.1,0.10953516096794993,0.13327164058573956,-0.01620858706493919,0.3552945545926488,true,0.16954298376385482
naive,0.1,0.11432059639938931,0.028179029249099583,0.051920553388885876,0.36251102388340806,true,0.20721578863614695
naive,0.1,0.1175973675231663,0.009145117793486675,0.10535586482493639,0.4657385936581695,true,0.28554722924155296
naive,0.1,0.08834031466862888,0.001626769488404585,0.1360649561595412,0.43324384926049353,false,0.28465440271001735
naive,0.1,0.06995269504988742,0.025304796604982107,0.060297434725052695,0.3954434900074446,true,0.22787046236624867
naive,0.1,0.0951755289223664,0.27354901901721945,-0.049359293908173466,0.24591165645109475,true,0.09827618127146064
naive,0.1,0.1279991665587435,0.01743762877463518,0.06967447877244701,0.38258970506050316,true,0.22613209191647507
naive,0.1,0.11275034203565105,0.04590462818703435,0.03464165608892736,0.358932651087827,true,0.19678715358837717
naive,0.1,0.06217557997815662,0.005776598926698911,0.11761761291325051,0.4645300440491386,false,0.29107382848119456
naive,0.1,0.11966248056145373,0.042257996433569485,0.0380429450861689,0.36216807554497954,true,0.20010551031557422
naive,0.1,0.1287481474673632,0.010315996040630174,0.09767092523525206,0.44684378928188545,true,0.27225735725856876
naive,0.1,0.10739962235097464,0.09460058663906298,0.0025463144895343515,0.3155773208088896,true,0.15906181764921198
naive,0.1,0.10644423082968632,0.00475110960055529,0.12038072409604483,0.4563907504235458,false,0.2883857372597953
naive,0.1,0.044409992569376076,0.221047924799184,-0.038530651311844064,0.2624723786113401,true,0.11197086364974802
naive,0.1,0.1369639976333119,0.005885858947942685,0.11611912876587613,0.460503527516094,true,0.2883113281409851
naive,0.1,0.10725819820577505,0.04769434852222502,0.034804835265611456,0.3763565324311908,true,0.20558068384840114
naive,0.1,0.11916007403175752,0.13749993278094882,-0.017739984030824302,0.347718815399921,true,0.16498941568454834
naive,0.1,0.07488478867047997,0.1365336428534858,-0.014443749728278749,0.2900868651189449,true,0.13782155769533305
naive,0.1,0.06160554654548742,0.08657640627488128,0.007199773813847232,0.35102680045999013,true,0.17911328713691868
naive,0.1,0.09510839207174066,0.011466859695236808,0.0799859260072649,0.37788507956181416,true,0.22893550278453953
naive,0.1,0.1305364643821195,0.001168401658237475,0.14449710535463092,0.44129048065613097,false,0.29289379300538093
naive,0.1,0.10186426502702607,0.012607275984547363,0.0769476159809736,0.37481646308227473,true,0.22588203953162417
naive,0.1,0.11964233124716213,0.003688141387679066,0.12290942289478601,0.4441122098639162,false,0.2835108163793511
naive,0.1,0.08949330761731868,0.003781273329658193,0.11361941501969644,0.41239980513342445,false,0.26300961007656043
naive,0.1,0.10867161506245245,0.2118470760693207,-0.04005809933070992,0.29242344739316467,true,0.12618267403122738
naive,0.1,0.11511307160868149,0.0013888997949787166,0.1601983127267687,0.49974310638707425,false,0.3299707095569215
naive,0.1,0.09027576257032198,0.610726036648534,-0.19721679168280334,0.1039987823073151,true,-0.04660900468774413
naive,0.1,0.10997794396118679,0.23930251325522225,-0.05036988782556012,0.30360257644499483,true,0.12661634430971735
naive,0.1,0.11172305905336771,0.000247125701302943,0.22450675852352595,0.5900649009456951,false,0.4072858297346105
naive,0.1,0.10924119731932014,0.08196709973163686,0.009341223581750213,0.3344180141604167,true,0.17187961887108347
naive,0.1,0.06150885300363178,0.45560701801738723,-0.08269062651901868,0.21998180937540898,true,0.06864559142819515
naive,0.1,0.09040750437845928,0.006476112742672378,0.11072212012675786,0.44867484858620044,false,0.27969848435647915
naive,0.1,0.10222559651363987,0.07811456397922997,0.011637194679257862,0.3391821044227088,true,0.17540964955098334
naive,0.1,0.10817861954554278,0.010954075691611413,0.09961518383718732,0.4640122809396618,true,0.28181373238842455
naive,0.1,0.1496408013767652,0.07289211835125531,0.01800817925466669,0.4165339609381851,true,0.2172710700964259
naive,0.1,0.08786447852153459,0.09689218750364716,0.0014888467931032934,0.3225120510818371,true,0.1620004489374702
naive,0.1,0.1266962868220324,0.0134860294441154,0.07088509256616365,0.353261755812218,true,0.21207342418919084
naive,0.1,0.14299646743365016,0.008271975310890531,0.1125134814079504,0.4841704984820592,true,0.29834198994500477
naive,0.1,0.07992094564213902,0.17201264197085353,-0.02598744206757783,0.28033520737223094,true,0.12717388265232657
naive,0.1,0.1042831419999935,0.0002442387803877294,0.1966810923586085,0.516455676390934,false,0.3565683843747713
naive,0.1,0.0948716251580303,0.12412727408426594,-0.010326638761935347,0.30664595752149076,true,0.1481596593797777
naive,0.1,0.09171035552052942,0.03689236053677182,0.039073988873060767,0.3298274242455742,true,0.18445070655931747
naive,0.1,0.0849293725932591,0.11083730759714665,-0.005061739381983371,0.32524485100907097,true,0.16009155581354378
naive,0.1,0.07126551838382089,0.18056635825955494,-0.029138355629263396,0.2842822005217508,true,0.1275719224462437
naive,0.1,0.10640734733803443,0.32466264109459386,-0.2998898957194418,0.07525623841855943,false,-0.1123168286504412
naive,0.1,0.1518787235267419,0.0013122635735133572,0.16024968593081967,0.4963656441613419,false,0.3283076650460808
naive,0.1,0.05567930183164521,0.11900087283993997,-0.3437705947074829,0.009214107765195823,false,-0.16727824347114353
naive,0.1,0.16487930619140564,0.013647516764965168,0.08148464111702083,0.4077686918002319,true,0.24462666645862635
naive,0.1,0.12499050485102196,0.022027681480273145,0.06276116964903583,0.3828451434309261,true,0.22280315653998098
naive,0.1,0.13260355888085412,0.28628972068395186,-0.06251160927386103,0.292932675317876,true,0.11521053302200747
naive,0.1,0.14817541155383324,0.1585271185141701,-0.020936851623969077,0.2723888052550893,true,0.1257259768155601
naive,0.1,0.08251294228553727,0.0140271907714265,0.0773626057564736,0.3908975881364902,true,0.23413009694648193
naive,0.1,0.07868516073042445,0.32123258159203244,-0.06735227103043835,0.27199618223500943,true,0.10232195560228553
naive,0.1,0.08757672979096565,0.011602968468037652,0.08071593938224214,0.38275144381510895,true,0.23173369159867555
naive,0.1,0.11301260777077342,0.02726784650825152,0.05312707207389164,0.363663544934292,true,0.20839530850409183
naive,0.1,0.1234516607982231,0.004152816938527818,0.11611486094765183,0.42884199374054227,true,0.27247842734409705
naive,0.1,0.06552128488849603,0.20308551225512078,-0.03533097092665355,0.2770746377614717,true,0.12087183341740906
naive,0.1,0.1225980447156501,0.006581145682951386,0.09909006870961976,0.4030390362871651,true,0.25106455249839243
naive,0.1,0.1055916317961252,0.027798031063274168,0.054551467424096306,0.37774186151863176,true,0.21614666447136402
naive,0.1,0.12583378304543513,0.012597442291010444,0.0849872390917629,0.4138707898292818,true,0.24942901446052235
naive,0.1,0.1451669604459911,0.06654311787541596,0.019970062023842827,0.3659300108452016,true,0.19295003643452222
naive,0.1,0.13503196305264045,0.027125243631716672,0.05143232823243146,0.3509723326248052,true,0.20120233042861832
naive,0.1,0.13223407285181943,0.06652540669486483,0.021413088830154497,0.3921386516060086,true,0.20677587021808153
naive,0.1,0.09800008032625267,0.04246689574197669,0.04157092205400831,0.39764937306364556,true,0.21961014755882693
naive,0.1,0.10071086965453409,0.1469612711450963,-0.019595949444244254,0.31183512641534855,true,0.14611958848555215
naive,0.1,0.12043934433321593,0.1429803085163146,-0.017368231506160847,0.29993055426445736,true,0.14128116137914826
naive,0.1,0.15259553270605133,0.2424519342165193,-0.04918274201324627,0.29074546988169836,true,0.12078136393422606
naive,0.1,0.10374993123843657,0.022525856831562312,0.06847067333297038,0.42234099211849685,true,0.24540583272573363
naive,0.1,0.07460247471281964,0.0668918019384237,0.021270695612329638,0.3943743974352155,true,0.20782254652377258
naive,0.1,0.08610195573932389,0.018177349593514483,0.07211392869389349,0.40292294612093144,true,0.23751843740741246
naive,0.1,0.08749480782509737,0.08261126383162987,0.008945958023453743,0.33278142336250915,true,0.17086369069298146
naive,0.1,0.08450442944166137,0.04429444237657599,0.03452842946283055,0.34450659440765097,true,0.18951751193524077
naive,0.1,0.0652744357812352,0.03599351272586282,0.04472596303219717,0.3701407039517065,true,0.20743333349195184
naive,0.1,0.10363125032406398,0.08910449792961417,0.004642860408422045,0.2809045909884032,true,0.14277372569841262
naive,0.1,0.10393800893083074,0.009219695440438585,0.09933923253636007,0.44012733907925056,true,0.2697332858078053
naive,0.1,0.09527328236278752,0.0014634211860335602,0.14058505658577236,0.4414877698100932,false,0.2910364131979328
naive,0.1,0.08837932662169724,0.06313908902671725,0.021936266674796423,0.36016677629583194,true,0.19105152148531418
naive,0.1,0.09422724683198011,0.0060149978958092985,0.10927348425194086,0.4354460836670758,false,0.27235978395950833
naive,0.1,0.08368925368909218,0.08708284805071555,0.006951213921606081,0.3527102910480965,true,0.17983075248485128
naive,0.1,0.10827126950089666,0.07606993985045864,0.013496341450834587,0.35739394151772186,true,0.18544514148427824
naive,0.1,0.08481949711803873,0.2877727656612292,-0.05694600258662469,0.26502878782291683,true,0.10404139261814607
naive,0.1,0.07314594126116394,0.08668536114193992,0.006596980088036636,0.32437151234626127,true,0.16548424621714894
naive,0.1,0.10557104948035523,0.004614020330973468,0.1162538285901947,0.4381846129198903,false,0.2772192207550425
naive,0.1,0.12102701801945136,0.04369525448912987,0.03340194932004173,0.32866722829977946,true,0.18103458880991058
naive,0.1,0.14913833345324914,0.09429106550921883,0.002693922380248376,0.3155099352245133,true,0.15910192880238086
naive,0.1,0.1310371617024139,0.01626993960311256,0.07467687350356178,0.39879480050251526,true,0.23673583700303852
naive,0.1,0.12485338570542917,0.018464545389119184,0.0745218708286661,0.41917258175356875,true,0.24684722629111744
naive,0.1,0.0878210873257945,0.0008747615444619063,-0.5324838247606553,-0.18022718443686037,false,-0.3563555045987578
naive,0.1,0.0849159518101335,0.0003787620181526136,0.19518915851152266,0.5314451411619945,false,0.36331714983675856
naive,0.1,0.10994264091013149,0.03746841294690341,0.042628534114417416,0.3644394673078641,true,0.20353400071114075
naive,0.1,0.11855750637863265,0.06056729969985062,0.02341625664492092,0.3557578920160813,true,0.18958707433050112
naive,0.1,0.06281868870858254,0.012175922334031248,0.09056242630218794,0.4361213557583774,false,0.26334189103028266
naive,0.1,0.09636350323640519,0.15519651618523234,-0.023786351865311223,0.3264202883096051,true,0.15131696822214694
naive,0.1,0.13455922851057592,0.03283992060611402,0.046602355516378896,0.35999966267712646,true,0.2033010090967527
naive,0.1,0.10036584092459172,0.028502002436189784,0.05597133224917192,0.3935426326759156,true,0.22475698246254378
naive,0.1,0.12049988150805548,0.25435033722927025,-0.05166332816206495,0.28488075551237957,true,0.11660871367515732
naive,0.1,0.11806161065301085,0.02626129330821072,0.058689399845308576,0.3930274703766729,true,0.22585843511099074
naive,0.1,0.09521388895765419,0.18154878583261178,-0.0266222464887768,0.25694191677648387,true,0.11515983514385354
naive,0.1,0.09729864081827268,0.19399740556051212,-0.03574214114852875,0.304078594335082,true,0.13416822659327662
naive,0.1,0.11554080315262966,0.00264880136937373,0.14038638238861154,0.4797303363422487,false,0.31005835936543014
naive,0.1,0.07477185160392816,0.0571627933706008,0.026777149394823258,0.36925554646940895,true,0.19801634793211612
naive,0.1,0.08020241579099882,0.24058231317884532,-0.04383212150378683,0.262105495142724,true,0.1091366868194686
naive,0.1,0.08826927593249467,0.28519834661206395,-0.059069473917745585,0.2782123728323671,true,0.10957144945731076
naive,0.1,0.08714955132970702,0.04703273449074085,0.03646230950538845,0.3880663924255652,true,0.21226435096547683
naive,0.1,0.08902878139211803,0.10552811712104987,-0.002612504541715882,0.32505067822583034,true,0.16121908684205724
naive,0.1,0.10497374526264928,0.021725508928880383,0.06214245896476814,0.3765158449056728,true,0.21932915193522048
naive,0.1,0.12104407367010071,0.3820411462297346,-0.07681493626670854,0.2510619406197255,true,0.08712350217650847
naive,0.1,0.09340653612784144,0.043458170609897914,0.03566712233722147,0.34903855091013664,true,0.19235283662367905
naive,0.1,0.06974851786707605,0.016268797650924583,0.06580182927522976,0.3513899803054266,true,0.2085959047903282
naive,0.1,0.04775026219147176,0.044048060965698334,0.03701024304737266,0.3671610512431649,true,0.20208564714526878
naive,0.1,0.09005824205719613,0.03636511002290582,0.046028340981286775,0.3840432863626489,true,0.21503581367196783
naive,0.1,0.138157585879377,0.005963625442178421,0.1073759306265511,0.4270687928668046,true,0.26722236174667785
naive,0.1,0.08385098064050545,0.03095532888134185,0.0454744773117986,0.3372057685459887,true,0.19134012292889366
naive,0.1,0.11487783455162441,0.00692913454455783,0.1070645119200134,0.44079433126152057,true,0.273929421590767
naive,0.1,0.12235578290721459,0.07748804535078203,0.013312613120366745,0.3764606662438538,true,0.19488663968211029
naive,0.1,0.10554901363456978,0.0014033324525443594,0.15517863704401724,0.48471747774725205,false,0.31994805739563464
naive,0.1,0.08933828997022425,0.18167025933290817,-0.028569746492980636,0.27537237053112706,true,0.12340131201907323
naive,0.1,0.1337580399301899,0.08960836655259123,0.005785992853612004,0.3675599689164536,true,0.18667298088503279
naive,0.1,0.1334518554439764,0.0015578658273758521,0.15083777034163895,0.47754479984593634,false,0.31419128509378763
naive,0.1,0.11801918786659449,0.2778097396467611,-0.05819732478395151,0.283925354911274,true,0.11286401506366125
naive,0.1,0.07947830084590361,0.008612769062197706,0.09383043855006892,0.4080990081526388,false,0.25096472335135384
naive,0.1,0.07783581423858779,0.07782125060671458,0.012127303852542293,0.3484659912553509,true,0.1802966475539466
naive,0.1,0.10676941991019472,0.045724717449698665,0.034780113728303835,0.3588397200656044,true,0.19680991689695412
naive,0.1,0.12516963887817953,0.08988361441524624,0.005172711750836667,0.33780094946321576,true,0.1714868306070262
naive,0.1,0.10027470046730835,0.15843951928280278,-0.025471728804219385,0.33183919639802045,true,0.15318373379690053
naive,0.1,0.08964306907840498,0.01075277043767373,0.09965637929085827,0.46159944989257273,false,0.2806279145917155
naive,0.1,0.14538045207948885,0.021829172447418315,0.060480087682942024,0.36729563270247456,true,0.2138878601927083
naive,0.1,0.11658565531312394,0.09155270874820828,0.004518044584412156,0.35498047401681954,true,0.17974925930061586
naive,0.1,0.06901004072892272,0.03677420442854105,0.045413624156283056,0.38234347770354493,true,0.213878550929914
naive,0.1,0.0803577635721374,0.005805356155981088,0.10238372566536455,0.4048038619704496,false,0.2535937938179071
naive,0.1,0.07454471428941961,0.09031930118582993,0.004621651515077568,0.3157801710907787,true,0.16020091130292813
naive,0.1,0.10987813108664199,0.05643502420981786,0.026385196200411992,0.3566632855487052,true,0.19152424087455858
naive,0.1,0.13560714772843782,0.06316870040190539,0.02176738371465667,0.35772232611278754,true,0.1897448549137221
naive,0.1,0.09218507638634334,0.11598341417768743,-0.006974809068761967,0.3073615345044421,true,0.15019336271784006
naive,0.1,0.09974709249143665,0.11664269058670267,-0.007646442168570217,0.3240717521569314,true,0.1582126549941806
naive,0.1,0.09332787409393366,0.02447963947796075,0.061536794151611035,0.396331552166426,true,0.2289341731590185
naive,0.1,0.07593072472332366,0.05697535088869484,0.023528088486585497,0.32278054632348707,true,0.17315431740503628
naive,0.1,0.10866797375461867,0.006761140452484961,0.10581411451563927,0.4331173351344094,true,0.26946572482502434
naive,0.1,0.18260126709983335,0.005159913814541478,0.12040545224551752,0.46423407955390567,true,0.2923197658997116
naive,0.1,0.08062461487738187,0.06000066281149716,0.022048863011949082,0.3294821416039835,true,0.17576550230796628
naive,0.1,0.14563384011875172,0.0009328617837179781,0.18043225674250435,0.5368927097298317,false,0.35866248323616806
naive,0.1,0.09575267840328462,0.04624184243573959,0.03668556691836594,0.3831568884884553,true,0.20992122770341062
naive,0.1,0.07493083225486792,0.01413757216825074,0.07999967774642727,0.4053515221165622,false,0.24267559993149473
naive,0.1,0.09615674992903579,0.1080255824174531,-0.003771567265659914,0.3251405718163644,true,0.16068450227535225
naive,0.1,0.055405734745907396,0.4235072023421278,-0.08457012500819099,0.2448676915832383,true,0.08014878328752366
naive,0.1,0.06919367162430255,0.09853258651790114,0.0006822217242770101,0.31430812002644304,true,0.15749517087536002
naive,0.1,0.11498289718200255,0.037715616934072785,0.04279349731687107,0.367857197140777,true,0.20532534722882406
naive,0.1,0.07925032780753856,0.15440680193392203,-0.023279174391255097,0.3236891926096978,true,0.15020500910922135
naive,0.1,0.1332567843466482,0.07164794500340883,0.015977909678907082,0.35185214934558295,true,0.183915029512245
naive,0.1,0.031478428897598325,0.023776925085872775,0.06320253884372604,0.4008076173238082,false,0.2320050780837671
naive,0.1,0.0797684845865177,0.06909466433229051,0.015906599007931538,0.31847420694739215,true,0.16719040297766183
naive,0.1,0.08937619713662806,0.2668660557289997,-0.05288181458351045,0.272564480676508,true,0.10984133304649878
naive,0.1,0.11031670568232751,0.04512235047776401,0.03618820691810909,0.3681156999442698,true,0.20215195343118944
naive,0.1,0.1429803111947896,0.0029953875226658676,0.1266257278679122,0.4414020859519589,true,0.28401390690993555
naive,0.1,0.09498954958197516,0.07942738596355484,0.009174140185748608,0.28563957551363617,true,0.1474068578496924
naive,0.1,0.1069805926495923,0.033804960910855865,0.04994734258666558,0.39402996972747617,true,0.2219886561570709
naive,0.1,0.1082745360131134,0.0035730151124679097,0.11541159342991256,0.414662931833399,false,0.2650372626316558
naive,0.1,0.1005633430404933,0.035651430934344364,0.045918955513926024,0.37717097029462954,true,0.2115449629042778
naive,0.1,0.09866400877165513,0.018054373269043043,0.06399058100911922,0.3565091871420508,true,0.210249884075585
naive,0.1,0.08621726186643654,0.11222924833833586,-0.0053554329356012564,0.30590716937525775,true,0.15027586821982825
naive,0.1,0.1275510364608958,0.30309648109763,-0.06258186589460252,0.27215529994008886,true,0.10478671702274317
naive,0.1,0.0810034955341619,0.009237295857913972,0.10399059437178185,0.4609788035455469,false,0.28248469895866435
naive,0.1,0.1004718490940543,0.3412277912727988,-0.0673843084725158,0.2524410595846652,true,0.0925283755560747
naive,0.1,0.1024523552386975,0.017302614862291087,0.07062054258347156,0.3865487741696656,true,0.22858465837656858
naive,0.1,0.051127040644306704,0.14820168614653131,-0.018321772598706404,0.2846489263258194,true,0.1331635768635565
naive,0.1,0.07987012633411583,0.14002385241621684,-0.016575646291331708,0.305792471208972,true,0.14460841245882014
naive,0.1,0.09930955393159346,0.07927491690234367,0.010908675033417803,0.33698478789715197,true,0.1739467314652849
naive,0.1,0.1182558940951667,0.04952676174653835,0.029191347083831365,0.3300637812186747,true,0.17962756415125303
naive,0.1,0.09903841825493206,0.08604328161396978,0.0072697496940787865,0.34037299154899114,true,0.17382137062153497
naive,0.1,0.11017578231567582,0.11094554484591079,-0.33623456192215995,0.005283735884026447,false,-0.16547541301906674
naive,0.1,0.07296478529125595,0.08427811201238718,0.00805205793155489,0.3329429928981658,true,0.17049752541486035
naive,0.1,0.08513979699675406,0.03817381048710768,0.045010137389847577,0.39086350433120387,true,0.21793682086052574
naive,0.1,0.09229757727789044,0.21043389526817413,-0.04174376168840874,0.3081457043605178,true,0.13320097133605452
naive,0.1,0.10868159710422211,0.05409446143186684,0.029615796466768013,0.3760538284116903,true,0.20283481243922916
naive,0.1,0.0884747950604412,0.16761632633007478,-0.026158195225102654,0.2986306238905739,true,0.1362362143327356
naive,0.1,0.09138928329870899,0.007667764943336491,0.09356124178681535,0.394870420707837,false,0.24421583124732618
naive,0.1,0.0940720225264786,0.003733874007576339,0.1153270242706651,0.41764172717737524,false,0.2664843757240202
naive,0.1,0.1198639481605613,0.059325700046846404,0.021924838356559756,0.32130562391086714,true,0.17161523113371344
naive,0.1,0.07459971485629657,0.03501849407311146,0.049912347437038956,0.40432688154398333,true,0.22711961449051113
naive,0.1,0.0885142013495218,0.013188191887586237,0.08132270148879225,0.4021792016014951,true,0.2417509515451437
naive,0.1,0.08115018094437648,0.08439771215341116,0.008208923012412578,0.3421523532435392,true,0.17518063812797588
naive,0.1,0.10762601140726773,0.049714666919959176,0.03094259710941122,0.3514897889530738,true,0.19121619303124252
naive,0.1,0.10831476499505309,0.014628325647493523,0.07336861370724962,0.3763584453663903,true,0.22486352953681996
naive,0.1,0.1323345361641844,0.12193133443593315,-0.010020499042730807,0.32588611072523355,true,0.15793280584125138
naive,0.1,0.06998921364420069,0.043725370490297025,0.03638553615304574,0.3582745523953229,true,0.19733004427418432
naive,0.1,0.11093395209645172,0.04811750394642517,0.03283443926177168,0.3586976405571155,true,0.1957660399094436
naive,0.1,0.1161726555980174,0.013571341433675601,0.08565650643079015,0.4278111081275394,true,0.2567338072791648
naive,0.1,0.08375649822539372,0.04863574048340634,0.03496799542577969,0.38684414246922305,true,0.21090606894750139
naive,0.1,0.09854774817789821,0.16617152617453343,-0.023574004103521923,0.27442288912324486,true,0.12542444250986148
naive,0.1,0.11404032421899171,0.03258502071133612,0.04687820962316086,0.36012977560974047,true,0.20350399261645066
naive,0.1,0.09641060499805304,0.05556113955405092,0.028221992367402415,0.3725809732936938,true,0.2004014828305481
naive,0.1,0.09085381955263311,0.2097054417661008,-0.03824189254654144,0.2839393554315952,true,0.12284873144252688
naive,0.1,0.08386175766574255,0.004922287205876876,0.11764268812924356,0.44920761932560144,false,0.2834251537274225
naive,0.1,0.13221979463723915,0.056952260824167954,0.026142222379586272,0.3584161214387429,true,0.1922791719091646
naive,0.1,0.09622038742698188,0.03615239559685803,0.040842872476285014,0.3391873091155808,true,0.1900150907959329
naive,0.1,0.1319576329882585,0.05083234529411622,0.03019295428869237,0.3526393028971382,true,0.1914161285929153
naive,0.1,0.0964355938464392,0.2489673984741004,-0.0503261202363809,0.28617940718737495,true,0.11792664347549701
naive,0.1,0.08814430156871761,0.009776224223947213,0.09577568468140227,0.43139212779573777,false,0.26358390623857003
naive,0.1,0.07165258321406599,0.5585256117923662,-0.10167210757139603,0.2139203822132025,true,0.056124137320903246
naive,0.1,0.09768598562725388,0.12100741519829716,-0.009725260153556792,0.3295649427463523,true,0.15991984129639775
naive,0.1,0.11383256454480292,0.05588606192938328,0.026760673981763294,0.3563932286029346,true,0.19157695129234895
naive,0.1,0.11721371373073258,0.19244689944849927,-0.03466112337812552,0.29925382954644064,true,0.13229635308415758
naive,0.1,0.13913405844524163,0.1049989443126966,-0.002346497421412186,0.3224512161140336,true,0.1600523593463107
naive,0.1,0.11996677311778173,0.028745454979966206,0.05594520761294011,0.39544205669420474,true,0.22569363215357244
naive,0.1,0.09134673575152483,0.08455712906020853,0.008066220735357038,0.3398353658661758,true,0.17395079330076643
naive,0.1,0.10936368785328004,0.07511707087013529,0.013791639830015717,0.3501301275291119,true,0.1819608836795638
naive,0.1,0.07978800204895917,0.26900926763392613,-0.06363820672916035,0.3244034830672524,true,0.13038263816904602
naive,0.1,0.05648836419818042,0.16504358608397943,-0.025375339809838388,0.30001359872801747,true,0.13731912945908953
naive,0.1,0.11563608365512422,0.012598997501800331,0.08810106737922438,0.42905207719540195,true,0.2585765722873132
naive,0.1,0.10663688908486875,0.01583828754011156,-0.3981207510045282,-0.07533357325634304,false,-0.23672716213043563
naive,0.1,0.12301633964276172,0.042766298303152796,0.03992147470433377,0.38450052327145007,true,0.21221099898789192
naive,0.1,0.08331191054870551,0.0001630964039856262,0.19363523003879507,0.4933482025024894,false,0.34349171627064223
naive,0.1,0.08734464927593213,0.28011033126079804,-0.058579503822197176,0.2826307038913426,true,0.11202560003457271
naive,0.1,0.14658956732097225,0.000060408523782895564,0.24120011883321077,0.5765164816296149,false,0.40885830023141284
naive,0.1,0.09440069795289198,0.1658306639961583,-0.027955452668357778,0.32694751835025093,true,0.14949603284094656
naive,0.1,0.07146874467139087,0.015712681678624715,0.07785592132938415,0.4101950480170269,false,0.2440254846732055
naive,0.1,0.09064009080229087,0.020417572609527083,0.06708810709814386,0.39466729163313374,true,0.2308776993656388
naive,0.1,0.09528828378238612,0.02258043342685701,0.06391634015575534,0.394728189442608,true,0.2293222647991817
naive,0.1,0.143394844362078,0.11795578707845901,-0.007223868270269801,0.2845719708623706,true,0.13867405129605043
naive,0.1,0.10304719408859173,0.3719733030271817,-0.08253318400202041,0.27848354005688336,true,0.09797517802743148
naive,0.1,0.09046926022374925,0.07274492031825987,0.01673711141300277,0.38485021920649964,true,0.2007936653097512
naive,0.1,0.0744465091002706,0.17010595976816767,-0.025467434451875937,0.28143150087666013,true,0.1279820332123921
naive,0.1,0.08652637171644015,0.006110841422153626,0.1069332132967869,0.42763018595745034,false,0.2672816996271186
naive,0.1,0.07877614133999589,0.005385594235786191,0.10517778449987028,0.4091798744075753,false,0.2571788294537228
naive,0.1,0.08275949507065056,0.0720725737130958,0.016226511893587203,0.3632906704521758,true,0.1897585911728815
naive,0.1,0.10688630027741965,0.012101157998347807,0.0870365888765007,0.41830576124328767,true,0.25267117505989417
naive,0.1,0.11708251304281092,0.03853732136641761,0.04419753565755158,0.3869210544731647,true,0.21555929506535815
naive,0.1,0.08283861593692252,0.02446734443048053,0.06216855213225486,0.4002922149922307,true,0.2312303835622428
naive,0.1,0.05094674363815831,0.15580842795137767,-0.021261566654551395,0.2888539342287276,true,0.13379618378708813
naive,0.1,0.0778509818574414,0.16100762667313795,-0.2891618501209361,0.023079736216066654,false,-0.13304105695243473
naive,0.1,0.10458588930416968,0.005877321358911065,0.11646028235961156,0.4617086138465585,false,0.28908444810308503
naive,0.1,0.08368214094536809,0.1611442291025698,-0.025763243976380273,0.3221290554575511,true,0.14818290574058543
naive,0.1,0.110479661243615,0.001170682188107719,0.16655248604609574,0.508765654840197,false,0.33765907044314636
naive,0.1,0.14054530445435906,0.06622449141766248,-0.3486650214410614,-0.019231753457990164,false,-0.18394838744952577
naive,0.1,0.0821711128668836,0.021266484573483315,0.0632297974843137,0.3791748769297829,true,0.22120233720704832
naive,0.1,0.06702688092540658,0.19775714645033513,-0.040675732630678446,0.33426569228657843,true,0.14679497982794998
naive,0.1,0.12185004527480525,0.0878821777923142,0.005727100111574401,0.3104759677190513,true,0.15810153391531284
naive,0.1,0.07575419705990298,0.025712788874840495,0.054850490013289704,0.3629462854998524,true,0.20889838775657105
naive,0.1,0.14108033648523327,0.004785058459559052,0.12555045722503552,0.4766705883341106,true,0.30111052277957306
naive,0.1,0.09062598760822665,0.20842939516286907,-0.036271548659456795,0.2720897482809674,true,0.1179090998107553
naive,0.1,0.0714942362231366,0.1755701273916636,-0.03179992905781062,0.3285197535251291,true,0.14835991223365924
naive,0.1,0.09781245828294438,0.02237316430533618,0.0672141088544958,0.413182365478888,true,0.2401982371666919
naive,0.1,0.08101750619050875,0.03254215168656157,0.04425022781090643,0.3396244662497389,true,0.19193734703032267
naive,0.1,0.07136735543532712,0.34810756342961463,-0.07144027352753408,0.26116913482929394,true,0.09486443065087992
naive,0.1,0.06643730922087998,0.1923207614590486,-0.0336052931748147,0.29048902265205334,true,0.12844186473861932
naive,0.1,0.11750223191146035,0.08167925452151709,0.009574756853152955,0.33709691433756617,true,0.17333583559535956
naive,0.1,0.17510463795267672,0.11404739146664124,-0.0069539849120648645,0.3472061729427631,true,0.17012609401534914
naive,0.1,0.05935572087379584,0.14433741544366757,-0.018143169382549007,0.30443722920076743,true,0.1431470299091092
naive,0.1,0.10284880092667877,0.23937041464759365,-0.04931056809973623,0.2970917324912043,true,0.12389058219573403
naive,0.1,0.06686255296032535,0.13316893038558802,-0.014818144270586253,0.3257588736199631,true,0.15547036467468842
naive,0.1,0.06606974918450485,0.0851863923850226,0.008149459664074377,0.358591196615267,true,0.1833703281396707
naive,0.1,0.04176042470823671,0.12152409909261436,-0.009709675173574295,0.3214819616532789,true,0.1558861432398523
naive,0.1,0.12315247206971679,0.001152501100395969,0.17411221338341046,0.530865941728931,false,0.3524890775561707
naive,0.1,0.09025546131868166,0.09873511106433819,0.0006171771364938683,0.3300380986513124,true,0.16532763789390312
naive,0.1,0.1104233602187256,0.004859599704679377,0.12886250458597057,0.49077196510649745,false,0.309817234846234
naive,0.1,0.12425402025634094,0.1259125957594765,-0.01252123133598873,0.34743839031790136,true,0.16745857949095633
naive,0.1,0.09673981645877096,0.002617184238348778,0.1403694822514702,0.47876509947855905,false,0.3095672908650146
naive,0.1,0.0907326319520519,0.01308721729495662,0.08940441093731863,0.440991477865892,true,0.2651979444016053
naive,0.1,0.10027715193473774,0.0009814502835802676,0.15421700429515758,0.4615144408983515,false,0.30786572259675454
naive,0.1,0.08043926998178086,0.10047772115942843,-0.00026822250735095143,0.381449456416294,true,0.19059061695447152
naive,0.1,0.11550523483793194,0.03713348220399426,0.04767732080351217,0.4045963290268168,true,0.22613682491516449
naive,0.1,0.11372411256686267,0.15281982675491054,-0.02144528571345264,0.30636541998680833,true,0.14246006713667783
naive,0.1,0.0987535180716224,0.06571149392448519,0.020321783997893583,0.3622217026295829,true,0.19127174331373825
naive,0.1,0.10074506330108188,0.12028990579581199,-0.008635949631561585,0.30254782773561884,true,0.14695593905202864
naive,0.1,0.11388270354270505,0.040279102716998194,0.04063186004904973,0.3698432531626524,true,0.20523755660585105
naive,0.1,0.12452443542430403,0.11194843945457358,-0.005314109467473904,0.3104849801272896,true,0.15258543532990784
naive,0.1,0.05777541150239424,0.022408048934355163,0.0661774871533789,0.4071264050770148,false,0.23665194611519685
naive,0.1,0.15348832950072802,0.3273373846208214,-0.05922401143022424,0.2335932900319029,true,0.08718463930083933
naive,0.1,0.12851543145675498,0.007009190875284151,0.10417402949019985,0.43007472002744285,true,0.26712437475882134
naive,0.1,0.07405471824870834,0.058836745310668015,0.023617011729746062,0.3413051520355363,true,0.18246108188264118
naive,0.1,0.10140157575270332,0.021237809466465567,0.06287646148152512,0.376812711965373,true,0.2198445867234491
naive,0.1,0.06600217996746419,0.07521491082705323,0.013819550922840013,0.35233751695477367,true,0.18307853393880685
naive,0.1,0.10867536695145948,0.03306941024641857,0.046386009485173824,0.36012120797300606,true,0.20325360872908996
naive,0.1,0.09540036992196413,0.3565023845110908,-0.07645157300826105,0.2715037486139536,true,0.09752608780284627
naive,0.1,0.10735026946706809,0.08243048140803853,0.009228943171663617,0.33958991194474675,true,0.17440942755820518
naive,0.1,0.11691084200825519,0.016616257296845044,0.07283191970125916,0.3921919244924087,true,0.2325119220968339
naive,0.1,0.09492074350242358,0.04375866107907713,0.03908430846359712,0.3851449451120022,true,0.21211462678779966
naive,0.1,0.1358332977209374,0.3686001812792659,-0.07385442588676483,0.25193542310575995,true,0.08904049860949756
naive,0.1,0.08739605235779982,0.0024592545693344027,0.1408482302814554,0.47576978388532176,false,0.3083090070833886
naive,0.1,0.056075578588734874,0.007795060038070436,0.10763540650478426,0.4561596908564413,false,0.2818975486806128
naive,0.1,0.11349065210782996,0.13163493088387176,-0.014524288694552218,0.3338132232385066,true,0.1596444672719772
naive,0.1,0.14071688013284533,0.07230100544420887,0.015501777316709792,0.35020129858044646,true,0.1828515379485781
naive,0.1,0.11739725256858612,0.00038310090679915095,0.19938771774158762,0.5434164555220542,false,0.3714020866318209
naive,0.1,0.10493122950021196,0.0763197953623278,0.013349773704370876,0.35753396740762844,true,0.18544187055599967
naive,0.1,0.08480761134906084,0.13917780782583922,-0.016832448161689773,0.3167570881662863,true,0.14996232000229825
naive,0.1,0.07944648899333218,0.07210033091474774,0.016030930188358244,0.35930317790449184,true,0.18766705404642503
naive,0.1,0.08448511383523964,0.08863772033776116,0.006148165019199209,0.3562287886030806,true,0.18118847681113992
naive,0.1,0.10103100790494016,0.1365257383643136,-0.015401899280197112,0.3093927179306345,true,0.1469954093252187
naive,0.1,0.12952286558200066,0.02716471374890734,0.05421340757572851,0.37026812897466876,true,0.21224076827519864
naive,0.1,0.08588710007789954,0.16511998657147864,-0.02433365581449945,0.2873927881152192,true,0.13152956615035985
naive,0.1,0.07455363791222579,0.017199485697853362,0.07940864095899322,0.43359077006195,false,0.25649970551047163
naive,0.1,0.04363478976512886,0.08572651264524656,0.006508192835035398,0.2976792271327068,true,0.1520937099838711
naive,0.1,0.04472115344194541,0.19642806918882574,-0.0346723377262734,0.2883955754708224,true,0.12686161887227448
naive,0.1,0.0989671704623811,0.041335406992556355,0.03800071601135535,0.3542477144394555,true,0.19612421522540543
naive,0.1,0.12662793551426219,0.01025427211910387,0.09646721776351191,0.44055846961646744,true,0.2685128436899897
naive,0.1,0.10423193211531581,0.009866536684293017,0.09600105624539806,0.4335482781616619,true,0.26477466720353
naive,0.1,0.10544324774378037,0.031164804069446106,0.052764197935501106,0.39304237590463376,true,0.22290328692006742
naive,0.1,0.13932456410217456,0.12825831520555248,-0.010949353153295122,0.2798934060521664,true,0.13447202644943565
naive,0.1,0.1295882130047962,0.6438960727466554,-0.12882766874265628,0.2295411833481903,true,0.050356757302767015
naive,0.1,0.08278934923480173,0.23377644952931415,-0.040767043108911646,0.2545247172920726,true,0.10687883709158048
naive,0.1,0.05241474229186621,0.02212370750280623,0.06363104226088848,0.38898513583784333,false,0.2263080890493659
naive,0.1,0.05319921054658609,0.025082349899367903,0.06650236634103615,0.43401662534815655,false,0.25025949584459634
naive,0.1,0.10139436732263508,0.007782993194317562,0.1057950948870304,0.44818464730821983,false,0.27698987109762513
naive,0.1,0.1258662782133726,0.012290020264697141,0.08869156851855889,0.4284116348574406,true,0.25855160168799973
naive,0.1,0.0692626804080847,0.01571799163689736,0.07623868356671137,0.40172636972231934,false,0.23898252664451536
naive,0.1,0.08945311845718945,0.04490615346710202,0.03661326097541315,0.37055830298012293,true,0.20358578197776805
naive,0.1,0.12093522875076186,0.5869625039369982,-0.12225667475386959,0.24283481940679263,true,0.06028907232646153
naive,0.1,0.11650636302063513,0.10714012412180646,-0.0034422070630972246,0.3328573838176693,true,0.16470758837728602
naive,0.1,0.08870544041824312,0.20770202259077566,-0.03949579283117047,0.29803263402613667,true,0.12926842059748309
naive,0.1,0.10797175549988704,0.11863596160614633,-0.00803116965420253,0.30526779256728154,true,0.1486183114565395
naive,0.1,0.15533610474713885,0.13230763444280327,-0.014929895172472646,0.336419274048968,true,0.16074468943824768
naive,0.1,0.06739405754855347,0.10175325405079465,-0.000784132369921503,0.3048161651863339,true,0.15201601640820622
naive,0.1,0.09791732363172204,0.03491311382751399,0.048302095390286404,0.3903816754418903,true,0.21934188541608834
naive,0.1,0.1224222092868368,0.033638855157978036,0.046863942925461255,0.36836967472888554,true,0.2076168088271734
naive,0.1,0.07963402985519719,0.09727839281995221,0.0013684094633559796,0.3388249347341066,true,0.17009667209873128
naive,0.1,0.10244613691901464,0.01888131544822221,0.07562483846879184,0.4295070865398757,true,0.2525659625043338
naive,0.1,0.13735587648093406,0.0009098641758856598,0.1528386633010963,0.45352496319279156,false,0.30318181324694393
naive,0.1,0.07390687430762445,0.14700191201465934,-0.318982790557244,0.020061084326690654,false,-0.14946085311527665
naive,0.1,0.11355524988878059,0.15544633723040047,-0.022266207190819065,0.3043033974503697,true,0.14101859512977533
naive,0.1,0.09380470879454228,0.06311038910862506,0.021313054757966132,0.34962322610226954,true,0.18546814043011783
naive,0.1,0.08555321263731604,0.14102538044209612,-0.017883713013580632,0.32244183687749717,true,0.15227906193195828
naive,0.1,0.06264881196711349,0.16342371701169991,-0.025372554219597665,0.3068990857052586,true,0.14076326574283046
naive,0.1,0.09530607571059858,0.22636375461769856,-0.04375973213709454,0.2871183696163407,true,0.12167931873962308
naive,0.1,0.1065812741658426,0.05674200417408794,0.029464478221433166,0.4016414389788294,true,0.2155529586001313
naive,0.1,0.08841253246406262,0.2096812004746364,-0.03587401458824946,0.26640993271986035,true,0.11526795906580545
naive,0.1,0.11605579282937052,0.03869946145074435,0.04465192825402592,0.39231267524953223,true,0.21848230175177907
naive,0.1,0.10383684127778581,0.08865125864949272,0.0061141727995085715,0.3546954352214652,true,0.18040480401048686
naive,0.1,0.1013109056178233,0.027960418615594177,0.05120951023131626,0.35585337779148474,true,0.2035314440114005
naive,0.1,0.1271839606974159,0.018217200604921213,0.081040706730682,0.45322103290313676,true,0.26713086981690937
naive,0.1,0.11091565783499234,0.0022516674521550926,0.1440644856106955,0.4801838848953677,false,0.3121241852530316
naive,0.1,0.07326383416598635,0.04196553549922179,0.04143154992580744,0.3918038401382588,true,0.21661769503203313
naive,0.1,0.08941832281799782,0.00738972571028727,0.11169126837686039,0.4670761236273183,false,0.28938369600208935
naive,0.1,0.09653399353859304,0.07084106068865022,0.016605128407485265,0.35455093928331627,true,0.18557803384540075
naive,0.1,0.11401885019304611,0.05086064426272053,0.02814431556103064,0.3289452876657954,true,0.17854480161341302
naive,0.1,0.13919601863231867,0.014266359238255519,0.08154281106127878,0.414513598893017,true,0.24802820497714786
naive,0.1,0.07726571849570153,0.23909607569422156,-0.04421073350482299,0.2668221552108311,true,0.11130571085300403
naive,0.1,0.12115859389375724,0.09481779007224643,0.0024391202403606926,0.31514366482163253,true,0.1587913925309966
naive,0.1,0.08720673434057864,0.08358369790346072,0.00914775731877937,0.3615005918768737,true,0.18532417459782655
naive,0.1,0.1334653758501143,0.07396635249534007,0.014132494875385704,0.3416135554374228,true,0.17787302515640424
naive,0.1,0.09391878401958395,0.015421757925796505,0.08036828038032204,0.4204319508554024,true,0.25040011561786224
naive,0.1,0.1179074121112171,0.0650304378861758,0.019344354245699247,0.33722043796421575,true,0.1782823961049575
naive,0.1,0.10323987292378142,0.057047032337490505,0.025487271872670886,0.3503487525271356,true,0.18791801219990323
naive,0.1,0.09953275906646782,0.1664954001951777,-0.025583873256976225,0.2965103394898779,true,0.13546323311645084
naive,0.1,0.12295297862548285,0.0070617314154569535,0.10541476768211328,0.43597921067101447,true,0.2706969891765639
naive,0.1,0.11043823773228721,0.1915187454538578,-0.034856898760100785,0.3036451628128166,true,0.13439413202635792
naive,0.1,0.09696550307737395,0.2697878467888493,-0.05808705198795164,0.294930790953991,true,0.11842186948301969
naive,0.1,0.11251804283169353,0.0005861509329110123,0.16498502112765515,0.4676762365941073,false,0.3163306288608812
naive,0.1,0.1191510016481099,0.004338705293268665,0.10903891442975111,0.40608646237654533,true,0.2575626884031482
naive,0.1,0.10295129288423047,0.29976503747412325,-0.060128288567589436,0.26525283268281097,true,0.10256227205761077
naive,0.1,0.06757915724057131,0.12615131065266627,-0.011785792792902317,0.32420016280434494,true,0.1562071850057213
naive,0.1,0.09056489168584354,0.0024145660981704205,0.13698794633742958,0.4614316416743387,false,0.29920979400588416
naive,0.1,0.09533730732913502,0.09476389066708572,0.0023098944767098173,0.2953328852070259,true,0.14882138984186785
naive,0.1,0.07484586764698747,0.25877857511773783,-0.051069826615632766,0.27479182847886147,true,0.11186100093161434
naive,0.1,0.07872813301993395,0.018060261657267707,0.07282107488574366,0.40576218902037053,true,0.23929163195305708
naive,0.1,0.10848350698530539,0.00614125006452076,0.09642911094045237,0.38605450063737345,true,0.2412418057889129
naive,0.1,0.10397187263844496,0.045724408113382006,0.03597111067311062,0.3711249824530397,true,0.20354804656307518
naive,0.1,0.10938033856706574,0.003968452097958729,0.12835370547890237,0.47003068362040223,false,0.2991921945496523
naive,0.1,0.12279575466568235,0.612605262032001,-0.10502606460279135,0.198449010618666,true,0.04671147300793732
naive,0.1,0.08930294056793289,0.006145998869042071,0.1053544098611689,0.4218603988575103,false,0.2636074043593396
naive,0.1,0.09102563857041389,0.02958513271567723,0.055023820760062986,0.39607566914805725,true,0.22554974495406013
naive,0.1,0.14937376934309585,0.00393905264604857,0.13183640933224922,0.482120181870837,true,0.3069782956015431
naive,0.1,0.05397072691348943,0.16008515342190924,-0.02248226116172164,0.2855968426655588,true,0.13155729075191858
naive,0.1,0.12754401570243243,0.0021455909775390187,0.1432043839478684,0.47392909730347466,false,0.3085667406256715
naive,0.1,0.11071325909037526,0.007180466001122635,0.10942226238148958,0.4543826549769403,true,0.28190245867921493
naive,0.1,0.09069221255170694,0.012042485263188662,0.08426130031137927,0.40433191382748557,true,0.24429660706943243
naive,0.1,0.10638052686499593,0.02165254575951111,0.06530101387013496,0.39500659594350396,true,0.23015380490681947
naive,0.1,0.1184697846742387,0.009602501476036791,0.10665078650515203,0.47793212980859334,true,0.2922914581568727
naive,0.1,0.07756874151900882,0.052158064114827436,0.029830502849291868,0.36027651902278035,true,0.1950535109360361
naive,0.1,0.05554075187236869,0.0037267431157087536,0.13138458698593322,0.47562773244144807,false,0.30350615971369066
naive,0.1,0.09109364681934405,0.12730798799772056,-0.012938122434007188,0.3416039273158318,true,0.16433290244091228
naive,0.1,0.0771081946989256,0.12788484546776782,-0.012071267965715143,0.31247686732102675,true,0.1502027996776558
naive,0.1,0.0876181422508145,0.16329266232733383,-0.02529515949080044,0.3065361182710643,true,0.14062047939013195
naive,0.1,0.12897922198616474,0.020361832133029518,0.06856492464530245,0.4028449683784656,true,0.23570494651188403
naive,0.1,0.12259945491014586,0.05339351097554233,0.028875963532786847,0.36001256099831414,true,0.1944442622655505
naive,0.1,0.1389905936886799,0.04543958722385157,0.035519836271853206,0.3640186740623953,true,0.19976925516712427
naive,0.1,0.09849434465849155,0.21495824115709997,-0.0422929252762369,0.3014048294272112,true,0.12955595207548715
naive,0.1,0.087424941615455,0.026493787661591307,0.06015196361578132,0.40486917301729963,true,0.2325105683165405
naive,0.1,0.1504717354110026,0.16256025747605174,-0.024404452471351284,0.2988745149176999,true,0.13723503122317432
naive,0.1,0.12630074853929069,0.013078833549274135,0.08278554048935546,0.4082547313734334,true,0.2455201359313944
naive,0.1,0.10605284747143721,0.20130372009490644,-0.035416944877763756,0.2820461867932312,true,0.12331462095773371
naive,0.1,0.12488679144943879,0.008111809398012185,0.09322427514275583,0.39913194909206834,true,0.24617811211741208
naive,0.1,0.0876542073312268,0.03685914756318962,0.04431536969643082,0.3737965344355918,true,0.2090559520660113
naive,0.1,0.09320876357605633,0.015049320129631335,0.07313999430045262,0.3791275791820887,true,0.22613378674127066
naive,0.1,0.10986006038262501,0.03240820573653071,0.042616232845233,0.32613294809217297,true,0.18437459046870297
naive,0.1,0.08531081835039755,0.36729914955461046,-0.08393841686814953,0.28755256001627416,true,0.10180707157406231
naive,0.1,0.04876796604392212,0.005250581543960997,0.12504649322315445,0.48388257170058724,false,0.30446453246187083
naive,0.1,0.09725044040409989,0.0029383742531623037,0.13050673363561244,0.45349045884744615,false,0.2919985962415293
naive,0.1,0.06363658343091871,0.04242110146350493,0.03944901128650094,0.3769568775193296,true,0.20820294440291529
naive,0.1,0.08358052048061149,0.2291171417829648,-0.04648213530639267,0.2993038973678326,true,0.12641088103071996
naive,0.1,0.10354275634581028,0.00008001356018084202,0.22000999824539366,0.5347595740802781,false,0.3773847861628359
naive,0.1,0.09140043169115951,0.08553476100816655,0.007024566230996704,0.31686103859985515,true,0.1619428024154259
naive,0.1,0.12321504272292026,0.010638975946157075,0.10482925743560978,0.48400824540768617,true,0.294418751421648
naive,0.1,0.08101214252870513,0.010811577363924227,0.09561552963227965,0.44361321167005224,false,0.26961437065116595
naive,0.1,0.08361322105367539,0.025701062224595447,0.050796277207369955,0.33603337034311354,true,0.19341482377524175
naive,0.1,0.12257384954278877,0.03335945984099765,0.04568139392171108,0.3568963558394317,true,0.2012888748805714
naive,0.1,0.10456084301451947,0.006675370421211959,0.11298237116664431,0.4610726495437668,false,0.2870275103552056
naive,0.1,0.1149896749360846,0.004756934552410152,0.10892595047828235,0.4130644571191282,true,0.2609952037987053
naive,0.1,0.06507641327746795,0.11232096843757737,-0.005798160222418358,0.32879817648209214,true,0.1615000081298369
naive,0.1,0.07609797602056942,0.01018682432179018,0.08535439447668763,0.389053826406129,false,0.23720411044140832
naive,0.1,0.09754431142721683,0.0712269195813094,0.014619488194686475,0.3167651115498691,true,0.1656922998722778
naive,0.1,0.08282964500814352,0.1041045610592557,-0.002032506917630156,0.3394324264637063,true,0.16869995977303806
naive,0.1,0.11229719484667666,0.3451382093189901,-0.2782926494688537,0.07533089324811297,false,-0.10148087811037036
naive,0.1,0.08034604937138011,0.05390449926307336,0.027272723585631486,0.3445827459051335,true,0.1859277347453825
naive,0.1,0.0948606538169407,0.22303919902715708,-0.03851270395288467,0.25863845202713864,true,0.11006287403712697
naive,0.1,0.07784785679988213,0.0040057889795384145,0.1434212791934404,0.5261225830351978,false,0.3347719311143191
naive,0.1,0.09376010389156322,0.09322106706535745,0.003286774760048239,0.32325676022647387,true,0.16327176749326106
naive,0.1,0.06991713266503374,0.11180316658494266,-0.00567301053870628,0.33542432287305485,true,0.16487565616717428
naive,0.1,0.11818428843589814,0.0946260004001613,0.002536699290027422,0.3158936995176597,true,0.15921519940384357
naive,0.1,0.11392528530569712,0.03224028480486326,0.05280390708228366,0.40262589538648363,true,0.22771490123438365
naive,0.1,0.07606799787564882,0.13380585930046016,-0.015093859433431972,0.3259569227252652,true,0.15543153164591664
naive,0.1,0.11707949362804909,0.06873405002589063,0.019963880231266357,0.39458724580183224,true,0.20727556301654929
naive,0.1,0.06661179696192578,0.0535230587966576,0.028570231862817458,0.35740209207650586,true,0.19298616196966167
naive,0.1,0.10588935613178355,0.1279091098359825,-0.011019965716197982,0.28502839201275487,true,0.13700421314827846
naive,0.1,0.073471329631672,0.11726178913447498,-0.008703395682376575,0.3561113829081213,true,0.17370399361287236
naive,0.1,0.0893838055657346,0.2873200710091964,-0.05337275572879903,0.24891768603567044,true,0.0977724651534357
naive,0.1,0.0978325487576537,0.019345100023581547,0.07577520747137728,0.43498666137248704,true,0.25538093442193216
naive,0.1,0.12379573839869905,0.021182130057125166,0.07073307777720209,0.4233655358954237,true,0.24704930683631288
naive,0.1,0.07742464190412764,0.023220110308306747,0.0655151295473855,0.4103892186057584,true,0.23795217407657193
naive,0.1,0.08359221247781774,0.23551505391063118,-0.04189496389692593,0.2586448783482998,true,0.10837495722568694
naive,0.1,0.05559517263534785,0.0003889545186441196,0.17262485374558106,0.4711012812185285,false,0.3218630674820548
naive,0.1,0.12864676206914052,0.000145778696410209,0.20708067407212888,0.5234486625997827,false,0.3652646683359558
naive,0.1,0.08933538702290175,0.01787131547790831,-0.3555610110907983,-0.06409463651803829,false,-0.20982782380441828
naive,0.1,0.08923243553991611,0.016267083789545413,0.07660053468163061,0.4090395170038955,true,0.24282002584276305
naive,0.1,0.13554784635743483,0.0020495274696858746,0.1375263359636844,0.45212156639498163,false,0.294823951179333
naive,0.1,0.0884812441439523,0.04401912491929136,0.03621609687849897,0.35904155177073394,true,0.19762882432461645
naive,0.1,0.09693099540425533,0.3889780561334463,-0.22498934906615947,0.07032305680938244,false,-0.07733314612838851
naive,0.1,0.10894638119075539,0.26705259950665333,-0.047164572498430896,0.2428616587414463,true,0.0978485431215077
naive,0.1,0.08225588390026042,0.035007075427188575,0.05252840862944025,0.4254126135338119,true,0.23897051108162606
naive,0.1,0.046642687293669764,0.17484830514208902,-0.027486937209299622,0.2864146226909044,true,0.1294638427408024
naive,0.1,0.11007973062054391,0.3934985786685785,-0.08565080379761933,0.27031050259647316,true,0.0923298493994269
naive,0.1,0.0921631024734867,0.01303459613263082,0.08599933063544637,0.4236163676750986,true,0.2548078491552725
naive,0.1,0.09503326592471674,0.12863262298088557,-0.011278589316306403,0.2847482781428967,true,0.13673484441329514
naive,0.1,0.06650259899215627,0.10144883051765724,-0.0006248772311280293,0.2937267128527505,true,0.14655091781081123
naive,0.1,0.0693197362897441,0.12769666053198675,-0.01152008815594896,0.3001244630771291,true,0.14430218746059006
naive,0.1,0.13406274743984878,0.0010553920336058363,0.16171077191386005,0.48798450666869386,false,0.32484763929127697
naive,0.1,0.11222294235615982,0.03412655745648097,0.047337452760952414,0.376068603801552,true,0.2117030282812522
naive,0.1,0.11382838542747083,0.006175220609059183,0.1066344922778863,0.4274429628368909,true,0.2670387275573886
naive,0.1,0.11193788015221348,0.07306228089461746,0.015264428747407327,0.35550593762461913,true,0.1853851831860132
naive,0.1,0.13829007645879987,0.11123476478210437,-0.0052921477572178965,0.3283151415145156,true,0.16151149687864882
naive,0.1,0.08963138041055697,0.0002539511995450094,0.2157535543302615,0.5682767138238953,false,0.3920151340770784
naive,0.1,0.10407884899328336,0.10702725611003197,-0.0030514771204748214,0.29973412218764417,true,0.14834132253358467
naive,0.1,0.06895032184373046,0.048928422249108136,0.0350097000710039,0.3900819149243446,true,0.21254580749767424
naive,0.1,0.08762526677937826,0.32011871730727837,-0.06367464010894576,0.25827148975593844,true,0.09729842482349634
naive,0.1,0.07963975520534948,0.0036560676164093045,0.12698535101545966,0.45812074293144806,false,0.29255304697345386
naive,0.1,0.11018357978442808,0.07566582122495125,0.015314426523318186,0.3982760560438625,true,0.20679524128359034
naive,0.1,0.15064300794678118,0.028408041458002978,0.04936017335685755,0.34635169795330256,true,0.19785593565508006
naive,0.1,0.0678262839703509,0.06004304624348953,0.02343047904627768,0.35055970775703993,true,0.1869950934016588
naive,0.1,0.0825142087848432,0.2287983715092784,-0.04212352360325122,0.27182313195905483,true,0.1148498041779018
naive,0.1,0.1084224261384651,0.07035725440126289,0.01578676534810583,0.3310146282267885,true,0.17340069678744718
naive,0.1,0.1169941418852394,0.030641472754755726,0.057483033592963806,0.4233618433456429,true,0.24042243846930336
naive,0.1,0.10349193239834695,0.004712707706260853,0.11127217831512573,0.42117437945290404,false,0.26622327888401487
naive,0.1,0.09286283270745777,0.18884395221120717,-0.03531853886314579,0.31586396047148413,true,0.14027271080416917
naive,0.1,0.13005643661331523,0.15162201447052542,-0.024033843392031018,0.3506288988352946,true,0.16329752772163178
naive,0.1,0.06630404956889484,0.08111047266180513,0.009271313327074843,0.3160334884775391,true,0.16265240090230695
naive,0.1,0.11071886567977693,0.14599234398570488,-0.019011073128782585,0.3083943098356502,true,0.1446916183534338
naive,0.1,0.07837993273296932,0.008263060900843971,0.10164845940143769,0.43729277672895445,false,0.26947061806519607
naive,0.1,0.08299443545878264,0.02434931709380531,0.05735830851558041,0.3683625205586035,true,0.21286041453709195
naive,0.1,0.11232354366472361,0.04853158332211061,0.03369720034320228,0.3718414214585464,true,0.20276931090087433
naive,0.1,0.1197688385812727,0.03269261504521023,0.04612858609410633,0.3552005883428142,true,0.20066458721846026
naive,0.1,0.13752673406837715,0.015539377531201912,0.07481186281252969,0.392493161952832,true,0.23365251238268087
naive,0.1,0.10115102794552078,0.2790671776900129,-0.2641800830383782,0.05448101906125201,false,-0.1048495319885631
naive,0.1,0.08221291995806128,0.000638095672360361,0.18394892762799078,0.525829324709352,false,0.35488912616867135
naive,0.1,0.10028574806650382,0.0056342984009632386,0.11559074888576942,0.454055372686414,false,0.2848230607860917
naive,0.1,0.09909042731899328,0.12291863463568356,-0.011542971171699806,0.359955928907591,true,0.17420647886794557
naive,0.1,0.11592450220469072,0.24424338301303228,-0.2828497427218213,0.048369076743981054,false,-0.11724033298892012
naive,0.1,0.05140328367066966,0.07380080963784946,0.014570888603898574,0.34979058183303213,true,0.18218073521846537
naive,0.1,0.16280928005639517,0.03933510398276955,0.0466015178427405,0.41529203631344136,true,0.23094677707809094
naive,0.1,0.1041192463976088,0.13312609590033342,-0.01491255478734993,0.32823188802518527,true,0.15665966661891767
naive,0.1,0.07860584075349004,0.029495735713054052,0.056760153251475265,0.4077831857216064,true,0.23227166948654082
naive,0.1,0.13342357948412067,0.021470864085432473,0.06665850157856992,0.40157718114832797,true,0.23411784136344893
naive,0.1,0.11502837322847588,0.018117755513022263,0.06574063179460712,0.3668023753770694,true,0.21627150358583827
naive,0.1,0.07890246108940113,0.0015398710889270347,0.14907934746317208,0.4712607196621521,false,0.3101700335626621
naive,0.1,0.12311219106217079,0.027080515301981266,0.0564124471476474,0.3845820247750642,true,0.22049723596135581
naive,0.1,0.10441747221448842,0.00645366607405094,0.09444896701834712,0.3824253309091046,true,0.23843714896372586
naive,0.1,0.060044363294454575,0.03756082550556479,0.0463638185556568,0.39718444727477537,true,0.22177413291521608
naive,0.1,0.11608960385362613,0.19180678352781277,-0.031074779296586946,0.26994605469795396,true,0.11943563770068352
naive,0.1,0.11907885231619919,0.01837567063058119,0.06844937237193283,0.3842204705301014,true,0.2263349214510171
naive,0.1,0.13722961735551029,0.008191860036332183,0.107272448596678,0.46044837169688396,true,0.283860410146781
naive,0.1,0.1088517285724759,0.11059062533056885,-0.00526945982780283,0.3462846404022032,true,0.1705075902872002
naive,0.1,0.08539110535840844,0.03250414035320763,0.04504074193073562,0.3454063425254793,true,0.19522354222810748
naive,0.1,0.08961268176541905,0.00022116560907687913,0.19254733785025813,0.5017350264952357,false,0.3471411821727469
naive,0.1,0.11459177241073326,0.16879669926065574,-0.3231916176294928,0.028754419515975876,false,-0.14721859905675846
naive,0.1,0.075985816590322,0.5823631375438019,-0.10562871544397395,0.21173544482444567,true,0.05305336469023586
naive,0.1,0.10796413768711319,0.07064989779356642,0.016623175573860338,0.35238902664120153,true,0.18450610110753093
naive,0.1,0.11488451394669669,0.014382442843009104,0.0798507232038046,0.4070977208993569,true,0.24347422205158076
naive,0.1,0.1109327696445907,0.022225168333017672,0.07296669667377453,0.44706683131187064,true,0.2600167639928226
naive,0.1,0.09661013705293472,0.007101371244851598,0.1032790639930597,0.4277234592744567,false,0.2655012616337582
naive,0.1,0.10317910211784376,0.22206386402205572,-0.044285170040023886,0.29947822474000807,true,0.12759652734999208
naive,0.1,0.13709648079197323,0.002906762818963478,0.14536330063434913,0.5042191350151538,false,0.32479121782475145
naive,0.1,0.1329604220065657,0.22979882212617753,-0.045663145240600805,0.29268453800422733,true,0.12351069638181325
naive,0.1,0.11842402023257723,0.036364877323431584,0.04604580486640325,0.3841870315563435,true,0.21511641821137337
naive,0.1,0.08783079784283702,0.01009585699796153,0.09504713503355994,0.43210182304317774,false,0.26357447903836884
naive,0.1,0.09645188044680826,0.012427607761600526,0.09286060229476478,0.4501895340263248,true,0.2715250681605448
naive,0.1,0.11141513038791032,0.10598701850099422,-0.0026618233020362647,0.3061355593317854,true,0.15173686801487454
naive,0.1,0.11501438109618212,0.007164207835102905,0.11556747593055142,0.4796370069017505,false,0.29760224141615094
naive,0.1,0.12166836717701614,0.11130448947765993,-0.004926219158550932,0.30377647406163777,true,0.14942512745154343
naive,0.1,0.09223873990595186,0.10478150870022392,-0.002003737153972812,0.28772105712978135,true,0.14285865998790426
naive,0.1,0.10402816459166205,0.09374448045865391,-0.30831149643077294,-0.0028887092716580187,false,-0.15560010285121548
naive,0.1,0.16058308624759388,0.10597522119518807,-0.003539136841208851,0.407827368119573,true,0.20214411563918208
naive,0.1,0.07847479746301152,0.2799936993743863,-0.05556298919238843,0.2682270019329634,true,0.10633200637028749
naive,0.1,0.11299920696047984,0.14647919310878632,-0.017144638272969415,0.27543178839474153,true,0.12914357506088606
naive,0.1,0.09840346497399075,0.03299392808902514,0.04832556903840832,0.37456365459795204,true,0.2114446118181802
naive,0.1,0.10987207270907444,0.0756478179214647,0.012622570363252705,0.3280079723509877,true,0.1703152713571202
naive,0.1,0.1403928621115002,0.10581339417053678,-0.00276084392089046,0.32687234834406476,true,0.16205575221158716
naive,0.1,0.13380965553243215,0.00950567086556168,0.08592439576423225,0.38395154002207976,true,0.23493796789315602
naive,0.1,0.07621734375443324,0.18185961002443798,-0.03464817708493376,0.33327126679301333,true,0.14931154485403977
naive,0.1,0.06572584434547886,0.09810260069939467,0.0009108778260034645,0.3241952906936153,true,0.16255308425980938
naive,0.1,0.09101024017487719,0.07805936309290228,0.010646994265650855,0.3094861402447447,true,0.16006656725519777
naive,0.1,0.0832323686103295,0.09157403510111291,0.003653165640788353,0.28777065777654187,true,0.1457119117086651
naive,0.1,0.10750546669771655,0.05124776834447716,0.028805140627519543,0.339958820529419,true,0.18438198057846927
naive,0.1,0.10724521786366958,0.04300932045836159,0.03661333032833661,0.3546122774017145,true,0.19561280386502555
naive,0.1,0.08485991528418814,0.022801688001203857,0.07303929613364804,0.4532935277143595,true,0.26316641192400375
naive,0.1,0.07385380557085933,0.014058509076985073,0.07791103409109768,0.3939807422640808,false,0.23594588817758924
naive,0.1,0.09026359647085679,0.17021407082496634,-0.02692220176020646,0.2970955905133781,true,0.1350866943765858
naive,0.1,0.11863049432348437,0.009138032564511237,0.09466220041177756,0.41837659460363763,true,0.2565193975077076
naive,0.1,0.11741053518887792,0.12824380945142363,-0.011805934803230028,0.301936260931817,true,0.14506516306429348
naive,0.1,0.07419818930221621,0.019630366916286227,0.06514421310400553,0.376415068486197,true,0.22077964079510126
naive,0.1,0.12003473558844287,0.0075484217936822385,0.10274082210257607,0.43191454249381755,true,0.2673276822981968
naive,0.1,0.116764150128303,0.11984103092871772,-0.009129557282634149,0.3267696915709948,true,0.15882006714418032
naive,0.1,0.12495882386446135,0.11796991846763014,-0.30635769380061295,0.007782785807827347,false,-0.1492874539963928
naive,0.1,0.09579559516543903,0.018034894860729997,0.0752892255195316,0.4192659503139582,true,0.2472775879167449
naive,0.1,0.10232173308717582,0.016365164209767708,0.08558145995331407,0.4580774792929391,true,0.2718294696231266
naive,0.1,0.18236177706545406,0.00776544586958343,0.10763248899003744,0.4557083018661354,true,0.2816703954280864
naive,0.1,0.1013135925026182,0.048192034229456365,-0.3692357307592931,-0.03373810652752146,false,-0.2014869186434073
naive,0.1,0.07743591688239258,0.00045374370466981224,0.22014424052732512,0.6091237011991666,false,0.4146339708632458
naive,0.1,0.08195247855920877,0.1255401337221319,-0.012816744326309665,0.36055680130250123,true,0.1738700284880958
naive,0.1,0.10176285049942443,0.0015860797159800676,0.15231831907566204,0.4833716572003913,false,0.3178449881380267
naive,0.1,0.11961741986666188,0.04435539683430932,0.0387717144970704,0.38739289407213284,true,0.21308230428460162
naive,0.1,0.1124054487810664,0.11215766303512574,-0.006569152566160669,0.37738480703325894,true,0.18540782723354912
naive,0.1,0.10179871477386518,0.14879708889665721,-0.01861747526618293,0.2859979894499908,true,0.13369025709190394
naive,0.1,0.08444899935494854,0.011593355305060197,0.09445709084561962,0.44779427939112126,false,0.27112568511837043
naive,0.1,0.10571781955177298,0.20937732039059284,-0.040484701169127474,0.3013829953358609,true,0.1304491470833667
naive,0.1,0.07933418061372968,0.011805166763812602,0.08128164744850908,0.3875518669948048,false,0.23441675722165695
naive,0.1,0.020894646612650107,0.06359698934582382,0.02151324693263179,0.3582979479168808,false,0.1899055974247563
naive,0.1,0.10745935783979951,0.0027547017841695366,0.13384488933121383,0.4602404793957018,false,0.2970426843634578
naive,0.1,0.09037822214480586,0.154323253018747,-0.021037471412417824,0.29292978089711064,true,0.1359461547423464
naive,0.1,0.10849503719405014,0.08874633590568236,-0.31507897877313545,-0.0053843237598628635,false,-0.16023165126649916
naive,0.1,0.10164093988855542,0.12267254106396716,-0.011569301164270074,0.3645096248846581,true,0.176470161860194
naive,0.1,0.11884796209298326,0.04319355410582506,-0.3787802386079663,-0.03894320034183474,false,-0.2088617194749005
naive,0.1,0.08598967256456976,0.05717633978382949,0.025435441129004588,0.35088456859322115,true,0.18816000486111287
naive,0.1,0.13533201190215777,0.02915118354509613,0.05275930295137091,0.3762187962379502,true,0.21448904959466056
naive,0.1,0.08114921314951881,0.013506391673853892,0.09418395484362452,0.4696189090760249,false,0.2819014319598247
naive,0.1,0.06840490377441681,0.010589413291281942,0.10308539349614323,0.4752914939591376,false,0.2891884437276404
naive,0.1,0.07348495004925087,0.08733309692146374,0.007373478027205671,0.381801981141818,true,0.19458772958451184
naive,0.1,0.09487889313056261,0.08980164595486557,0.00561765351850263,0.3638258190882195,true,0.18472173630336106
naive,0.1,0.0915656996233904,0.018862686887412407,0.07326061842495529,0.41590043693246387,true,0.24458052767870958
naive,0.1,0.1198085986464921,0.011151885878702647,0.09347684883058788,0.4378155206100636,true,0.26564618472032575
naive,0.1,0.11990793286871863,0.05157673912692321,0.030287010633544387,0.36042841754404004,true,0.1953577140887922
naive,0.1,0.11507351353423861,0.0014098082066852811,0.14131028630170947,0.4416559004567482,false,0.29148309337922884
naive,0.1,0.11221903985721285,0.05701602217408872,0.028078023489560955,0.3856320213167712,true,0.20685502240316608
naive,0.1,0.14394433503508539,0.010359234365625355,0.09418582679095155,0.4314314797808605,true,0.262808653285906
naive,0.1,0.09953202946666374,0.0068533446953898125,0.10105221798791539,0.41495355855741833,false,0.2580028882726669
naive,0.1,0.11368563536293265,0.1581237218704276,-0.022438777147816502,0.2937705175490722,true,0.13566587020062784
naive,0.1,0.10228106180902706,0.07398723155226412,-0.3736323548198117,-0.015443629372803774,false,-0.19453799209630773
naive,0.1,0.07884630923882123,0.10925783123886422,-0.004333052720095737,0.324750124307133,true,0.16020853579351862
naive,0.1,0.12076245343232692,0.0005948638679123392,0.21857494711518677,0.6204814196875762,false,0.4195281834013815
naive,0.1,0.07454158392263957,0.0012741294435935874,0.15078667023716022,0.46535769381314585,false,0.308072182025153
naive,0.1,0.07482447775894113,0.02679554390636603,0.054583015237378824,0.3698090656382649,true,0.21219604043782184
naive,0.1,0.13825596025984035,0.09880645872981574,0.0006460669919006456,0.3662061112355648,true,0.1834260891137327
naive,0.1,0.09024281771418406,0.12853635751187928,-0.011592117825386078,0.2935960955859026,true,0.14100198888025828
naive,0.1,0.14780182901621222,0.07393462926665173,0.013652798719500092,0.3295815195811274,true,0.17161715915031375
naive,0.1,0.12645109326452397,0.08408154854901491,0.007918547886443777,0.32319076977739936,true,0.16555465883192158
naive,0.1,0.06290673228608562,0.09295825827336485,0.0035128132353374197,0.33235813145479753,true,0.16793547234506748
naive,0.1,0.09975495845550202,0.007751537728052731,0.0971739389101022,0.4112412720064256,true,0.2542076054582639
naive,0.1,0.10889353473574043,0.0293361786993851,0.05334204421114841,0.3819030274956858,true,0.2176225358534171
naive,0.1,0.07180676291878457,0.0007955160759032676,0.1763389181817631,0.5156805821467403,false,0.3460097501642517
naive,0.1,0.10843881446534782,0.03689763242909785,0.04547368486783879,0.3838925309795582,true,0.2146831079236985
naive,0.1,0.09008111993127733,0.054213769745784623,0.026447291671651413,0.3368748774036131,true,0.18166108453763224
naive,0.1,0.13548288523575192,0.18501031425384193,-0.03539081885615902,0.32915802351678775,true,0.14688360233031436
naive,0.1,0.08211896461763535,0.01923246436314527,0.06783431650031382,0.38839462028951655,true,0.22811446839491517
naive,0.1,0.16235666815682268,0.03966125015654859,0.04255341569497281,0.3819962226218244,true,0.21227481915839863
naive,0.1,0.08193619772380538,0.17428648871227362,-0.0263796752689745,0.2767391817604472,true,0.12517975324573635
naive,0.1,0.08971532254246682,0.025716271197765435,0.0588212102429527,0.38925021115551495,true,0.2240357106992338
naive,0.1,0.08903501675142837,0.020338878836828,0.07043050308539084,0.4135902505030927,true,0.24201037679424178
naive,0.1,0.10804719799867381,0.3248033491271445,-0.06665639166181114,0.2654760787905679,true,0.09940984356437838
naive,0.1,0.12271544891070392,0.01619202384512614,0.0789056251052837,0.42058630828534,true,0.24974596669531185
naive,0.1,0.09301072450013191,0.07838205644976297,0.011437131879794449,0.33776308268609745,true,0.17460010728294595
naive,0.1,0.09317393437599443,0.03741633956141029,0.04094834781638451,0.349672262142494,true,0.19531030497943924
naive,0.1,0.12349340883426026,0.027214506842063647,0.06117498571170371,0.41826729943152535,true,0.23972114257161453
naive,0.1,0.11642076985587435,0.353502936797776,-0.06958705737169697,0.24967247914837726,true,0.09004271088834014
naive,0.1,0.08805288138701368,0.018099781101127366,0.07128927491216622,0.3975941719754288,true,0.2344417234437975
naive,0.1,0.11889998497097165,0.002969710804029781,0.15115319400920096,0.526152367120704,false,0.3386527805649525
naive,0.1,0.12947557290919856,0.22344215412127977,-0.041855835833627744,0.28028867788113787,true,0.11921642102375506
naive,0.1,0.11416924243836261,0.002740799920598929,0.1343579198439978,0.46163016456825656,false,0.2979940422061272
naive,0.1,0.12508662261836875,0.19729556464292428,-0.03724370391359355,0.3073432578999563,true,0.13504977699318138
naive,0.1,0.05778034310465381,0.0514763713495878,0.03170302532214056,0.3763235000238322,true,0.2040132626729864
naive,0.1,0.11030274265690738,0.15055539123254968,-0.02077241338840291,0.3089013808207378,true,0.14406448371616745
naive,0.1,0.03296641260306768,0.09727379616864013,0.0013756355283875144,0.34003579814283214,true,0.1707057168356098
naive,0.1,0.1307031754805731,0.00248289721259038,0.14650124891560157,0.49559487392689217,false,0.32104806142124687
naive,0.1,0.16117038646690823,0.011395224133040817,0.08646159532635767,0.407678884728021,true,0.24707024002718933
naive,0.1,0.10577888745108846,0.008035819160832985,0.1008977980728516,0.43093831975752395,true,0.26591805891518777
naive,0.1,0.0939004297423746,0.10891466998354755,-0.004146482253923306,0.3224746621065635,true,0.1591640899263201
naive,0.1,0.10540510597886675,0.021334501364120313,0.0699569808004254,0.42015874845478624,true,0.24505786462760581
naive,0.1,0.08334075606189818,0.05493365687701106,0.028736089201796877,0.3730608688936376,true,0.20089847904771724
naive,0.1,0.11890221656237836,0.023325836435646174,0.06798913374223947,0.426884747442496,true,0.24743694059236773
naive,0.1,0.12617697817661938,0.46097227597361257,-0.09528762159047467,0.25009142553718205,true,0.07740190197335368
naive,0.1,0.08354872424365055,0.211862108284212,-0.03649938739263105,0.2664135205737967,true,0.11495706659058282
naive,0.1,0.10899892572668404,0.003413854447023079,0.11378322179071634,0.4055473365089085,false,0.2596652791498124
naive,0.1,0.16764289705286772,0.0015945086010171383,0.14504207391836685,0.46060315291099285,true,0.30282261341467986
naive,0.1,0.09046602257102483,0.011606670557737628,0.07527538963682326,0.3569885325235649,true,0.21613196108019408
naive,0.1,0.08503487688884727,0.04421782189962083,-0.37687805365746596,-0.03784023847240062,false,-0.2073591460649333
naive,0.1,0.10852178515729505,0.11373060250524197,-0.006262065568840042,0.31964928354108757,true,0.15669360898612378
naive,0.1,0.04436174956945027,0.12129448203923912,-0.009400040930073156,0.31443681163458714,true,0.152518385352257
naive,0.1,0.10431114193328789,0.0001272470128323843,0.1989808194809084,0.49830711921725834,false,0.34864396934908337
naive,0.1,0.06624072971314832,0.023273181013328474,0.06752131015517335,0.42345345693186076,false,0.24548738354351707
naive,0.1,0.12769237134754705,0.01496694067659817,0.08008320010700382,0.4142734013279511,true,0.24717830071747746
naive,0.1,0.10828950151073694,0.05882963585818393,0.021531920160635626,0.3111092295899107,true,0.16632057487527316
naive,0.1,0.10531241975342735,0.015121752990755232,0.07443508984307676,0.38653145162208313,true,0.23048327073257993
naive,0.1,0.13578453066917864,0.31866139202347643,-0.06776480068921448,0.2764479660624372,true,0.10434158268661137
naive,0.1,0.09866069835838422,0.09517507463597003,0.0026469438579506677,0.3676669663370865,true,0.1851569550975186
naive,0.1,0.1078127399195279,0.02618806296873417,0.05731609536069321,0.38321809038591054,true,0.22026709287330187
naive,0.1,0.07299332957811364,0.009922900947920943,0.09420590303783838,0.42613923491089567,false,0.260172568974367
naive,0.1,0.09179029803280234,0.150070901166398,-0.01784396910633107,0.26770697375169183,true,0.12493150232268038
naive,0.1,0.09144771829068615,0.31720847664538465,-0.06103320625346488,0.25042825798641416,true,0.09469752586647463
naive,0.1,0.13222057488108657,0.04718674214584884,0.034509589241548594,0.36864028924502934,true,0.20157493924328895
naive,0.1,0.08484521171144922,0.0013609478885994954,0.15907249999222503,0.49496297376194165,false,0.32701773687708335
naive,0.1,0.05748514893205074,0.04943660317510666,0.030950888560858703,0.34918296756939904,true,0.19006692806512887
naive,0.1,0.11992411531428643,0.01831299035517214,0.06494921461176126,0.36404146877625554,true,0.21449534169400838
naive,0.1,0.12593331930378718,0.2993162844939485,-0.06341898087589551,0.2803142387309234,true,0.10844762892751394
naive,0.1,0.07385646769177721,0.051169849150027834,0.026873476771319044,0.31653981646792684,true,0.17170664661962295
naive,0.1,0.07952609778358226,0.14736312569477425,-0.018628790430970238,0.2941285652206145,true,0.1377498873948221
naive,0.1,0.07714564592012786,0.2876371559044621,-0.05041233605782712,0.23476745876061583,true,0.09217756135139436
naive,0.1,0.06894426479662076,0.33464781348351647,-0.07190623356849973,0.27593177874704133,true,0.1020127725892708
naive,0.1,0.11130660801145996,0.0038868640394320586,0.11982367104611905,0.43711411143825496,false,0.278468891242187
naive,0.1,0.06785430143223876,0.05468868801798281,0.02801288582465561,0.36131591455267054,true,0.19466440018866307
naive,0.1,0.1070982358702353,0.002518264478700143,0.12953170107630393,0.439148916638059,false,0.2843403088571815
naive,0.1,0.13721476673853292,0.0019761838505620807,0.15625711897134623,0.5110282179983284,false,0.3336426684848373
naive,0.1,0.12555339341798538,0.18696753054482176,-0.033396478006346764,0.3043882880155395,true,0.13549590500459638
naive,0.1,0.09836632568440595,0.011765036548275886,0.09279873863889368,0.4419858817306933,true,0.2673923101847935
naive,0.1,0.09468018877564256,0.0006823828962708973,0.1780084883808724,0.5123084684368229,false,0.3451584784088476
naive,0.1,0.1032822138651896,0.06987178666132846,0.01792608612528529,0.3691829734803731,true,0.1935545298028292
naive,0.1,0.11339372966090648,0.023585316934152133,0.05781773246659802,0.3651107722412258,true,0.2114642523539119
naive,0.1,0.13790777091517342,0.07161870279892595,0.016130373495915395,0.3548077519786858,true,0.1854690627373006
naive,0.1,0.07729740847083552,0.05525416153948489,0.029769972099931624,0.3897985875611767,true,0.20978427983055414
naive,0.1,0.13346804451481198,0.012726399453244693,0.0729736602996946,0.3565734336834957,true,0.21477354699159515
naive,0.1,0.09019103788835127,0.2901499781135761,-0.05591688876093384,0.25742398405872624,true,0.10075354764889619
naive,0.1,0.06457381896984257,0.04771153778416597,0.03370733462715553,0.36463990104695937,true,0.19917361783705745
naive,0.1,0.059479581761829645,0.014006938587893892,0.08105868577430822,0.4093631873415292,false,0.2452109365579187
naive,0.1,0.09495406871289168,0.005448913800922359,0.1121773831959191,0.43749541978172435,false,0.2748364014888217
naive,0.1,0.08827628785453773,0.2816137980460067,-0.055563628271670204,0.26615999115544425,true,0.10529818144188703
naive,0.1,0.0940167282933624,0.13002480100448635,-0.014220095932054116,0.3432894180821856,true,0.16453466107506576
naive,0.1,0.09723994040677689,0.03176475697602528,0.05270751632239076,0.39776351541350163,true,0.2252355158679462
naive,0.1,0.10476796316487977,0.06608300755205392,0.020270124416878144,0.3657649587347846,true,0.19301754157583137
naive,0.1,0.11254260203589689,0.026899271443351403,0.04994771780489082,0.33916929439627697,true,0.1945585061005839
naive,0.1,0.08804761903899477,0.05893365674201122,0.027706070405406458,0.4015044213052139,true,0.21460524585531018
naive,0.1,0.11427652943722696,0.28862373833617755,-0.05458081306322857,0.25302999180742103,true,0.09922458937209622
naive,0.1,0.10258841312266133,0.007320758919879218,0.10951218002253046,0.456908974175678,false,0.28321057709910424
naive,0.1,0.10879922774127887,0.011010862808857519,0.08135602634586783,0.37955929463127425,true,0.23045766048857103
naive,0.1,0.08987525195233875,0.20910608382777585,-0.04157902780884998,0.3102048117469506,true,0.1343128919690503
naive,0.1,0.1146824254108645,0.014672820439529019,0.07977157563524365,0.4096578856328478,true,0.24471473063404572
naive,0.1,0.11098518916855539,0.5980535842141969,-0.11932533259569889,0.23189795476773045,true,0.05628631108601578
naive,0.1,0.12163618178171434,0.1605207958412591,-0.02410033647090498,0.3041510901587301,true,0.14002537684391256
naive,0.1,0.10461570658931957,0.12545521990599573,-0.010464436753344186,0.29531429426047856,true,0.1424249287535672
naive,0.1,0.1277962119796535,0.11510788064363402,-0.007114960083424909,0.331076719854167,true,0.16198087988537105
naive,0.1,0.08695133268812784,0.004354105003953225,0.11368201577905404,0.42366758391833914,false,0.2686747998486966
naive,0.1,0.06021870292825728,0.01615822128500634,0.07205791691816615,0.3837729853578608,false,0.22791545113801348
naive,0.1,0.12361647633399678,0.005488349826560074,0.1230504051796123,0.4806391931519811,true,0.3018447991657967
naive,0.1,0.0668910023010101,0.08622350356280095,0.0067036215319026815,0.318139078508881,true,0.16242135002039185
naive,0.1,0.08103155709578269,0.0444490179882911,0.036893110861590334,0.3694269965862783,true,0.20316005372393434
naive,0.1,0.13447275724411545,0.11264566228341179,-0.0063649494990292155,0.3519270044271812,true,0.172781027464076
naive,0.1,0.10188188626327753,0.03747907709020234,0.03950777010220716,0.33783915071773907,true,0.18867346040997313
naive,0.1,0.09524002471616706,0.0809022668165672,0.010097426907042295,0.34022278190004185,true,0.17516010440354207
naive,0.1,0.0635992261291784,0.08415139860007412,-0.3464243654698238,-0.008448799783282446,false,-0.17743658262655312
naive,0.1,0.14744950615608826,0.05176414897999961,0.02900204150740518,0.3467790980842683,true,0.18789056979583676
naive,0.1,0.1456349026233513,0.02198196121767174,0.0693945623592915,0.4228765606398228,true,0.24613556149955718
naive,0.1,0.08405768065486564,0.21025642931382882,-0.038496023173603455,0.28457262855864435,true,0.12303830269252045
naive,0.1,0.12973884417338385,0.11892839409782248,-0.008858050580342336,0.3317011083613759,true,0.16142152889051678
naive,0.1,0.09900219769796567,0.01697839932041418,0.06878928152494082,0.37363911462140453,true,0.2212141980731727
naive,0.1,0.1000314854520448,0.11806029887283045,-0.008300111914146258,0.3251489716512003,true,0.15842442986852703
naive,0.1,0.15853885176751203,0.06542295036403803,0.020658118150861687,0.3647492975457387,true,0.19270370784830018
naive,0.1,0.10624168584240075,0.06771557237404542,0.018106454690373974,0.34531210692843756,true,0.18170928080940577
naive,0.1,0.11379716449873509,0.21709679564607867,-0.03873445377470405,0.27162767566138823,true,0.11644661094334208
naive,0.1,0.10577181019925298,0.06076992734056427,0.024191441936334823,0.3697345609738748,true,0.1969630014551048
naive,0.1,0.13873866357099954,0.16737603582895758,-0.024341451591673557,0.27878331093474584,true,0.12722092967153614
naive,0.1,0.05279916553542099,0.1822756714047033,-0.028745202159768155,0.275245770883912,true,0.12325028436207193
naive,0.1,0.0973040664687994,0.04431753499122725,0.03383422552837981,0.3377615881600876,true,0.18579790684423372
naive,0.1,0.08613639441369804,0.08670866603981364,0.006512382516948995,0.3207949135535808,true,0.1636536480352649
naive,0.1,0.0753476075501646,0.21263070521698157,-0.038909462406615025,0.282305464171534,true,0.1216980008824595
naive,0.1,0.08747501297265597,0.1535839066077291,-0.021703299157641548,0.306007285138325,true,0.14215199299034173
naive,0.1,0.10878715271946149,0.013945343663216243,0.07827192926652113,0.39467291718792996,true,0.23647242322722553
naive,0.1,0.08408030768360056,0.006752369574438528,0.10619560318051471,0.43454585836064785,false,0.27037073077058127
naive,0.1,0.09701390376391299,0.05211404966515201,0.028930080526338525,0.34900983763044036,true,0.18896995907838945
naive,0.1,0.12808687958830928,0.0332895479048649,0.044785139434288634,0.34936212916733494,true,0.1970736343008118
naive,0.1,0.09813750861347902,0.009598714651965481,0.09433699948522864,0.42270340704002163,true,0.25852020326262515
naive,0.1,0.09741299481636073,0.22326116785183758,-0.03954008077145296,0.26512049669757254,true,0.1127902079630598
naive,0.1,0.08925258536354398,0.10873754736020351,-0.003889100881717261,0.30846292292364286,true,0.1522869110209628
naive,0.1,0.10364334938722637,0.07543835342195765,0.012404046967706611,0.3193605702920026,true,0.1658823086298546
naive,0.1,0.12961370325460833,0.09143827159672784,0.004310135160303291,0.3340139706032387,true,0.16916205288177097
naive,0.1,0.100189247160418,0.01747098985282372,0.07505000653272581,0.41243200935024354,true,0.24374100794148468
naive,0.1,0.10207010440141477,0.036461201830695976,0.04243939168118424,0.35484801311869163,true,0.19864370239993795
naive,0.1,0.1030985783450384,0.020312974005675492,0.0647493773051766,0.3800051431831929,true,0.22237726024418475
naive,0.1,0.1171714576901755,0.0004700681196475971,0.18497703385570036,0.5134800923538361,false,0.3492285631047682
naive,0.1,0.1040575090098156,0.0010213539687140125,0.1676348053058363,0.5039532778256226,false,0.33579404156572945
naive,0.1,0.07963185375306818,0.003138519821205332,0.12758921030896614,0.44824405601582223,false,0.2879166331623942
naive,0.1,0.11367949602929701,0.008317945815779711,0.11708476637369222,0.5045725620053453,false,0.31082866418951877
naive,0.1,0.12872416225061206,0.0378864324620623,0.04433280015793986,0.38253450587856463,true,0.21343365301825223
naive,0.1,0.11042131639249478,0.6157669671477872,-0.2078497180729065,0.11066745756258758,true,-0.048591130255159466
naive,0.1,0.10619016036181593,0.030149161840462603,0.050178306872323414,0.3656396237577483,true,0.20790896531503586
naive,0.1,0.11249304874338534,0.21213118693830885,-0.04557644611649028,0.33196818108681214,true,0.14319586748516094
naive,0.1,0.0592045160155831,0.3198192158674755,-0.31003294937020986,0.07634587310740445,true,-0.11684353813140269
naive,0.1,0.12219452463991029,0.14151163296576935,-0.017840956695066662,0.3181756159815976,true,0.15016732964326548
naive,0.1,0.08365603200869247,0.05464989373276337,0.027747793492868267,0.3575293182198616,true,0.19263855585636494
naive,0.1,0.11286739767345177,0.004111694768396827,0.12056358563658148,0.44443740316795916,false,0.2825004944022703
naive,0.1,0.10168133956603664,0.12008638468616036,-0.00870949700848947,0.30808504418768934,true,0.14968777358959992
naive,0.1,0.06724007036196294,0.05257537715146179,0.02926864055234263,0.35728420594169574,true,0.19327642324701919
naive,0.1,0.06518495172985594,0.27927514569268136,-0.05482343236066327,0.26557378337053866,true,0.1053751755049377
naive,0.1,0.12784089033456011,0.036212609193124294,0.042275695296788124,0.35155149708602373,true,0.19691359619140594
naive,0.1,0.04368636096700455,0.22125862480066752,-0.04259140363417929,0.2896939523257907,true,0.1235512743458057
naive,0.1,0.11337699616299855,0.0939639743586495,0.00276472983807613,0.30598900455870187,true,0.154376867198389
naive,0.1,0.07607053091518202,0.01800759946786756,0.07979169013526033,0.4440552397977955,false,0.2619234649665279
naive,0.1,0.11938182884792992,0.06343436062325628,0.022445987144807666,0.37193647938318924,true,0.19719123326399846
naive,0.1,0.10771298411205511,0.03131163918072207,0.04951759140758605,0.37003482229759793,true,0.209776206852592
naive,0.1,0.09176832776304336,0.008248237556789445,0.09737489043376965,0.4187116546486591,false,0.2580432725412144
naive,0.1,0.07678525842353506,0.0042987299522000925,0.10696334699638879,0.3976486751158218,false,0.2523060110561053
naive,0.1,0.0861955761332915,0.11880713496133193,-0.007566471755138082,0.2850900364208029,true,0.1387617823328324
naive,0.1,0.10140028427486115,0.12106193186625254,-0.009670591926387057,0.32690108293275355,true,0.15861524550318326
naive,0.1,0.11467628918531987,0.07115320733453946,0.018807997131573523,0.40637344886481186,true,0.2125907229981927
naive,0.1,0.13554380945744357,0.038637063602736776,0.04222705572294996,0.3704924707633904,true,0.20635976324317018
naive,0.1,0.12208534220645398,0.24957226217579218,-0.04924656184799636,0.27905812897042637,true,0.114905783561215
naive,0.1,0.13071637267908587,0.15348568531891008,-0.021528505660822872,0.3040521158917088,true,0.14126180511544295
naive,0.1,0.11617043026791903,0.023781022001039046,0.06360230829667601,0.40337928571762754,true,0.23349079700715178
naive,0.1,0.1298885986134258,0.06374002172909653,0.019146267609261164,0.3203106078129552,true,0.16972843771110815
naive,0.1,0.11838813566248563,0.0064487932154931385,0.09907901829662369,0.4011026470400234,true,0.25009083266832355
naive,0.1,0.13646700401217635,0.12180752786089635,-0.009128131298760417,0.2984738367983083,true,0.14467285274977393
naive,0.1,0.14871642447441885,0.07781594289761883,-0.35709658381017795,-0.012430850623607909,false,-0.18476371721689294
naive,0.1,0.12740846580444007,0.05038165854111131,0.031026732175394867,0.3583219593055537,true,0.1946743457404743
naive,0.1,0.10207796780598968,0.006294993662905843,0.10583373893183426,0.4260850028623777,false,0.265959370897106
naive,0.1,0.09090798376729811,0.052082165197945236,0.028867475404935894,0.34797173827845607,true,0.18841960684169598
naive,0.1,0.10253778257622198,0.377433899329323,-0.06958187717682249,0.23073063507943983,true,0.08057437895130867
naive,0.1,0.10175339720361334,0.0439725767687664,0.037234153801188524,0.36873608381627854,true,0.20298511880873354
naive,0.1,0.13262502086041927,0.08207630846555654,0.009355086220728448,0.3370669332012742,true,0.1732110097110013
naive,0.1,0.1372965473768167,0.022630509865556717,0.06548029132316979,0.4048375189707831,true,0.23515890514697643
naive,0.1,0.10405228021742674,0.12523189363383508,-0.010114549208489337,0.28783800741250554,true,0.13886172910200809
naive,0.1,0.10764995589520673,0.08104006003215504,0.010853842880652997,0.36852369747186897,true,0.18968877017626098
naive,0.1,0.0935150421410979,0.3043882426164472,-0.06172125152377447,0.26694452121015255,true,0.10261163484318905
naive,0.1,0.1423647491458789,0.1315948476062187,-0.01352677657915774,0.3112579966882635,true,0.14886561005455287
naive,0.1,0.07558982163705856,0.10978290232115268,-0.005362875226911923,0.38081861741405665,true,0.18772787109357236
naive,0.1,0.10095494507974488,0.04281590806978816,0.03596538181958869,0.3467923341509997,true,0.1913788579852942
naive,0.1,0.10532987801412734,0.22665658019341053,-0.04094726232620019,0.2681233473121295,true,0.11358804249296464
naive,0.1,0.08076020714779643,0.1969993311646958,-0.031372268141259665,0.25958881230498465,true,0.11410827208186249
naive,0.1,0.13104363365931565,0.011623963681697639,0.09802713294750881,0.46510575126760995,true,0.2815664421075594
naive,0.1,0.17901960300091052,0.012869836300572441,0.07841916354159206,0.3846232051174881,true,0.23152118432954008
naive,0.1,0.08518929390509228,0.043904501213165956,0.037367476945678685,0.3694728283865867,true,0.2034201526661327
naive,0.1,0.0979965263167765,0.20611326780957828,-0.033505105966720086,0.2561500974914627,true,0.11132249576237131
naive,0.1,0.07155235153578238,0.272997649505412,-0.049354745337247236,0.24656664114584484,true,0.0986059479042988
naive,0.1,0.08699263781483407,0.08423137828602198,0.008984116146759036,0.37033017253485007,true,0.18965714434080455
naive,0.1,0.11283868814464348,0.16175642274303148,-0.024434389896666353,0.30276726034736096,true,0.1391664352253473
naive,0.1,0.10896557193767012,0.1840002564992032,-0.2682602255259319,0.028538029387217348,false,-0.11986109806935726
naive,0.1,0.09841653446172859,0.30281982238754274,-0.27625724330251245,0.06345024227853802,false,-0.10640350051198721
naive,0.1,0.10505623129404652,0.36486127654907835,-0.07324217003747567,0.25292697679543946,true,0.0898424033789819
naive,0.1,0.09483350584505884,0.0952818352813952,0.0020791260193988026,0.2954135762077106,true,0.1487463511135547
naive,0.1,0.14593775904875755,0.12563280785847805,-0.011189302503088888,0.3136940769365293,true,0.15125238721672019
naive,0.1,0.05502942648923974,0.4427829571252282,-0.0802026790430512,0.22052442000365338,true,0.07016087048030109
naive,0.1,0.13556695251280232,0.07109440026852583,0.01660669845273352,0.3580080666795846,true,0.18730738256615906
naive,0.1,0.08540373313173318,0.0008287580837261891,0.16723615902511518,0.4912104320370581,false,0.32922329553108665
naive,0.1,0.05454280423876624,0.2466786070308278,-0.04392199925980027,0.25313963857168187,true,0.10460881965594081
naive,0.1,0.0789076468321724,0.02723417983980292,0.052959376216621584,0.36225028610158505,true,0.20760483115910333
naive,0.1,0.12464782974649877,0.04678833554329074,0.036365697169666505,0.3847852549670393,true,0.21057547606835292
naive,0.1,0.10990125069698616,0.0405904916803601,0.0442124744048798,0.4052684833988188,true,0.2247404789018493
naive,0.1,0.10875385944988376,0.1294547403628642,-0.01380043517259641,0.339232840408091,true,0.1627162026177473
naive,0.1,0.08224242138108427,0.12363572761112886,-0.011021708449775652,0.3337599356315166,true,0.1613691135908705
naive,0.1,0.14539102762163827,0.027392918585347547,0.0569447786331318,0.3908579756667446,true,0.22390137714993819
naive,0.1,0.13159162722836773,0.006463750456357386,0.10555251440681057,0.4275376774483468,true,0.2665450959275787
naive,0.1,0.09051139108731256,0.02344336493685181,0.06067824062201757,0.38197378972819573,true,0.22132601517510667
naive,0.1,0.0889109054738327,0.08037003293963042,0.010490985372440004,0.34333362395664135,true,0.1769123046645407
naive,0.1,0.10690587126224188,0.02222936490155238,0.06618509123619787,0.4055539261125235,true,0.23586950867436068
naive,0.1,0.12615627955813824,0.26548128658262665,-0.04990001375776418,0.25905695700607145,true,0.10457847162415365
naive,0.1,0.06373017946756676,0.001868424784607808,-0.489618605836213,-0.15089716906595416,false,-0.3202578874510836
naive,0.1,0.11188233573995958,0.013500740029542367,0.08560067106769678,0.42675915439446066,true,0.2561799127310787
naive,0.1,0.04933944580642563,0.06854996711710454,0.018612261838038352,0.365477387706877,true,0.19204482477245766
naive,0.1,0.0949667243791288,0.15801338441404367,-0.022313390525999677,0.2926342203291178,true,0.13516041490155906
naive,0.1,0.07365304525282469,0.061799445882394326,0.023773938242115183,0.37467977586122214,true,0.19922685705166865
naive,0.1,0.07953267791771201,0.03325546431907115,0.05341130979762074,0.41634463780723463,true,0.2348779738024277
naive,0.1,0.049723147420476885,0.1309996139724678,-0.014588291707637008,0.3417417340477241,true,0.16357672117004354
naive,0.1,0.11760578921604681,0.04449491726532914,0.03910676120723372,0.3920122580251575,true,0.2155595096161956
naive,0.1,0.09057279616596887,0.045726510484295206,0.03789287208047293,0.390971773411503,true,0.21443232274598797
naive,0.1,0.10136682313407304,0.07524975347560163,0.012347934289718338,0.315297241712574,true,0.16382258800114619
naive,0.1,0.09599468063445159,0.0577701003426659,0.025002682764128564,0.35064188411093933,true,0.18782228343753393
naive,0.1,0.09545416774336495,0.13060486100662766,-0.013802895092572431,0.3272665762991331,true,0.15673184060328033
naive,0.1,0.0997026548428329,0.056381447230492675,-0.3520257715249209,-0.02608014647295126,false,-0.1890529589989361
naive,0.1,0.1232307423721373,0.03831048245855081,0.044965364954754866,0.3916620907613031,true,0.21831372785802897
naive,0.1,0.08770335179105668,0.003092689549143848,0.15507699936922803,0.5434674909716442,false,0.3492722451704361
naive,0.1,0.11011968877002895,0.2392200214415427,-0.04774819882197921,0.28794862803085436,true,0.12010021460443758
naive,0.1,0.11804973007734439,0.4558665440783785,-0.23867985643723677,0.08977819133639292,false,-0.07445083255042192
naive,0.1,0.11723022614595567,0.15254676087885302,-0.020685525598274218,0.29691585983986757,true,0.13811516712079666
naive,0.1,0.09202684808902016,0.08346145181454825,0.009470256042245773,0.371342995833601,true,0.19040662593792337
naive,0.1,0.13607604710106602,0.07231869661076705,0.017881185614259665,0.40423726861446957,true,0.21105922711436462
naive,0.1,0.09530867473130754,0.08362712767298748,0.008784850114795684,0.348125280539575,true,0.17845506532718533
naive,0.1,0.092070341467259,0.04480947014925647,0.037058872589353836,0.3742212010393705,true,0.2056400368143622
naive,0.1,0.1049988010799797,0.0064766099728180496,0.09836869627807238,0.3986226267643141,true,0.24849566152119323
naive,0.1,0.11597377989298059,0.14211680143962283,-0.3095406273432807,0.01759110359776081,false,-0.14597476187275996
naive,0.1,0.10455345272605138,0.00898645520712503,0.09739053192637379,0.42846550554900653,true,0.2629280187376902
naive,0.1,0.026316924084258807,0.35752813313596193,-0.07367220135018783,0.2607243219430089,true,0.09352606029641052
naive,0.1,0.14156002835353593,0.003155829440335189,0.13254085227410675,0.46607268863261686,true,0.2993067704533618
naive,0.1,0.11504840417115246,0.026176585824293754,0.052599145961281873,0.3515922880445662,true,0.20209571700292406
naive,0.1,0.11697754247293649,0.27992100800873415,-0.061559363614863985,0.297277949548207,true,0.11785929296667151
naive,0.1,0.08529341663968384,0.16458875157683417,-0.028871395977456055,0.343518929489405,true,0.15732376675597448
naive,0.1,0.13068730205175852,0.15983646413528807,-0.025152318679443203,0.32072038741705544,true,0.14778403436880613
naive,0.1,0.08204128687413997,0.20148235187682378,-0.03464409909406489,0.2754637044581713,true,0.12040980268205322
naive,0.1,0.08049614027400304,0.03949344162987573,0.03878870106566856,0.3468945222068246,true,0.19284161163624658
naive,0.1,0.11878500292154878,0.022857382515109995,0.06688702024586413,0.41562540636126827,true,0.2412562133035662
naive,0.1,0.1654739714464176,0.19809033687609387,-0.03751701396711468,0.30738350855335905,true,0.1349332472931222
naive,0.1,0.07334379266016326,0.11865346923914656,-0.008644446669093642,0.328282455767006,true,0.15981900454895617
naive,0.1,0.06294137380635445,0.14654714848544403,-0.2916256678030478,0.018177095895720613,false,-0.13672428595366357
naive,0.1,0.0908547039165053,0.21907139876436849,-0.04047494212620306,0.2797123783050787,true,0.11961871808943783
naive,0.1,0.089452149209586,0.16422427234529477,-0.02423156672524171,0.2897917436728553,true,0.1327800884738068
naive,0.1,0.124216529866764,0.0046850493232583265,0.11818475736097978,0.44681464024917894,true,0.28249969880507936
naive,0.1,0.054364181965427125,0.1470262661676932,-0.018911125292170927,0.3005544113713708,true,0.14082164303959993
naive,0.1,0.15209603358954024,0.02304822866453032,0.055089940104065066,0.3437732207102713,true,0.19943158040716816
naive,0.1,0.08713824020652675,0.05783412132937333,0.022992610040698164,0.32302870019481555,true,0.17301065511775685
naive,0.1,0.07509492293012705,0.03871588337615719,0.04145345420078636,0.36434408539381113,true,0.20289876979729873
naive,0.1,0.09563118154420812,0.0006599324781703724,0.1655413736861418,0.47481358817536773,false,0.32017748093075477
naive,0.1,0.1437744371263227,0.005990596543554381,0.10813094932162051,0.4305032741122776,true,0.26931711171694905
naive,0.1,0.11425745095869182,0.006662998020578897,0.11558200915920483,0.471476671653942,false,0.2935293404065734
naive,0.1,0.025442426481967657,0.007951853024708083,0.10740344069313582,0.45748972525216636,false,0.2824465829726511
naive,0.1,0.0628587140394562,0.0846574421978666,0.00835749617400941,0.3545142213402789,true,0.18143585875714416
naive,0.1,0.10304344637028146,0.12706243589576116,-0.01163702405496389,0.30988906025086627,true,0.14912601809795117
naive,0.1,0.08303892647246273,0.14534327003733907,-0.019828458121054354,0.32589722259764997,true,0.15303438223829782
naive,0.1,0.1312639580749651,0.1323222503833374,-0.015425225108621543,0.3474330983756859,true,0.1660039366335322
naive,0.1,0.11035234802410825,0.32222085980205767,-0.07184967641742808,0.28903996777858004,true,0.10859514568057597
naive,0.1,0.14682798266858427,0.0007058477542469211,0.17893964850859917,0.5167749344665122,false,0.3478572914875557
naive,0.1,0.08221686722769117,0.27400083108848433,-0.05962931284504121,0.2964103903857624,true,0.11839053877036058
naive,0.1,0.12626801311008407,0.25076508934372244,-0.05011866082811034,0.28205057782962367,true,0.11596595850075667
naive,0.1,0.07736667007548835,0.06705505187290953,0.01789248890734904,0.333583878658247,true,0.17573818378279804
naive,0.1,0.09701547585085078,0.09091727521070182,0.004096801206920214,0.2988419883571679,true,0.15146939478204408
naive,0.1,0.08529638514529167,0.009864977552240327,0.09374610076672729,0.4233455004061004,false,0.25854580058641385
naive,0.1,0.0786985791207722,0.0981182036247067,0.001083771426947766,0.38894458666274623,true,0.195014179044847
naive,0.1,0.09021439031279584,0.010678914052412175,0.09033852718342009,0.41757240158365305,false,0.25395546438353656
naive,0.1,0.09974846399540194,0.09149061153421865,0.004781548081648518,0.37287880244598115,true,0.18883017526381482
naive,0.1,0.1252353023841142,0.2423878974524825,-0.04782922278324747,0.2828545134302663,true,0.11751264532350941
naive,0.1,0.08750983992957624,0.11223685672838285,-0.006007448766397694,0.34294339035132654,true,0.16846797079246442
naive,0.1,0.09771829319383463,0.22992697622496808,-0.040821330119981084,0.26142539161826156,true,0.11030203074914023
naive,0.1,0.11197865870036956,0.0012361990243883912,0.1517744981273012,0.46667899301786314,false,0.3092267455725822
naive,0.1,0.1106186285334745,0.14915877378885037,-0.28798116908951854,0.018874159986695643,false,-0.13455350455141146
naive,0.1,0.11308130472519928,0.3362086059872107,-0.06649887249180002,0.2537168675455636,true,0.0936089975268818
naive,0.1,0.09836647768211398,0.0009513937103410174,0.14499490262293416,0.43239660341432173,false,0.28869575301862793
naive,0.1,0.09919711810702589,0.12693335280360363,-0.011943836191979945,0.3195023066804725,true,0.1537792352442463
naive,0.1,0.048383223489240935,0.02006629609106108,0.0721846888518056,0.42127059395053346,false,0.24672764140116954
naive,0.1,0.11095739293552145,0.11547498143229455,-0.007122619546220427,0.3238298435687803,true,0.15835361201127995
naive,0.1,0.12557247390418458,0.013100180769045849,0.07405003365209642,0.36537817998606836,true,0.2197141068190824
naive,0.1,0.07202254809562142,0.30284816841377826,-0.0626106490174689,0.2725687697633774,true,0.10497906037295426
naive,0.1,0.06907066789675166,0.4684238128791238,-0.10095174099134875,0.260103835876704,true,0.07957604744267761
naive,0.1,0.12513896027405327,0.002963912469953548,0.1267830784294504,0.44117960797575034,false,0.2839813432026004
naive,0.1,0.09638124918836297,0.0059201676632288265,0.1098300602267438,0.43612213784043397,false,0.2729760990335889
naive,0.1,0.07410557693359499,0.14269730512574533,-0.017907804493561608,0.3111447121427836,true,0.146618453824611
naive,0.1,0.11551619873738435,0.03960348331773973,0.04365345423469999,0.39136420262181193,true,0.21750882842825595
naive,0.1,0.10130217305170068,0.06174183819034924,0.024490248759300753,0.3852999150594313,true,0.204895081909366
naive,0.1,0.08291532637125831,0.1524130081296589,-0.020272865977199794,0.291671919618766,true,0.1356995268207831
naive,0.1,0.10314123524655881,0.06744220586613,0.018729089107500374,0.3538347021329055,true,0.18628189562020295
naive,0.1,0.13527475739662084,0.027842882207546996,0.05753823277753306,0.39881209671434686,true,0.22817516474593996
naive,0.1,0.07640229059213165,0.012500817401217319,0.08538253021255474,0.41473769917151704,false,0.2500601146920359
naive,0.1,0.13228710790284098,0.05384311770677291,0.02709228176255074,0.34175389463714734,true,0.18442308819984904
naive,0.1,0.06500144882462144,0.01608995083933385,0.08133587007726376,0.43247220623765426,false,0.256904038157459
naive,0.1,0.11528938496656557,0.01814987623790504,0.06998666588672278,0.3907864523126343,true,0.23038655909967853
naive,0.1,0.09963351514580972,0.05023663200553457,0.032655307652606824,0.37577202944960175,true,0.2042136685511043
naive,0.1,0.07650041603853092,0.046664538768404165,0.034830494606979956,0.3674552572478372,true,0.20114287592740857
naive,0.1,0.06822671169298847,0.25275991419115923,-0.05059236046079753,0.2814905941153323,true,0.11544911682726737
naive,0.1,0.09680751410756037,0.0864072911447545,0.007531090949273012,0.36243454974074923,true,0.18498282034501112
naive,0.1,0.11284493515381987,0.38423302146722316,-0.07481339575525477,0.2428638199547576,true,0.0840252120997514
naive,0.1,0.1337056177669867,0.11552546183111488,-0.0064690043015294685,0.293189136191059,true,0.14336006594476478
naive,0.1,0.10831342623005495,0.13139619391801718,-0.014040562468121354,0.32500184746034283,true,0.15548064249611074
naive,0.1,0.1585750184589237,0.004991433330574424,0.12383294259223884,0.4741922348941424,true,0.29901258874319064
naive,0.1,0.06792837614241147,0.01079938525120579,0.08338171435926203,0.38672173075511207,false,0.23505172255718706
naive,0.1,0.09048285334224405,0.0024745176156301192,0.13515840445760555,0.4569852026513974,false,0.29607180355450147
naive,0.1,0.1267201651839553,0.03335613053608073,0.051775200599700005,0.4044763023335457,true,0.22812575146662284
naive,0.1,0.12285975681776692,0.11905795357610782,-0.008150494001880199,0.30321380000963294,true,0.14753165300387638
naive,0.1,0.1251623036267051,0.03724215126777152,0.04261834482874147,0.36253434131269835,true,0.20257634307071992
naive,0.1,0.10139572608094584,0.06549690654458877,-0.3700544209161281,-0.020907950289271504,false,-0.1954811856026998
naive,0.1,0.07537889108621756,0.0008481124555442818,0.1803422672876296,0.5310300576134765,false,0.35568616245055307
naive,0.1,0.11946601025619312,0.009458299688257486,0.0878908054449227,0.39218735250919745,true,0.24003907897706006
naive,0.1,0.1151660932149953,0.17719847375798253,-0.026355301411597684,0.2671270035576398,true,0.12038585107302106
naive,0.1,0.09177687968589275,0.32950268156762824,-0.06699409982647167,0.2620765611342233,true,0.09754123065387582
naive,0.1,0.05662375414532891,0.16461303652096748,-0.025066476111371583,0.2981457494619283,true,0.13653963667527835
naive,0.1,0.08727652245274464,0.39515388440441357,-0.07423359552206958,0.23312042092154078,true,0.07944341269973561
naive,0.1,0.07802771476215391,0.019113025488446105,0.06679033934515102,0.3813665845767613,true,0.22407846196095615
naive,0.1,0.1256849915364791,0.027313483048564922,0.049865492523916255,0.3416764392869003,true,0.19577096590540827
naive,0.1,0.16578351011568615,0.0038605326801545974,0.13524503605234467,0.4927556735507486,true,0.31400035480154664
naive,0.1,0.09357212600416696,0.13591841890071088,-0.01626809063584525,0.33194856181908505,true,0.15784023559161992
naive,0.1,0.09458292992018985,0.012016179706210061,0.10115476106767399,0.48505383717214345,false,0.2931042991199087
naive,0.1,0.10215931029932689,0.04565434935415719,0.034682680496005924,0.3572411963504173,true,0.1959619384232116
naive,0.1,0.10843781864050259,0.0029213341160137106,0.13551295876437539,0.4704367719514926,false,0.302974865357934
naive,0.1,0.11365887711248447,0.04384567859970528,0.03874130279211127,0.38253487764538474,true,0.210638090218748
naive,0.1,0.10300553839165742,0.09249358138822858,0.00357993265220119,0.3173418510909129,true,0.16046089187155704
naive,0.1,0.10220311007187555,0.054180251478802864,0.02582907084889305,0.3287105512141898,true,0.17726981103154144
naive,0.1,0.07841386822933902,0.016907730071273393,0.06977622616369478,0.3783626053345324,true,0.2240694157491136
naive,0.1,0.05488795563565916,0.1448576905457204,-0.016889417404466256,0.28036329524789333,true,0.13173693892171354
naive,0.1,0.1307799644022631,0.07037567450945971,0.015887242137146512,0.3333501064113171,true,0.1746186742742318
naive,0.1,0.08957951813684639,0.25711281535976077,-0.05214013295413476,0.2831251841716275,true,0.11549252560874639
naive,0.1,0.043548185479410174,0.00605603427675085,0.11898419860657908,0.47486282338882524,false,0.29692351099770214
naive,0.1,0.13137696546132197,0.040905079851481695,0.04077051067917126,0.3763824984071607,true,0.20857650454316598
naive,0.1,0.1594241362239709,0.017568644777158367,0.07724492480828404,0.4254728667547615,true,0.25135889578152276
naive,0.1,0.071018360886589,0.16295068141744937,-0.0231441570443639,0.2818480621311211,true,0.1293519525433786
naive,0.1,0.09832671004175052,0.01218967972972053,0.07901396916633155,0.38064712239573095,true,0.22983054578103126
naive,0.1,0.04845780071849458,0.004122403450522244,0.11511815083291965,0.4245716118010747,false,0.2698448813169972
naive,0.1,0.07961672681360393,0.025496875603593077,0.06172982390406631,0.4065428856899497,true,0.23413635479700798
naive,0.1,0.09575987863171315,0.08300464883264526,0.009328428894331192,0.35546254746114303,true,0.18239548817773713
naive,0.1,0.10235362250468481,0.0749333830681796,0.015037349921407012,0.3787273497510595,true,0.19688234983623326
naive,0.1,0.09372995581944048,0.09657184479269915,0.001804793435088048,0.35412493527722644,true,0.17796486435615724
naive,0.1,0.09260632052416948,0.4463889359456856,-0.08651204070165489,0.2356498268992047,true,0.0745688930987749
naive,0.1,0.0816066501905246,0.10755980232864666,-0.003693984041768794,0.33770579513466,true,0.1670059055464456
naive,0.1,0.08189768197258068,0.0022776505591659757,0.14265111300609273,0.4762875991356162,false,0.30946935607085446
naive,0.1,0.0697828845076305,0.05200340329264449,0.0324322172020112,0.3901582942852855,true,0.21129525574364832
naive,0.1,0.1452391138558959,0.07798895814319849,0.012473558594679274,0.3613396718219505,true,0.1869066152083149
naive,0.1,0.06218082209894205,0.08527354442160545,0.007116627489342775,0.3150784573021858,true,0.1610975423957643
naive,0.1,0.10092418897227104,0.16884700835721242,-0.029590645077762823,0.33237171944803867,true,0.15139053718513792
naive,0.1,0.12488037771939826,0.201501307374359,-0.03480167257509918,0.27667108754853925,true,0.12093470748672004
naive,0.1,0.0955472713570203,0.08231921790696368,0.00844483651796668,0.30867822061121875,true,0.1585615285645927
naive,0.1,0.09708315023933259,0.09479778142071196,0.0027695424061534857,0.3564402873698713,true,0.1796049148880124
naive,0.1,0.10670133164307723,0.03798949524168539,0.045424892805075834,0.3928547592519084,true,0.2191398260284921
naive,0.1,0.08145467881326257,0.019764323965239423,0.07430483741921165,0.43066501547189073,true,0.2524849264455512
naive,0.1,0.11433485827790445,0.0005866832554447524,0.19728771136039405,0.5592929685427664,false,0.37829033995158023
naive,0.1,0.11621907640825244,0.03023434210648637,0.05646162129232185,0.41218527665269866,true,0.23432344897251026
naive,0.1,0.04712290867410913,0.30662964570759266,-0.06804645420653327,0.2915369819580577,true,0.11174526387576222
naive,0.1,0.08034852297087688,0.00022223107490404833,0.20501745820844297,0.5344257952417943,false,0.36972162672511866
naive,0.1,0.10287422220215618,0.03716463200164328,0.0428315128157247,0.3637242649690525,true,0.2032778888923886
naive,0.1,0.11848252960481402,0.14376702612534525,-0.02025801393025098,0.34401488018565807,true,0.16187843312770353
naive,0.1,0.13134211620006306,0.14181916009253062,-0.018225242036394945,0.32281320729735286,true,0.15229398263047897
naive,0.1,0.11347386153185529,0.043543261590375144,0.03832340191493161,0.3757705422926394,true,0.2070469721037855
naive,0.1,0.14814004593708444,0.06767202748300127,0.01877346057355539,0.35749380283143206,true,0.18813363170249373
naive,0.1,0.10167128854017517,0.1664059300242921,-0.025554181799499143,0.29652623530485456,true,0.1354860267526777
naive,0.1,0.08848132348730595,0.14054509615491168,-0.32290299716255155,0.01771467330800411,false,-0.1525941619272737
naive,0.1,0.09586552440541882,0.09583722799142551,0.0019107176133053017,0.30815588224696755,true,0.15503329993013643
naive,0.1,0.09277273395452859,0.09668738740651431,0.001678666335877238,0.3409680230747496,true,0.1713233447053134
naive,0.1,0.11906732990036209,0.019268316248416763,0.06210852686565377,0.3559043188309332,true,0.2090064228482935
naive,0.1,0.07589200724831728,0.02762244538924277,0.05296862493653878,0.365384852019096,true,0.20917673847781737
naive,0.1,0.11367986939219782,0.10647918579004612,-0.0029048938440826844,0.30907293064368135,true,0.15308401839979935
naive,0.1,0.03415332137487869,0.007471446014808705,0.10849613494922589,0.45494935909783635,false,0.2817227470235311
naive,0.1,0.09235617559446782,0.16911125680574943,-0.02687830702896432,0.3008664238658067,true,0.1369940584184212
naive,0.1,0.11984070692136357,0.03198794875036814,0.05000237584205941,0.3791812662223886,true,0.21459182103222402
naive,0.1,0.1313441062555653,0.06433482543328571,0.021979574622043974,0.37469565918973774,true,0.19833761690589086
naive,0.1,0.1080425153366026,0.04486158833658855,0.037283282342394475,0.37694635000909715,true,0.20711481617574581
naive,0.1,0.047396798144589,0.030478502410939808,0.05604291819477075,0.41129974797767654,false,0.23367133308622365
naive,0.1,0.108038899167191,0.003267949076686766,0.11381603743125626,0.4026129402903639,false,0.25821448886081005
naive,0.1,0.15232999941591507,0.10259749221351964,-0.0011363939927074018,0.29879293154830144,true,0.148828268777797
naive,0.1,0.11256392957674403,0.021390496831353103,0.06142343955762955,0.36937142697073355,true,0.21539743326418156
naive,0.1,0.08164305941712638,0.04398700608491054,0.03684115243601352,0.36496624110125964,true,0.2009036967686366
naive,0.1,0.08475891817729277,0.02049241532570215,0.06615876800774792,0.38986164757900266,true,0.22801020779337527
naive,0.1,0.10612037057662786,0.005961170768377743,0.12392773442957242,0.49285562261392846,false,0.3083916785217504
naive,0.1,0.09044343398465969,0.1232221732559721,-0.009276164325550978,0.28566351845127025,true,0.13819367706285962
naive,0.1,0.04463214452933846,0.2446052555501316,-0.04731774010042654,0.27610065170736026,true,0.11439145580346687
naive,0.1,0.08432082820029844,0.0966290775180855,0.0015760660943098248,0.3145428170688377,true,0.15805944158157376
naive,0.1,0.1035167061640411,0.023964801269944068,0.07107383587440569,0.4525964583907443,true,0.261835147132575
naive,0.1,0.09634414748989574,0.030625077024337127,0.058291034907271305,0.4291601939277141,true,0.2437256144174927
naive,0.1,0.0986431751608917,0.24161707103455696,-0.05011250092300036,0.29775784664433674,true,0.12382267286066818
naive,0.1,0.11517403952352706,0.4760755625363453,-0.2507256566343634,0.0991450552322911,false,-0.07579030070103616
naive,0.1,0.08257839643517656,0.09726254202669109,0.0012624199823653426,0.31075874395490655,true,0.15601058196863593
naive,0.1,0.06890387278282308,0.12307875051123325,-0.009557903254866967,0.29608243806046053,true,0.1432622674027968
naive,0.1,0.08689766182107617,0.5032525671194221,-0.0895212009179935,0.21238219365494498,true,0.06143049636847574
naive,0.1,0.11774636805098558,0.03816040023811479,0.039805610399262115,0.34556499456073525,true,0.19268530247999868
naive,0.1,0.12194660838553413,0.062498451700520256,0.019725198033744534,0.3175376420296253,true,0.16863142003168494
naive,0.1,0.13689358717115052,0.0029153830019574213,0.13560000294641458,0.4705815721229827,true,0.30309078753469865
naive,0.1,0.10015314497942046,0.0218168514183935,0.06614266779992589,0.4015736776836275,true,0.2338581727417767
naive,0.1,0.06737209357425696,0.4892891311355587,-0.09591111017729419,0.23502546968856963,true,0.06955717975563773
naive,0.1,0.07918146114388576,0.017543617344841347,0.06539138275647646,0.35996993266844135,true,0.2126806577124589
naive,0.1,0.1178849038584246,0.06426928161722748,0.023345004259659963,0.3971434182177984,true,0.2102442112387292
naive,0.1,0.10580874513505205,0.06721370634867221,0.017565606425030383,0.3292657960370923,true,0.17341570123106131
naive,0.1,0.10037869814451855,0.030374515731876342,0.053807288918673285,0.39400328758161496,true,0.2239052882501441
naive,0.1,0.06833165048928767,0.05809045717791751,0.024837403939040742,0.3514581457053022,true,0.1881477748221715
naive,0.1,0.14425537145516684,0.0005078693621792501,0.19113466577617433,0.5344065250787795,false,0.3627705954274769
naive,0.1,0.09539897197193499,0.06134980786032856,0.021089943762296864,0.32792751812829213,true,0.1745087309452945
naive,0.1,0.08020250308805521,0.04340214733565936,0.035048777989089036,0.3425442786568206,true,0.18879652832295482
naive,0.1,0.10027228682026108,0.015943569755273963,0.0843215872977583,0.4467608994744835,true,0.2655412433861209
naive,0.1,0.10810450932714365,0.004698706941837057,0.11561346192706623,0.43734694516113626,false,0.27648020354410124
naive,0.1,0.15295175702360975,0.0292379852036045,0.056996794891188085,0.4072014069606383,true,0.23209910092591318
naive,0.1,0.09609636893046491,0.0036549720820374942,0.1313152616420229,0.4737161662376227,false,0.3025157139398228
naive,0.1,0.07912218617096073,0.11651430082471091,-0.008099386378712686,0.3458414576518011,true,0.16887103563654418
naive,0.1,0.11193354375236399,0.028393490882129477,0.05004285782081297,0.35103111339138643,true,0.2005369856060997
naive,0.1,0.03611673520659788,0.47957292548557096,-0.09744491414264307,0.24435863105665678,true,0.07345685845700685
naive,0.1,0.11655845403292119,0.10404646222432423,-0.0018821899581726864,0.31879758024337834,true,0.15845769514260283
naive,0.1,0.11474573279405645,0.08742868954706635,0.00664065892351387,0.346565884073181,true,0.17660327149834745
naive,0.1,0.11167359467230735,0.06227769073054908,0.022087617402568177,0.3531813657110794,true,0.18763449155682377
naive,0.1,0.07240106786688723,0.18459954080089422,-0.03559259104990378,0.3324640264739904,true,0.1484357177120433
naive,0.1,0.12968696199195973,0.004645508231605138,0.10949103919801292,0.4132503817806965,true,0.26137071048935473
naive,0.1,0.11356771951136667,0.005300886549993611,0.11245388609858559,0.43602539757819286,true,0.2742396418383892
naive,0.1,0.09495787937001117,0.1573146063514853,-0.02209685130364708,0.2930072975401972,true,0.13545522311827507
naive,0.1,0.11441788288565534,0.0064430417732859666,0.09695374126776099,0.3924181900087378,true,0.2446859656382494
naive,0.1,0.12051759050233697,0.016618988643620443,0.07910650697928562,0.4260077565955194,true,0.2525571317874025
naive,0.1,0.1264318037216184,0.1413933159816213,-0.018537718465823222,0.3314775975573445,true,0.15646993954576063
naive,0.1,0.11624843000144962,0.0020026320204480194,0.14523978444842195,0.4758974433935304,false,0.3105686139209762
naive,0.1,0.1029846069791707,0.04835496097047759,0.032156604501062336,0.35332117060297563,true,0.19273888755201898
naive,0.1,0.11349141212902304,0.007783224680633819,0.10004829054982864,0.4238423842940343,true,0.2619453374219315
naive,0.1,0.1063113078756227,0.04224585542275449,0.03718481734688878,0.3539005381658811,true,0.19554267775638492
naive,0.1,0.14507333393979252,0.21315405316558012,-0.03941513295038053,0.2848149560559683,true,0.12269991155279387
naive,0.1,0.07024417884336118,0.024521515679445355,0.06654085165162199,0.4289551650276828,true,0.2477480083396524
naive,0.1,0.08882200537852049,0.043336844859159944,0.03549100700186286,0.34634428330874456,true,0.1909176451553037
naive,0.1,0.0643526039917142,0.19469266218907066,-0.03750844648266485,0.31703283427016316,true,0.13976219389374916
naive,0.1,0.0684186131191233,0.05519621308735516,0.029098288535577305,0.3804145563937169,true,0.2047564224646471
naive,0.1,0.050092362390559135,0.18301269448514776,-0.029467927870315908,0.2799333318826627,true,0.12523270200617337
naive,0.1,0.139577775630522,0.004326937520989273,0.13142231535398707,0.4891917737839562,true,0.3103070445689716
naive,0.1,0.10269989380236537,0.09473232482504788,0.0025853863502765806,0.32854776227675275,true,0.16556657431351465
naive,0.1,0.09603294553465175,0.09688031270064767,0.00148533085376229,0.3205158513763867,true,0.1610005911150745
naive,0.1,0.131690074935411,0.0035183379384671905,0.12080812111896114,0.43286872769001794,true,0.2768384244044895
naive,0.1,0.13686381769819417,0.04962170083938394,0.029667646568185657,0.33623499385990413,true,0.1829513202140449
naive,0.1,0.11644621992554618,0.05390957658843747,0.024958672028978057,0.3153872878929036,true,0.17017297996094083
naive,0.1,0.0968635037753339,0.20451934698019456,-0.03823271201515882,0.2962087436343729,true,0.12898801580960703
naive,0.1,0.06663926209558427,0.2769659749005026,-0.05281908079425998,0.2587487704774437,true,0.10296484484159188
naive,0.1,0.07456230560560938,0.2972447389390795,-0.06017631677155022,0.26839564359022705,true,0.10410966340933842
naive,0.1,0.12072040234351897,0.054219021853407406,0.024158060645360246,0.30775806963915575,true,0.165958065142258
naive,0.1,0.09389954646093755,0.04095348727308905,0.037241710559161006,0.3441820903619539,true,0.19071190046055747
naive,0.1,0.11392008496053896,0.069080554161778,0.017835461185791712,0.3569120009818396,true,0.18737373108381566
naive,0.1,0.07135088559558764,0.06388522903142661,0.0216080485478716,0.3631513225486831,true,0.19237968554827736
naive,0.1,0.13057346357330238,0.0874529484427115,0.006284486916161042,0.32863475910944484,true,0.16745962301280293
naive,0.1,0.12949858678614487,0.0015361583055081547,0.14148565323893592,0.44711505472971813,false,0.294300353984327
naive,0.1,0.1349295812756935,0.03266158794312508,0.05129669956213817,0.39472995752960693,true,0.22301332854587255
naive,0.1,0.07122572591014606,0.001604242307440329,0.14246153629192052,0.45277256120112397,false,0.29761704874652223
naive,0.1,0.11024539446207542,0.009880466434588047,0.10591317817190013,0.47850620149998546,true,0.2922096898359428
naive,0.1,0.09692899093236987,0.02915226754753091,0.055004347592712804,0.3922370974535072,true,0.22362072252311002
naive,0.1,0.09572224217633994,0.09049253091706011,0.004883301635585868,0.33990035505729516,true,0.1723918283464405
naive,0.1,0.08285816895512775,0.022972509979550644,0.06239948330086034,0.38873281980804564,true,0.225566151554453
naive,0.1,0.058104123353354326,0.18151116366412284,-0.03233873446256491,0.31224245105414095,true,0.13995185829578802
naive,0.1,0.08499135392907785,0.1536516723041824,-0.01977148557318187,0.278447788226598,true,0.12933815132670806
naive,0.1,0.10420770429294113,0.060408222016723336,0.02346788114252263,0.3548819800113557,true,0.18917493057693915
naive,0.1,0.10522074546656222,0.004892209463864714,0.12227258092112081,0.46630552703173445,false,0.29428905397642763
naive,0.1,0.06087055667669514,0.01424452933902925,0.08823175535390473,0.448269731793429,false,0.26825074357366685
naive,0.1,0.11086441126094665,0.0030561286712536733,0.12911944083979246,0.4515997864405443,false,0.2903596136401684
naive,0.1,0.10726015980833672,0.09342656535575991,0.0031416245990717184,0.31881661038713127,true,0.16097911749310148
naive,0.1,0.1432168062409748,0.06593669207484665,0.021622580555837462,0.38828183448265985,true,0.20495220751924864
naive,0.1,0.07638153636693686,0.07191051813219984,0.01716044440490236,0.38177086469329036,true,0.19946565454909634
naive,0.1,0.12702857624480274,0.023659867098757684,0.059855772530502865,0.3786037909765352,true,0.219229781753519
naive,0.1,0.11041306772970817,0.6340386938247692,-0.20659456579849578,0.11385168393064937,true,-0.0463714409339232
naive,0.1,0.12025089876374612,0.06583317312904768,0.018995969504943117,0.3399503300534049,true,0.179473149779174
naive,0.1,0.08026731077042291,0.11812385167740558,-0.006891414109992888,0.2690542945388481,true,0.1310814402144276
naive,0.1,0.09383887154339521,0.01452166406448481,0.08848253011187265,0.45268062002770904,true,0.27058157506979086
naive,0.1,0.11979304926845186,0.01156421342357123,0.08632475446485818,0.40891670490462984,true,0.247620729684744
naive,0.1,0.09605645811373857,0.022183237743561988,0.0666149070612641,0.40776760259969913,true,0.23719125483048162
naive,0.1,0.07525736468456219,0.3634882082321571,-0.08194785850756382,0.28427806556971913,true,0.10116510353107765
naive,0.1,0.12706044043565493,0.053775784917932355,0.031018786976972523,0.39059684045033616,true,0.21080781371365434
naive,0.1,0.14608020358076762,0.022698874970188777,0.06292637086440886,0.38963968228479795,true,0.22628302657460342
naive,0.1,0.0848175172333419,0.038415599601760574,0.04116165841726216,0.3593694678716325,true,0.20026556314444732
naive,0.1,0.08337034810532587,0.17286978421234023,-0.030320409842718526,0.3236206271948132,true,0.14665010867604733
naive,0.1,0.13165022235278528,0.24452664122372525,-0.05087951604227475,0.29702390237088666,true,0.12307219316430595
naive,0.1,0.07666093214721716,0.13857537167594938,-0.015880101464321533,0.3031744564687452,true,0.14364717750221184
naive,0.1,0.08636757644274708,0.062221425661099054,0.020703937359180163,0.33049019118309153,true,0.17559706427113583
naive,0.1,0.14205677473938447,0.04990346975458366,0.03113498753823629,0.3553295072027927,true,0.1932322473705145
naive,0.1,0.12104501496096427,0.2472471930245228,-0.046773856202876454,0.2686726583838318,true,0.11094940109047767
naive,0.1,0.08820910396607141,0.021754979271540777,0.06960048930464255,0.4219819959175257,true,0.24579124261108415
naive,0.1,0.0893258568959128,0.008434574983450458,0.10012733396045811,0.4330774197651559,false,0.266602376862807
naive,0.1,0.10122796103164534,0.08289623826960674,0.008841550042060303,0.3346651538767811,true,0.1717533519594207
naive,0.1,0.13540812039031067,0.12132673855635581,-0.009338274758293852,0.3119190577326418,true,0.15129039148717396
naive,0.1,0.10912581971493045,0.052882880922805124,0.029304247417459184,0.36055840568453457,true,0.19493132655099688
naive,0.1,0.12169482625125802,0.34530517293143687,-0.0702831206193209,0.25949107924168213,true,0.09460397931118061
naive,0.1,0.09965978103694258,0.029437181351114977,0.051489954508122826,0.3694510961835367,true,0.21047052534582977
naive,0.1,0.09892383497422147,0.07998968269199622,0.010838329294615617,0.34754767318256163,true,0.1791930012385886
naive,0.1,0.08921465157825463,0.17218683172493826,-0.027408969811256373,0.2950289780721802,true,0.1338100041304619
naive,0.1,0.11609171023345181,0.09960256033724615,0.0001826182982657687,0.3114830508807373,true,0.15583283458950153
naive,0.1,0.1391800377289075,0.0016767536710377922,0.14554749562090935,0.4653159515090238,false,0.30543172356496656
naive,0.1,0.1040237268110755,0.0005561399250820006,0.18530282355810793,0.5225979627990567,false,0.3539503931785823
naive,0.1,0.14572591689948458,0.004734941369291441,0.1282520746654589,0.48590128551136486,true,0.3070766800884119
naive,0.1,0.13898307941768517,0.003665782834864712,0.11680718983937313,0.4216019568993763,true,0.2692045733693747
naive,0.1,0.11687724007756983,0.38627373225685385,-0.0818886478934252,0.2641664623949615,true,0.09113890725076815
naive,0.1,0.12454544079959728,0.016262939547815405,0.07689922005642483,0.41059344940692855,true,0.24374633473167667
naive,0.1,0.11577398615332209,0.01747130686260538,0.07241718676976278,0.39796651216510814,true,0.23519184946743546
naive,0.1,0.07371015725244787,0.10058509787519586,-0.00030407698425666263,0.35317331929480994,true,0.17643462115527664
naive,0.1,0.11058468294828953,0.27652696621345424,-0.05776932592705898,0.28360739959456904,true,0.11291903683375502
naive,0.1,0.11128732024734174,0.1313038786799949,-0.014395949918037998,0.33415205514026236,true,0.15987805261111218
naive,0.1,0.10510165878015729,0.06447886285362533,0.018839206811697456,0.3226396439669923,true,0.1707394253893449
naive,0.1,0.10633232875842097,0.172995449103214,-0.025657867907886725,0.27343255441925235,true,0.1238873432556828
naive,0.1,0.08131965569199283,0.005840221871616748,0.11700366333551762,0.4632165788640953,false,0.29011012109980644
naive,0.1,0.12498238028616926,0.009815577405494793,0.09099371416311414,0.41032466667863826,true,0.2506591904208762
naive,0.1,0.12063627286491108,0.016522109530240817,0.08779662147403358,0.4717094866086923,true,0.2797530540413629
naive,0.1,0.07005292514274647,0.2795052176640034,-0.05970575953645631,0.28890402963500555,true,0.11459913504927462
naive,0.1,0.12347093423293598,0.13465570121750914,-0.015061648796816818,0.31778749276052426,true,0.15136292198185372
naive,0.1,0.1012265721845752,0.04389304912520392,0.03876540884289209,0.38319323647589465,true,0.21097932265939337
naive,0.1,0.09942914249636023,0.003073787432767053,0.14424683512705208,0.5049943515296879,false,0.32462059332836996
naive,0.1,0.10808898942462025,0.08156220514828715,0.010284565859480593,0.35965965935074307,true,0.18497211260511182
naive,0.1,0.0717304620601837,0.23931076138436136,-0.04761760676252069,0.28699854074388,true,0.11969046699067964
naive,0.1,0.09264816007124206,0.0375428234510154,0.043070311542154543,0.36882302564421343,true,0.20594666859318397
naive,0.1,0.11802477714283799,0.01384234370956812,0.07797260673382808,0.3921365315415918,true,0.23505456913770995
naive,0.1,0.09453485367080866,0.026406867725874725,0.06503264634837039,0.43689132012729026,true,0.2509619832378303
naive,0.1,0.09994429527872273,0.032945944880988856,0.0493659619229776,0.38222849409634957,true,0.21579722800966358
naive,0.1,0.1682344827032722,0.0027364019472109267,0.13529472759525882,0.46472940822768194,true,0.3000120679114704
naive,0.1,0.1114039853888788,0.1822366929244726,-0.02878248320106319,0.27571914847603674,true,0.12346833263748677
naive,0.1,0.13615292831119827,0.0008108953665254821,0.17672164096402307,0.5178577398416945,false,0.3472896904028588
naive,0.1,0.12482703278396559,0.11914588669365292,-0.009078485695948546,0.336248033016503,true,0.16358477366027724
naive,0.1,0.0767125509386683,0.06891397896249912,-0.38993128543251837,-0.019602136642019652,false,-0.204766711037269
naive,0.1,0.10311654911597828,0.004201110937768008,0.11325957720398919,0.4192139297396529,false,0.266236753471821
naive,0.1,0.0988074775418493,0.0527391817316525,0.03295585838905046,0.40399049366344764,true,0.21847317602624905
naive,0.1,0.10103634298150323,0.06927388539054316,0.016464347505199955,0.33177596836430956,true,0.17412015793475474
naive,0.1,0.12078297538369233,0.004928993426987217,0.11779270926560237,0.4499050709268433,true,0.28384889009622283
naive,0.1,0.020857287031975886,0.43576880872912405,-0.0868201326034619,0.24317904753027597,true,0.07817945746340703
naive,0.1,0.09666995480410291,0.17823384948888196,-0.026809263483429935,0.2685109514022107,true,0.12085084395939039
naive,0.1,0.11053525786232167,0.16378120380725278,-0.02651679966515455,0.3191128732375439,true,0.14629803678619466
naive,0.1,0.10901002402234082,0.0024660698180419896,0.15034877697350277,0.508077836694909,false,0.3292133068342059
naive,0.1,0.11943886176823856,0.014833481346968972,0.07741428852801194,0.39914421493856256,true,0.23827925173328723
naive,0.1,0.10482656933413312,0.024288864388414752,0.06436145668955476,0.4127882193282931,true,0.23857483800892393
naive,0.1,0.08452862264793165,0.05589168489638576,0.02357182426409493,0.31397243452720125,true,0.1687721293956481
naive,0.1,0.09976676004045575,0.00370878725207108,0.11540918581342652,0.4174308545958043,false,0.2664200202046154
naive,0.1,0.08194205198828211,0.37384635939459404,-0.07319518775507657,0.24549572915843137,true,0.0861502707016774
naive,0.1,0.14413392299102465,0.15461688977679033,-0.023208086781210502,0.32156743299202795,true,0.14917967310540872
naive,0.1,0.09964074869414244,0.12924837926227398,-0.012439999612284203,0.3078260637010217,true,0.14769303204436876
naive,0.1,0.0916747245149234,0.10716964282814531,-0.0032757315871126125,0.31547709974200855,true,0.15610068407744798
naive,0.1,0.05663822346131182,0.11615795701507607,-0.008144023777709591,0.35514314985280815,true,0.17349956303754926
naive,0.1,0.13022719618401019,0.053912633400785004,0.027503964206575554,0.34757836918194907,true,0.18754116669426232
naive,0.1,0.12483338908552293,0.030466876882087136,0.05403680486186466,0.3964769242285736,true,0.22525686454521915
naive,0.1,0.08849048316447912,0.06969659357853604,0.01540484930195804,0.31522910196824916,true,0.16531697563510359
naive,0.1,0.0694398188274251,0.40001925091450125,-0.07647515896997761,0.23672201697522285,true,0.08012342900262262
naive,0.1,0.08527965931720363,0.14114778289483398,-0.019670198720446425,0.35367344845184046,true,0.16700162486569703
naive,0.1,0.10525687982548768,0.011727378357049975,0.0815390585289571,0.38796221884934284,true,0.23475063868914997
naive,0.1,0.09741432513149803,0.12244644683720121,-0.009409454375187254,0.29930768352460885,true,0.1449491145747108
naive,0.1,0.1637495857814253,0.11857984106542892,-0.009678408558731671,0.3689472996228287,true,0.1796344455320485
naive,0.1,0.05405548806469962,0.11279827209421016,-0.005682516106188307,0.3105534551780147,true,0.1524354695359132
naive,0.1,0.14003825212867382,0.025640481478656923,0.051449106544919965,0.3399015805885499,true,0.19567534356673494
naive,0.1,0.13680547678180832,0.02792323653474165,0.05348478987140681,0.3713642292770448,true,0.21242450957422582
naive,0.1,0.10625063571102313,0.00620679854871276,0.11739413209247357,0.4711155447332375,false,0.29425483841285555
naive,0.1,0.10332131302536514,0.015210223671663222,0.07556366859488498,0.3932485461943144,true,0.23440610739459966
naive,0.1,0.09396222568570414,0.24770042849808582,-0.050788938614037854,0.29095883541259593,true,0.12008494839927905
naive,0.1,0.13085315559951619,0.07063253456045199,0.015427859913162006,0.3268367136388647,true,0.17113228677601336
naive,0.1,0.09830065574437756,0.07462156447429365,0.013235623830730792,0.32891307349393667,true,0.17107434866233373
naive,0.1,0.08921527250288264,0.10392015852367333,-0.00210788116313404,0.36841465947469715,true,0.18315338915578155
naive,0.1,0.08683587322035866,0.04589272960679514,0.03517844604922485,0.36439202054039377,true,0.19978523329480932
naive,0.1,0.1370087453728966,0.19420677903804548,-0.03612124760400798,0.3066997576388091,true,0.13528925501740055
naive,0.1,0.08428671791051744,0.01360298228482406,0.0876547000192282,0.4381458393695526,false,0.2629002696943904
naive,0.1,0.10370280417105009,0.05543965811290826,0.024332546127096122,0.320188115688616,true,0.17226033090785606
naive,0.1,0.1261233962768727,0.14082108331608884,-0.015676643660369194,0.28396058140505004,true,0.13414196887234042
naive,0.1,0.09562069968520781,0.05406384140104256,0.025724970583151097,0.32638683685493947,true,0.17605590371904528
naive,0.1,0.09551661984933021,0.0011661192608687593,0.16993769634581615,0.5188641503937909,false,0.3444009233698035
naive,0.1,0.09196642039426832,0.0016236797989904587,0.1645799461777647,0.5239058564937571,false,0.3442429013357609
naive,0.1,0.05046158978993952,0.07539794123586847,0.012853657995795159,0.3303488983895029,true,0.171601278192649
naive,0.1,0.10238572457481566,0.036177934845138836,0.04698087549536539,0.39038060571474603,true,0.2186807406050557
naive,0.1,0.10804106984247151,0.04468736414961108,0.03989428172194048,0.40170569994563227,true,0.22079999083378637
naive,0.1,0.043854920822267565,0.05907204729488029,0.023299826727445183,0.3389860943855669,true,0.18114296055650606
naive,0.1,0.14315446344790045,0.10396509175144299,-0.001961946646165419,0.33905922778185416,true,0.16854864056784438
naive,0.1,0.13677616898309103,0.15174812547666303,-0.0192450828408679,0.28013924247750926,true,0.13044707981832068
naive,0.1,0.11188181118876292,0.09266129483905544,0.0037932119387180663,0.3440886426948127,true,0.1739409273167654
naive,0.1,0.10414582812113457,0.3198169248723146,-0.06345243646017773,0.2576763203367382,true,0.09711194193828024
naive,0.1,0.09783407243226212,0.09269180676108349,0.0037044890111445072,0.33747129068762277,true,0.17058788984938364
naive,0.1,0.09675537697470862,0.001775487559161318,0.1433433488618298,0.4618405746058691,false,0.30259196173384945
naive,0.1,0.1429323846793691,0.026085815139458575,0.059112584371713045,0.3943485888965693,true,0.2267305866341412
naive,0.1,0.09602294912374945,0.2537145115355157,-0.04786624665265177,0.26488880056944963,true,0.10851127695839893
naive,0.1,0.09221155711224219,0.07365531197454822,0.012973612052652156,0.3095745593981094,true,0.1612740857253808
naive,0.1,0.08524916013172568,0.0025955476797831414,0.1307152240580131,0.44525577758466967,false,0.2879855008213414
naive,0.1,0.11815081203823512,0.09296181796726526,0.0034738988419220074,0.3288457142692995,true,0.16615980655561075
naive,0.1,0.08028021541273458,0.0448129203930265,-0.38791365014938284,-0.038411728514818166,false,-0.2131626893321005
naive,0.1,0.09991492212098885,0.0009317500812142701,0.1704058626165567,0.5069907945717997,false,0.3386983285941782
naive,0.1,0.07887869391616657,0.018739758090637684,0.06309585337741805,0.35717736447784154,true,0.2101366089276298
naive,0.1,0.09814604586332011,0.012389701257151943,0.09981073849560351,0.4833983608664205,false,0.291604549681012
naive,0.1,0.10659065809488667,0.0037375783496313535,0.11404417903562292,0.41307013818996097,false,0.26355715861279194
naive,0.1,0.1113408285981898,0.05654608563673117,0.02383649334183424,0.3231884049293155,true,0.17351244913557487
naive,0.1,0.0779649724673041,0.005511495266959236,0.10391493479378189,0.4062607880043838,false,0.25508786139908285
naive,0.1,0.09847138606637726,0.17817540293105585,-0.032099535169897664,0.3217110112281744,true,0.14480573802913838
naive,0.1,0.12337345268233177,0.005527952138535304,0.10857000855337037,0.4247311738316937,true,0.26665059119253204
naive,0.1,0.08847687581140283,0.234623202668798,-0.04646756144041253,0.28852697191560295,true,0.12102970523759521
naive,0.1,0.09972788696727605,0.12685459988012943,-0.011961968543710871,0.3208758293238547,true,0.1544569303900719
naive,0.1,0.10696274476090785,0.012716483187957121,0.0992134176422576,0.48466347254763537,true,0.2919384450949465
naive,0.1,0.03767273368689827,0.19491971778883846,-0.3183491431017076,0.0377440094010332,true,-0.14030256685033718
naive,0.1,0.1213930178874733,0.0008310390782810299,0.19148953841165414,0.5626147978141404,false,0.37705216811289727
naive,0.1,0.11604919442851036,0.038334272191740126,0.04536750765607611,0.3953738756386932,true,0.22037069164738465
naive,0.1,0.11277685103995837,0.4086227153199539,-0.07952434310373294,0.24008590839698982,true,0.08028078264662844
naive,0.1,0.14791271184076973,0.0057971620437579285,0.11553255168884002,0.4566501888450867,true,0.28609137026696335
naive,0.1,0.1138648797382438,0.13168564429620228,-0.010986234430457598,0.25211792276498585,true,0.12056584416726412
naive,0.1,0.1528810087521515,0.06862658935091635,0.016205589354518934,0.3190841340175387,true,0.16764486168602882
naive,0.1,0.078172954466534,0.011865662540984822,0.09064668939665102,0.432910503656622,false,0.2617785965266365
naive,0.1,0.12654771392038883,0.021684302282497722,0.059970912916076924,0.3630231613309307,true,0.21149703712350382
naive,0.1,0.09231038798079039,0.028107307334779365,0.05013174110512178,0.34947688906598107,true,0.19980431508555144
naive,0.1,0.14271177194988496,0.12643646238792153,-0.012109450075796446,0.32969681440958365,true,0.1587936821668936
naive,0.1,0.0977665172007697,0.22913238891302787,-0.0404891687436299,0.2606876638386061,true,0.1100992475474881
naive,0.1,0.14619985647811573,0.1258486471691625,-0.010874642796550621,0.3024569433707984,true,0.1457911502871239
naive,0.1,0.09785330612895626,0.041641562452937264,0.042978199451179144,0.40344357699932487,true,0.223210888225252
naive,0.1,0.023319934729776844,0.28796602404109667,-0.062116554928080964,0.28883573115387984,true,0.11335958811289942
naive,0.1,0.13790786443400954,0.002822276938163698,0.12461074342607853,0.4301644839175029,true,0.2773876136717907
naive,0.1,0.113047773987393,0.24818619620080157,-0.05008442813976835,0.2861068017271674,true,0.11801118679369951
naive,0.1,0.06581974050355012,0.2544848470412084,-0.05566443752557712,0.3067119896159439,true,0.12552377604518342
naive,0.1,0.08157711812142453,0.051383750593186506,0.030639813351077266,0.36285336980376437,true,0.19674659157742083
naive,0.1,0.12982765995753884,0.07813933324910705,0.010977905623943629,0.32035403377250843,true,0.16566596969822603
naive,0.1,0.14524910926172602,0.008420771798098404,0.09473935247983975,0.40959600094879167,true,0.2521676767143157
naive,0.1,0.10700542110346214,0.05096868351719938,0.031193494926017834,0.36557245928578874,true,0.1983829771059033
naive,0.1,0.08909569719393222,0.0025125472526158713,0.13832909171248314,0.46880931351511584,false,0.3035692026137995
naive,0.1,0.057983642360992564,0.16191507872602678,-0.025412647264734134,0.31415764092661497,true,0.14437249683094042
naive,0.1,0.12546263285046205,0.2759906873740363,-0.057744250904782135,0.2842311459697381,true,0.11324344753247798
naive,0.1,0.10146634159818423,0.028663772401651234,0.05153945269018831,0.363655554977509,true,0.20759750383384865
naive,0.1,0.0735522334351348,0.06431371208877001,0.02116418415353638,0.3605528447372195,true,0.19085851444537794
naive,0.1,0.09524435401084096,0.2236479988446942,-0.0405978053400535,0.2714691676204354,true,0.11543568114019093
naive,0.1,0.10814592308911082,0.19283929890470955,-0.03601613274824453,0.30978894160967196,true,0.13688640443071373
naive,0.1,0.10583296839481095,0.06866410829422534,0.018726213421215304,0.36920584644755494,true,0.19396602993438514
naive,0.1,0.08063225780638496,0.026496722441804864,0.05676869555907266,0.3821216086939328,true,0.21944515212650273
naive,0.1,0.07529548920752524,0.00025151163476030665,0.20285050337209287,0.5338844338864763,false,0.3683674686292846
naive,0.1,0.12501687356407928,0.12466708735106935,-0.010391584985991159,0.30215034831879173,true,0.1458793816664003
naive,0.1,0.12692395261171452,0.06045414006730868,0.022693104831035732,0.34362791052186625,true,0.183160507676451
naive,0.1,0.166862044175087,0.005072699062782782,0.11175520520941742,0.4293650057430147,true,0.27056010547621606
naive,0.1,0.13013625942972762,0.19429689592496216,-0.03356647273228472,0.2847666893687103,true,0.1256001083182128
naive,0.1,0.10633989753961524,0.012747383059104863,0.07899071394986537,0.3861871701276449,true,0.23258894203875513
naive,0.1,0.092901018193157,0.01790556023751418,0.07064209964302315,0.39219748353130207,true,0.2314197915871626
naive,0.1,0.07352721570954437,0.0011492224078615975,0.1527201133325277,0.46548390563100406,false,0.30910200948176586
naive,0.1,0.15515911686430167,0.004754683602822681,0.13223128192249795,0.5013944211335337,true,0.31681285152801586
naive,0.1,0.1267616674891654,0.042895427685519696,0.037979650693685,0.36688400473022686,true,0.20243182771195592
naive,0.1,0.0912672418303671,0.04952155480294101,0.03170579066420409,0.35844838636872667,true,0.19507708851646538
naive,0.1,0.08525716055342207,0.32132689807006304,-0.27036058526135265,0.06697199227655552,false,-0.10169429649239857
naive,0.1,0.08223547304946302,0.05002512706287064,0.030146251148425174,0.34508361939536764,true,0.1876149352718964
naive,0.1,0.10438413717909616,0.02882863497894676,0.0570164160999278,0.40374156287738716,true,0.23037898948865748
naive,0.1,0.07442494254470935,0.00901785185993145,-0.4083481839730021,-0.09272945515816758,false,-0.2505388195655848
naive,0.1,0.10031223615268747,0.03836363898499927,0.04418053881375689,0.38528097768874425,true,0.21473075825125057
naive,0.1,0.10126873820295988,0.011264916523534422,0.08043390115342508,0.37790282460270574,true,0.2291683628780654
naive,0.1,0.0907898234691658,0.2519238555550674,-0.047855437595299824,0.26753225761272553,true,0.10983841000871285
naive,0.1,0.13596006747895753,0.09677467382021197,0.0017657261632382792,0.36844109723067187,true,0.18510341169695507
naive,0.1,0.09398597097848811,0.3015147220748232,-0.059097154674523006,0.25874505962791317,true,0.0998239524766951
naive,0.1,0.1440231144417092,0.1970063922440496,-0.03368066339541752,0.27867164194727745,true,0.12249548927592997
naive,0.1,0.13655576771639025,0.012738897679563158,0.08365347712727683,0.4088925435861783,true,0.24627301035672758
naive,0.1,0.06462482383990446,0.014541253008516346,0.07553192609133683,0.3866140490707718,false,0.23107298758105432
naive,0.1,0.10382180133626523,0.3058050392669368,-0.05955081681216065,0.2560226892462132,true,0.09823593621702628
naive,0.1,0.08684083156282386,0.110588899918241,-0.005181036183663473,0.34052798830309616,true,0.16767347605971633
naive,0.1,0.1372273820053781,0.022661758529912156,0.06628264284990631,0.4100830730859352,true,0.23818285796792077
naive,0.1,0.16976707346399028,0.15523806106912189,-0.025148324810630535,0.34487388249320994,true,0.1598627788412897
naive,0.1,0.11308201716546191,0.00024016618806439573,0.20413027384829152,0.53531265478204,false,0.3697214643151658
naive,0.1,0.07183836026727142,0.2197863777488692,-0.04368336419248495,0.30030940304050857,true,0.1283130194240118
naive,0.1,0.09517821111271632,0.0023916120815581266,0.13293408295245915,0.44712496426310877,false,0.29002952360778395
naive,0.1,0.17333201736042556,0.03953187954441727,0.04250526835315943,0.38045976210723076,true,0.2114825152301951
naive,0.1,0.06504502166101726,0.025815062891681475,0.05284258141243889,0.35044231196463105,true,0.20164244668853495
naive,0.1,0.12933280305448003,0.018057548596515562,0.0763181746070922,0.4252211953839462,true,0.2507696849955192
naive,0.1,0.1129175509185715,0.1402226954697496,-0.01647528190765607,0.3025453309766483,true,0.14303502453449612
naive,0.1,0.11741642964804537,0.09103940662199894,0.004158050268067065,0.3075473833946114,true,0.15585271683133922
naive,0.1,0.10499046210431412,0.09945559263981843,-0.32672975236614654,-0.00026248984721075064,false,-0.16349612110667863
naive,0.1,0.08471842508780052,0.035229339704509074,0.0460539266903765,0.37479656252834204,true,0.21042524460935927
naive,0.1,0.08338282139949414,0.014443225453437692,0.08155962504962672,0.4164442721562123,true,0.24900194860291952
naive,0.1,0.10578750482551269,0.01496319736450621,0.07724463321230884,0.3995523612035108,true,0.23839849720790982
naive,0.1,0.08217714188986308,0.010736904227017756,0.09704471457343014,0.4493023016160912,false,0.27317350809476065
naive,0.1,0.08684679785862652,0.04381386911716585,0.03421964311519435,0.3376387912522526,true,0.18592921718372346
naive,0.1,0.06328355497006936,0.03311984378697718,0.045687543597248775,0.35508798278886566,true,0.20038776319305723
naive,0.1,0.07865572649468822,0.08160708696382196,-0.34422228301483004,-0.009817821562565304,false,-0.17702005228869766
naive,0.1,0.1106821794819979,0.30520268729888456,-0.26505145073693853,0.06149475980993892,false,-0.1017783454634998
naive,0.1,0.10697999951572597,0.1438574575389536,-0.019773244980819282,0.33514273412912554,true,0.15768474457415313
naive,0.1,0.12690930971865463,0.011228176911624987,0.08084068324402302,0.3794298705708429,true,0.23013527690743296
naive,0.1,0.09576254612155881,0.15123568524197636,-0.020775008168824577,0.30517842852394084,true,0.14220171017755814
naive,0.1,0.11343515919290559,0.4374217335087515,-0.08254752524719872,0.23019855779087367,true,0.07382551627183748
naive,0.1,0.07887903151611048,0.05997948073925555,0.023457004165085477,0.35030871196625235,true,0.1868828580656689
naive,0.1,0.12433882881802273,0.022228398084508147,0.06389077893170914,0.3914869149162401,true,0.22768884692397462
naive,0.1,0.10088756670443144,0.05991980132962419,0.023957512919669383,0.35716397208693573,true,0.19056074250330257
naive,0.1,0.11631004664552472,0.022971287817017242,0.06048603931719909,0.3768023339223603,true,0.2186441866197797
naive,0.1,0.09277004868178342,0.13334683342371598,-0.013831246741941972,0.30254193145549163,true,0.14435534235677483
naive,0.1,0.16397597545160522,0.035066815099523335,0.043632887784857854,0.3538325495503905,true,0.19873271866762418
naive,0.1,0.13368246697210556,0.26804850003866937,-0.049110579323706716,0.251584939091013,true,0.10123717988365313
naive,0.1,0.1085626925912473,0.012985996592642402,0.08872092161041903,0.4364702897964565,true,0.26259560570343776
naive,0.1,0.08356027636686338,0.24828298672468144,-0.050033941860476785,0.2856565684075314,true,0.1178113132735273
naive,0.1,0.04777953946156596,0.18894562034866177,-0.034410487121244726,0.3074308956920438,true,0.13651020428539953
naive,0.1,0.08488574068472807,0.03743249865376976,0.04016699384151373,0.34312260875218575,true,0.19164480129684974
naive,0.1,0.08449367975659379,0.0393692810706603,0.043713678830550634,0.38985479886249874,true,0.21678423884652467
naive,0.1,0.10037822781097651,0.07381022997920067,0.012912525685294024,0.31010102717577614,true,0.16150677643053507
naive,0.1,0.09722698278854483,0.12052655239336124,-0.00868286758053402,0.3008329737007529,true,0.14607505306010946
naive,0.1,0.10940396419169084,0.0030332282008994436,0.13911230396077934,0.4859405890039079,false,0.3125264464823436
naive,0.1,0.10388271877430887,0.02897680788228085,0.05620030764464212,0.39924354345005353,true,0.22772192554734783
naive,0.1,0.08755444069729776,0.17038028251038795,-0.029060159888592035,0.3200075355017721,true,0.14547368780659004
naive,0.1,0.12929313290828703,0.00048419049100848215,0.1774433734494091,0.4939176551075021,false,0.3356805142784556
naive,0.1,0.12256083006772969,0.0017077534872280847,0.13883455149071172,0.4449519293075542,false,0.29189324039913295
naive,0.1,0.09695117274083233,0.017996749208251173,0.07888519242775113,0.43889891872218,true,0.2588920555749656
naive,0.1,0.08205169400683693,0.03152126098480524,0.04789953477011738,0.3595747376265204,true,0.2037371361983189
naive,0.1,0.12312570336848846,0.15689607509268116,-0.021451959652907637,0.28636026902957884,true,0.1324541546883356
naive,0.1,0.10669404842802235,0.1145458500726772,-0.310414043661263,0.006430652142531107,false,-0.15199169575936594
naive,0.1,0.10113451527438677,0.026457430337769764,0.057963708660687674,0.38983145848314116,true,0.22389758357191442
naive,0.1,0.12878653676584242,0.10309306769905652,-0.0015612065192804059,0.3451379746355664,true,0.171788384058143
naive,0.1,0.1290723090455457,0.01929082397191023,0.06893632595568722,0.3952346443733097,true,0.23208548516449845
naive,0.1,0.0812017231150123,0.004242242732436809,0.11749158697010109,0.435685162239401,false,0.27658837460475105
naive,0.1,0.11343870083907011,0.003262868839092654,0.11603990429685165,0.4103702619544233,false,0.26320508312563745
naive,0.1,0.09593656157255803,0.04658230343842786,0.033108004426035176,0.3486000004857095,true,0.19085400245587233
naive,0.1,0.14100802380904262,0.19531123543236115,-0.038648230924780674,0.3247918813055266,true,0.14307182519037295
naive,0.1,0.1102663583363089,0.09142205346636752,0.003993368318273932,0.3088672794850582,true,0.15643032390166609
naive,0.1,0.08493415403545289,0.3199969798455528,-0.06664914509955894,0.2704660197374508,true,0.10190843731894594
naive,0.1,0.0987859560525333,0.047678048738544414,0.033243126860885985,0.3593281016972313,true,0.19628561427905863
naive,0.1,0.12447843337629698,0.00008878027017082705,0.22477740937726964,0.5498801322711554,false,0.3873287708242125
naive,0.1,0.10848048506831147,0.3342948939753683,-0.07182944760600245,0.2759975562701115,true,0.10208405433205454
naive,0.1,0.09521547779461513,0.02521305853605117,0.06322879496661343,0.4138357208982979,true,0.23853225793245567
naive,0.1,0.050043076388975975,0.007575460973326744,0.0950516962845803,0.3999464499468314,false,0.24749907311570585
naive,0.1,0.13647186788037594,0.13629852299874212,-0.012947902817779258,0.2616162445009283,true,0.12433417084157451
naive,0.1,0.09623545767713805,0.2528539515562755,-0.04784569122739571,0.2660664621072184,true,0.10911038543991136
naive,0.1,0.08247707307725856,0.1632875403726254,-0.027380403317119523,0.3318301749873296,true,0.15222488583510502
naive,0.1,0.11979309030103594,0.1789499587711118,-0.0315587463259068,0.3135172309492493,true,0.14097924231167128
naive,0.1,0.07951102838327545,0.07289008333555991,0.016320638825762124,0.3774697549945582,true,0.19689519691016016
naive,0.1,0.08058690837092222,0.0257904512635191,0.0640048082687863,0.42423995010183646,true,0.24412237918531138
naive,0.1,0.10772294455816611,0.10269150557218812,-0.0012595089638102464,0.3196698185958937,true,0.15920515481604172
naive,0.1,0.10653332809398708,0.001739690176282749,0.14838083957986456,0.4767434149453139,false,0.31256212726258925
naive,0.1,0.11656450379909042,0.028888097695631207,0.061583672776444,0.43664575646660225,true,0.24911471462152313
naive,0.1,0.11281926918337405,0.08707467918754351,0.006048199719594111,0.3066894519026876,true,0.15636882581114084
naive,0.1,0.11411310496675123,0.3146686377485234,-0.0586910552358839,0.24328354294708543,true,0.09229624385560077
naive,0.1,0.0835839072313478,0.17238001228235483,-0.0288525156041905,0.30982295660605297,true,0.14048522050093123
naive,0.1,0.11064122398064574,0.037170052209367366,0.04211957423096899,0.35772132004508106,true,0.199920447138025
naive,0.1,0.08399779740957651,0.04451925502487564,0.03332195405492061,0.33421397847211537,true,0.183767966263518
naive,0.1,0.11134357056629207,0.0004138888013794978,0.20687263921641644,0.5676753305399815,false,0.387273984878199
naive,0.1,0.0700969133699187,0.02993843419659545,0.05097443646099273,0.36974807494377493,true,0.21036125570238381
naive,0.1,0.09182323706058891,0.09798984388875003,0.0009131136077827062,0.3066725081088395,true,0.15379281085831112
naive,0.1,0.07781489271527839,0.055232155599923796,0.02554223623334817,0.33424539069316483,true,0.1798938134632565
naive,0.1,0.14330539678446053,0.018794252559139774,0.07404631259104685,0.4196957577559848,true,0.24687103517351583
naive,0.1,0.11950043422386658,0.000474451264138038,0.18177926560956792,0.5050355441152179,false,0.3434074048623929
naive,0.1,0.05476736320861919,0.031247407662203772,0.05288182386742582,0.39462490039598863,true,0.2237533621317072
naive,0.1,0.12380398552222327,0.0012212287129842589,0.16238938962940663,0.4985796667217617,false,0.33048452817558416
naive,0.1,0.09687825304912338,0.05586713351287349,0.0276268284114336,0.36774056321854964,true,0.19768369581499162
naive,0.1,0.08684276150550674,0.16520720561394214,-0.026106922061420595,0.30796338852878535,true,0.14092823323368237
naive,0.1,0.07062609189309298,0.34773443918046937,-0.06814133002980562,0.24943547868644722,true,0.0906470743283208
naive,0.1,0.12871274710484035,0.03422607946074352,0.05152853200147625,0.4102541391802613,true,0.2308913355908688
naive,0.1,0.05862025628430997,0.010200657985009432,0.08891010818927003,0.40542210527055844,false,0.24716610672991424
naive,0.1,0.12717681249035093,0.021053012301704584,0.06790278792900373,0.40524414220332095,true,0.23657346506616234
naive,0.1,0.10954681434497766,0.20133039964689475,-0.034696351801923486,0.2762435848173172,true,0.12077361650769686
naive,0.1,0.142438062757567,0.6264445881812857,-0.11116945486058472,0.20461482177413082,true,0.04672268345677305
naive,0.1,0.09364533331689812,0.0291503984385445,0.05202803207489115,0.37099789570334063,true,0.2115129638891159
naive,0.1,0.09502956695382725,0.07968917217002314,0.010667386229928466,0.33668904584378573,true,0.1736782160368571
naive,0.1,0.07277164232446934,0.17249727966521444,-0.025666790622906277,0.27521389070991553,true,0.12477355004350463
naive,0.1,0.04031975638380611,0.18474220870168295,-0.034386007665442725,0.3207124514709304,true,0.14316322190274386
naive,0.1,0.07772568066691544,0.03628624763210104,0.04433101522695035,0.36924032725892275,true,0.20678567124293656
naive,0.1,0.1333604256099276,0.08812920197714902,0.006186230200316861,0.34258571038926244,true,0.17438597029478967
naive,0.1,0.10260094905478293,0.009095250193255255,0.08720921421619468,0.38493957159358483,true,0.23607439290488977
naive,0.1,0.08094069348065452,0.24853849811141,-0.041505506546431425,0.23661195760000908,true,0.09755322552678883
naive,0.1,0.12461600509305017,0.007192465131838849,0.10232576540900873,0.4250864612765781,true,0.2637061133427934
naive,0.1,0.07881936754992935,0.01215847543340817,0.09152805719812299,0.44056636565599083,false,0.2660472114270569
naive,0.1,0.14883637237132893,0.12816903285188638,-0.011487824696747168,0.2945374881798898,true,0.14152483174157132
naive,0.1,0.09308652621717156,0.32925567237216147,-0.06912405385183809,0.2706615308914464,true,0.10076873851980417
naive,0.1,0.08509828036766548,0.021744612563047074,0.0653385403613484,0.39605014519190074,true,0.23069434277662457
naive,0.1,0.13025277541356192,0.014482842804552958,0.0840720982243125,0.4296990885796398,true,0.25688559340197614
naive,0.1,0.11529795771563267,0.029246978544279625,0.05386214093546485,0.384881585485058,true,0.21937186321026142
naive,0.1,0.08573234105562949,0.004144841173501921,0.11732533093473407,0.43315523934404543,false,0.27524028513938975
naive,0.1,0.07167623801611678,0.7285521282538668,-0.1804992802294178,0.1176020624443339,true,-0.03144860889254196
naive,0.1,0.07888149760319568,0.09404273719554576,0.002907025714810607,0.32606009305523537,true,0.164483559385023
naive,0.1,0.06500268042448089,0.013241241125430058,0.09344300809679865,0.4627542827834825,false,0.27809864544014057
naive,0.1,0.1047403020434573,0.0015874080775315482,0.13143163661163784,0.41713527564920316,false,0.2742834561304205
naive,0.1,0.12667729472728384,0.026155186401716695,0.06075719592191939,0.40593413820357915,true,0.23334566706274926
naive,0.1,0.1441201416892538,0.01550349086898154,0.07204120157116356,0.37762551759096297,true,0.22483335958106326
naive,0.1,0.0736661369428802,0.17140322969844207,-0.025361833689844376,0.2756830143162363,true,0.12516059031319599
naive,0.1,0.09614203930549912,0.04281031013737485,0.037965330461890684,0.36602958858360146,true,0.2019974595227461
naive,0.1,0.07756225736231973,0.07792010580193255,0.01279369750614695,0.36937669748264346,true,0.1910851974943952
naive,0.1,0.07404331511054583,0.0056497961845860594,0.10725095809033874,0.42154604351035924,false,0.264398500800349
naive,0.1,0.06480677372825767,0.0179749530220993,0.07049553665099159,0.3920206907374626,false,0.2312581136942271
naive,0.1,0.09410123647750733,0.029712427868335677,0.05679066949842218,0.4099235160378457,true,0.23335709276813393
naive,0.1,0.11562641798443213,0.07471664201522853,0.014522481903665868,0.3623638844161481,true,0.188443183159907
naive,0.1,0.13326123739894546,0.03638284942421079,0.047833934854568466,0.3992642934554619,true,0.2235491141550152
naive,0.1,0.09274834880274956,0.04256698296471078,0.03710004512469081,0.35569711089313116,true,0.19639857800891097
naive,0.1,0.10949853350372675,0.12090272553863982,-0.008987407964428568,0.30601983275702604,true,0.14851621239629872
naive,0.1,0.05373393669078878,0.12344315970772758,-0.3220123383865008,0.01055125755046743,false,-0.15573054041801668
naive,0.1,0.09831486249881896,0.00301208873654744,0.13539239932425753,0.4723969532784228,false,0.30389467630134015
naive,0.1,0.09837850164361166,0.047941209969345304,0.03263395814866937,0.35499043996464436,true,0.19381219905665686
naive,0.1,0.08983972558174766,0.01119474444550996,0.10298356552940258,0.48291316857525024,false,0.2929483670523264
naive,0.1,0.09438282050567982,0.4622896957916906,-0.09528746141540337,0.24926908951287616,true,0.0769908140487364
naive,0.1,0.14408918168152748,0.003963288370977354,0.12080662375287338,0.44228654350667423,true,0.2815465836297738
naive,0.1,0.12446678775160115,0.04788387851843375,0.033909838282548316,0.36835888980753295,true,0.20113436404504065
naive,0.1,0.11923495841849868,0.010313308962850752,0.10459574953766732,0.4784880851743785,true,0.2915419173560229
naive,0.1,0.06064732096492942,0.02733767735406111,0.053023539420780114,0.3635064555572546,true,0.20826499748901733
naive,0.1,0.1277428954584242,0.00017279863835573396,0.19783053060155034,0.5061325349082407,false,0.3519815327548955
naive,0.1,0.10577339581720668,0.0032060431639790183,0.14366228301950199,0.5065345365048848,false,0.3250984097621934
naive,0.1,0.12107242568839173,0.0027577481902019375,0.14286547071865274,0.4913458699916279,false,0.3171056703551403
naive,0.1,0.07440719387614177,0.18900170773720276,-0.03409769138398494,0.30446599496589954,true,0.1351841517909573
naive,0.1,0.13888709542256694,0.0015821672782329913,0.14682374121712133,0.4657833064195727,false,0.306303523818347
naive,0.1,0.07129340282464962,0.12373718017526697,-0.010935068234671885,0.32978886849759936,true,0.15942690013146374
naive,0.1,0.10217940724890066,0.05400185507631674,0.025979450579081326,0.3290803949354143,true,0.1775299227572478
naive,0.1,0.08350591088673769,0.05291628547582998,0.028019840626225007,0.3450520806662134,true,0.1865359606462192
naive,0.1,0.11823785385609135,0.002113954354377599,0.13673601002096436,0.4515421962236362,false,0.2941391031223003
naive,0.1,0.11567323411916568,0.1009475147223429,-0.0004899990951132138,0.3517505686288324,true,0.1756302847668596
naive,0.1,0.10677476506427157,0.13598200612102337,-0.015415566943417752,0.31403370795522245,true,0.14930907050590236
naive,0.1,0.13097524526680052,0.16072735605014088,-0.021268602479543,0.26758565446857435,true,0.12315852599451567
naive,0.1,0.10916859347166476,0.21006103825500402,-0.2859985862293912,0.03862876471359401,false,-0.1236849107578986
naive,0.1,0.0932507043223823,0.30791302340324317,-0.06899131587148613,0.294005693421481,true,0.11250718877499741
naive,0.1,0.0946894074595878,0.007055658006064249,0.11305757021309612,0.4674917734963602,false,0.29027467185472816
naive,0.1,0.1101213376553787,0.09312931348281843,0.0033537728362459107,0.3253607789510654,true,0.16435727589365567
naive,0.1,0.0837241411613903,0.16113824432438553,-0.023127981100380862,0.28920488361448515,true,0.13303845125705216
naive,0.1,0.1170273615992819,0.019167310508543776,0.06381874527309889,0.36485516307835797,true,0.21433695417572843
naive,0.1,0.08387795058206991,0.032562631065202956,0.05334740598853091,0.40962836762313914,true,0.23148788680583504
naive,0.1,0.11447264990877155,0.18988893184456007,-0.033822880216014706,0.2993669640862256,true,0.13277204193510544
naive,0.1,0.11933687747173856,0.1029339189583217,-0.0014312756370388202,0.33344812564395104,true,0.1660084250034561
naive,0.1,0.12084766307184198,0.0208920169154438,0.06410313306609444,0.3811802031379539,true,0.22264166810202418
naive,0.1,0.12415924488483238,0.04095448196879193,0.03521331928347904,0.3254433352299538,true,0.1803283272567164
naive,0.1,0.07992677674723732,0.4806436333771003,-0.09929032054507375,0.2483480292302731,true,0.07452885434259968
naive,0.1,0.0611810368039327,0.45760108919890286,-0.07908690727877114,0.20933671633875744,true,0.06512490452999316
naive,0.1,0.1403380464924173,0.05145758095443454,0.02826534585956969,0.3353580960322881,true,0.1818117209459289
naive,0.1,0.115680973619847,0.24955670673316285,-0.04755230866964112,0.2694818615386385,true,0.11096477643449869
naive,0.1,0.12401179726566931,0.06194197284365692,0.02251610792675726,0.35638575093769165,true,0.18945092943222444
naive,0.1,0.09364178525101999,0.013928059641729586,0.08055524094299246,0.4060080669189112,true,0.24328165393095183
naive,0.1,0.10035737193840163,0.26186759401942883,-0.055374693638838554,0.293025506050151,true,0.11882540620565622
naive,0.1,0.12872840267768368,0.012951731700799744,0.08529352476354018,0.41923463961810453,true,0.25226408219082236
naive,0.1,0.0916054951989208,0.1927530198897561,-0.03770103310065476,0.32454840014654834,true,0.1434236835229468
naive,0.1,0.12197412347259211,0.08837876468149126,0.0057787119199513015,0.32712175599642235,true,0.1664502339581868
naive,0.1,0.10310915100774826,0.019054541060984906,0.07088341019802027,0.40419216647521694,true,0.2375377883366186
naive,0.1,0.06982385022165573,0.1264927731691673,-0.011856490213287885,0.3221594411485061,true,0.1551514754676091
naive,0.1,0.11554510356085716,0.11216243365200415,-0.004890834731494154,0.2808615664795761,true,0.13798536587404098
naive,0.1,0.11968594898941308,0.09133421943882057,0.0044174146696871475,0.33812062247248503,true,0.1712690185710861
naive,0.1,0.08633822324827052,0.018740056991206965,0.07151091346656535,0.4048167207493692,true,0.23816381710796727
naive,0.1,0.09429737320173483,0.0006404030951008146,0.18288366294893835,0.522973136727326,false,0.3529283998381322
naive,0.1,0.10296998709272595,0.000270719517598342,0.21252783986145152,0.5626364396627715,false,0.38758213976211153
naive,0.1,0.10474998600006293,0.06589959439645449,0.01880098922691273,0.33719990862340266,true,0.1780004489251577
naive,0.1,0.05529041892286535,0.0371593703359963,0.051990797798915134,0.4414534074745977,true,0.24672210263675642
naive,0.1,0.11072736283336049,0.03672697131255666,0.04199797325094412,0.3532187286710922,true,0.19760835096101817
naive,0.1,0.07673866819400398,0.02509369949331253,0.05875737680815318,0.38356564028007445,true,0.22116150854411382
naive,0.1,0.14858605499429148,0.09846362778714816,0.0007598043241297814,0.33428083381214657,true,0.16752031906813816
naive,0.1,0.07070710058234134,0.012416971181204243,0.08205661372536754,0.3976996426806572,false,0.23987812820301238
naive,0.1,0.11913255483800753,0.0028232043118086372,0.1397426800435286,0.48242658372914127,false,0.31108463188633495
naive,0.1,0.11008680490778734,0.020448388220757355,0.0645176051885965,0.37981102487584195,true,0.22216431503221923
naive,0.1,0.08483883382989174,0.3014947959318792,-0.061130649729573744,0.2676712042750089,true,0.10327027727271756
naive,0.1,0.05642385204727458,0.08488310052481227,0.008035881170449344,0.3461904467607205,true,0.17711316396558494
naive,0.1,0.09622948264688613,0.032860830738493954,0.04367143991392136,0.3375119711491347,true,0.19059170553152804
naive,0.1,0.09060184787414718,0.024689793654315475,0.05924209998847349,0.3833182975695759,true,0.22128019877902472
naive,0.1,0.10637830790440739,0.016835737993149184,0.06980562911125779,0.37787289880430674,true,0.22383926395778225
naive,0.1,0.050794024613998776,0.019712654743862475,0.08193519196317092,0.47432903700844387,false,0.2781321144858074
naive,0.1,0.10773460145914875,0.01159584775050509,0.08430745087796598,0.39970481458778384,true,0.2420061327328749
naive,0.1,0.07246774451583167,0.26725382133518544,-0.06532420189912991,0.33601975229134284,true,0.13534777519610647
naive,0.1,0.12154360985587694,0.15454366454681037,-0.3309456672283424,0.02385569877813326,false,-0.15354498422510457
naive,0.1,0.1501602049790797,0.0031593487065986873,0.14746465476436274,0.5186491452258422,true,0.33305689999510246
naive,0.1,0.09767628003872013,0.37350739662135357,-0.07485905470174092,0.25134876770202413,true,0.0882448565001416
naive,0.1,0.05800015426700695,0.13199751408238727,-0.015119493362209385,0.34379168888850387,true,0.16433609776314723
naive,0.1,0.10485568390510526,0.02923160770688182,0.050167575215160576,0.3583619505774425,true,0.20426476289630155
naive,0.1,0.14839602851679778,0.20109743976288708,-0.04165686077553532,0.3323346186617289,true,0.1453388789430968
naive,0.1,0.10768145262238418,0.008693567443872676,0.10710317182222498,0.4669911955842083,true,0.28704718370321664
naive,0.1,0.08048396829266494,0.21980275783294906,-0.29700063038117963,0.04320722920342976,false,-0.12689670058887492
naive,0.1,0.1049574191755491,0.034284849521263115,0.045090244380342204,0.3594552211256289,true,0.20227273275298555
naive,0.1,0.13124703405259652,0.0001653720867624277,0.232205721814562,0.5922049376635155,false,0.41220532973903873
naive,0.1,0.0894763683823071,0.2967691716331516,-0.05858712313798982,0.26185364644869613,true,0.10163326165535315
naive,0.1,0.1527426018679336,0.006149312143558475,0.11082586839291597,0.44382309715148993,true,0.27732448277220295
naive,0.1,0.16167242527531855,0.004516281211783613,0.12673925373912456,0.47569782959130447,true,0.3012185416652145
naive,0.1,0.08806119863395023,0.06838599410845919,0.018001628371060396,0.3514457157156414,true,0.1847236720433509
naive,0.1,0.09355505410055218,0.07160963222802354,0.015547644066572691,0.34186990988135546,true,0.17870877697396406
naive,0.1,0.11944584948453672,0.0029334304034603683,0.11965583661565363,0.4156702365335191,false,0.26766303657458634
naive,0.1,0.13338815440670015,0.05463078702681941,0.028745243824485844,0.37019421374670286,true,0.19946972878559435
naive,0.1,0.10502386370054398,0.13626471410520397,-0.014581104712143855,0.2948719780003251,true,0.14014543664409063
naive,0.1,0.0358172230379161,0.2852168656605222,-0.05654055867143955,0.266278369092686,true,0.10486890521062321
naive,0.1,0.10591331782040538,0.09160035839178286,0.004225756320873741,0.33394257408575045,true,0.1690841652033121
naive,0.1,0.10248008552596127,0.00235776593565403,0.14294586061314954,0.4797605598767847,false,0.3113532102449671
naive,0.1,0.11360317928876347,0.028489690310581236,0.05374937635395813,0.3778187854919606,true,0.21578408092295934
naive,0.1,0.11611064376091754,0.0381587729573162,0.04529721200727441,0.3932251022634067,true,0.21926115713534053
naive,0.1,0.11608238996276758,0.03660115265013027,0.04400837175685274,0.36910234319958773,true,0.20655535747822024
naive,0.1,0.13844962332215788,0.03833645905531019,0.04257307472475666,0.37103867150316194,true,0.2068058731139593
naive,0.1,0.10598579817488811,0.19735764739502792,-0.0401389533261661,0.3310490183580037,true,0.14545503251591882
naive,0.1,0.15239742314691854,0.005368474118045062,0.1159238572174677,0.45068222692947146,true,0.28330304207346957
naive,0.1,0.13628727778593216,0.030738481024373477,0.057033124976110794,0.4209326059549868,true,0.2389828654655488
naive,0.1,0.13228201218572405,0.021261213250291768,0.06844871925438753,0.41042288273657146,true,0.23943580099547948
naive,0.1,0.09698825782629625,0.04844426716783274,0.03669541563667525,0.40406714554545753,true,0.22038128059106638
naive,0.1,0.07762822606188632,0.03272255703522192,0.050027384871442454,0.3854730130141355,true,0.217750198942789
naive,0.1,0.10859348261780838,0.10666401480667557,-0.0032449296081502876,0.3358225679855159,true,0.16628881918868282
naive,0.1,0.12641407219536563,0.0014463580453209978,0.16965686899020607,0.5319833263125492,false,0.3508200976513776
naive,0.1,0.09641242776596405,0.009843525900721519,0.10050990313056096,0.45360636496841,false,0.2770581340494855
naive,0.1,0.12700305321855485,0.05531084758494561,0.024778980628474834,0.3249401562028748,true,0.17485956841567482
naive,0.1,0.11597681875911119,0.003544711541857492,0.13311980746452673,0.4776128959527554,false,0.30536635170864107
naive,0.1,0.08979044031847151,0.7233333035305574,-0.11786875720164564,0.18251847025785012,true,0.03232485652810225
naive,0.1,0.0988726624577042,0.03608884000120577,0.04739237307895541,0.3930295047428336,true,0.22021093891089452
naive,0.1,0.09127382849941837,0.029854291858157894,0.04904814700169402,0.3551272352185216,true,0.2020876911101078
naive,0.1,0.13699894254759898,0.07262698196481879,0.014821220485526698,0.3391918488942479,true,0.1770065346898873
naive,0.1,0.11693898041545042,0.004379898638299437,0.09955452438590709,0.37144089256006585,true,0.23549770847298646
naive,0.1,0.07482507005460665,0.042566291067392924,0.03851011847372768,0.36921035385648915,true,0.2038602361651084
naive,0.1,0.08939507549725038,0.012491118690818193,0.08365900539917126,0.40626175358249217,true,0.24496037949083171
naive,0.1,0.11698575834569451,0.035073456958097646,0.043444034990581554,0.3523522951186311,true,0.19789816505460633
naive,0.1,0.10858903522260104,0.014308134999088826,0.08800290648088027,0.44782299469701026,true,0.26791295058894526
naive,0.1,0.12103284335860681,0.025851240216997116,0.06573794491475718,0.4363067132696905,true,0.25102232909222383
naive,0.1,0.053161938306454444,0.1465243614029461,-0.01754438819511908,0.2816017623484971,true,0.132028687076689
naive,0.1,0.12551873609472858,0.1689038454881854,-0.3398692884786345,0.030280634417863772,false,-0.15479432703038537
naive,0.1,0.11170729386171803,0.1878904521965668,-0.02962127313779586,0.26746065454515644,true,0.1189196907036803
naive,0.1,0.11481604376400274,0.3334633234552855,-0.06005842639420185,0.23148196851736613,true,0.08571177106158213
naive,0.1,0.07621697825108488,0.030364928322174294,0.0543986503795649,0.39825074984339115,true,0.226324700111478
naive,0.1,0.09765157336965222,0.3307209237356592,-0.06617399355056881,0.2576820532132355,true,0.09575402983133334
naive,0.1,0.10246161323638282,0.025250004961631264,0.05981205423905797,0.3917898948367019,true,0.22580097453787992
naive,0.1,0.10674963404362625,0.09813376186304418,0.0008565479417536881,0.3099735088297484,true,0.15541502838575105
naive,0.1,0.11086264050732524,0.014578569031527907,0.06938289375021506,0.3554711827863542,true,0.21242703826828463
naive,0.1,0.07908982215599517,0.003997977929529054,0.1298416939376455,0.47613466332340076,false,0.30298817863052313
naive,0.1,0.06232250513470343,0.014208999969109367,0.07231794655572782,0.36708949920542294,false,0.21970372288057538
naive,0.1,0.08229380636549177,0.034667844166105626,0.046330440221135666,0.372444136576048,true,0.20938728839859183
naive,0.1,0.06548218263432394,0.11915695011485505,-0.00881994919407103,0.3264913395383673,true,0.15883569517214813
naive,0.1,0.11712310577440202,0.005096376877725252,0.10857405145082685,0.41754402395431767,true,0.2630590377025723
naive,0.1,0.08538448376307296,0.02647468396757808,0.05487152608974111,0.36917399107412424,true,0.21202275858193267
naive,0.1,0.1276325678065335,0.019382253225781004,0.07382536052030086,0.42415553231660186,true,0.24899044641845136
naive,0.1,0.05072141838177276,0.27434173711177645,-0.057173696351465214,0.2837231277504936,true,0.1132747156995142
naive,0.1,0.04485012335093961,0.2983018419987454,-0.05703229483513368,0.2531997354758681,true,0.0980837203203672
naive,0.1,0.12247187858227343,0.18708374030440478,-0.027961462106095222,0.2545493725103009,true,0.11329395520210285
naive,0.1,0.054679218663684234,0.028889913854608453,0.05321348102601192,0.37731357831859486,true,0.2152635296723034
naive,0.1,0.0769350869297695,0.046780865592823254,0.035313690701444966,0.37358740542108654,true,0.20445054806126575
naive,0.1,0.11707838571895261,0.012102740994076107,0.07934939317066603,0.38137654463298515,true,0.2303629689018256
naive,0.1,0.11595896566077148,0.09000562756925429,0.004973636552895427,0.32887748735297884,true,0.16692556195293712
naive,0.1,0.10156699142722889,0.004999281017512077,0.12875368828840886,0.49319379956528386,false,0.31097374392684635
naive,0.1,0.1362330183642332,0.02212867998066652,0.06772167839577409,0.4140377271772428,true,0.24087970278650844
naive,0.1,0.07455677477253811,0.028105639293241905,0.05533713207216159,0.3857505839978901,true,0.22054385803502585
naive,0.1,0.12509330230933186,0.13972609627740137,-0.01722116362645698,0.3199126518851769,true,0.15134574412935997
naive,0.1,0.11405524472551613,0.0940102951875249,0.003188255837958065,0.35563595806790194,true,0.17941210695293
naive,0.1,0.13254624770008863,0.12144379994385339,-0.008928434377361655,0.2966732580795194,true,0.14387241185107885
naive,0.1,0.10727214325936803,0.10822876084828034,-0.003867701263285367,0.3253490705401698,true,0.16074068463844224
naive,0.1,0.08710240373008493,0.06731565263728366,0.018283868658156177,0.34392689610799104,true,0.1811053823830736
naive,0.1,0.10443219018293193,0.1074096896590061,-0.0035906812375436636,0.3347944437307383,true,0.16560188124659733
naive,0.1,0.13674777106950392,0.0006098408966203952,0.19414304400519133,0.5524762925486872,false,0.3733096682769393
naive,0.1,0.09318185515009984,0.19756870932415033,-0.03300446893781628,0.27168695994735365,true,0.11934124550476868
naive,0.1,0.11108858628893224,0.0018631728311461191,0.16746185821278228,0.5431532404436057,false,0.355307549328194
naive,0.1,0.12219109779352351,0.0026625677286300446,0.12816173940507394,0.4383154304313608,false,0.28323858491821735
naive,0.1,0.09824448553598321,0.08974303138189872,0.005430150208167311,0.34961527399836345,true,0.17752271210326537
naive,0.1,0.08491005741396365,0.4823161552243409,-0.09262272475347127,0.23074657470409593,true,0.06906192497531233
naive,0.1,0.0908683808764226,0.3859246779718615,-0.24538064544924598,0.07598375056909555,false,-0.08469844744007522
naive,0.1,0.08845609609997938,0.09020600594770135,0.004787561191717471,0.3232304157021136,true,0.16400898844691553
naive,0.1,0.08328186062212514,0.22017263443613144,-0.037028382868112955,0.25384332208850874,true,0.10840746961019788
naive,0.1,0.08743015359168793,0.013201973107015017,0.08966614305603238,0.4435996238440636,false,0.266632883450048
naive,0.1,0.08893513210290699,0.11110821544250818,-0.004792024841547449,0.30058921747740686,true,0.1478985963179297
naive,0.1,0.11395493088659821,0.02520155142411885,0.05564546019501998,0.36411061333325107,true,0.20987803676413552
naive,0.1,0.0761394867305307,0.0662358398767946,0.018943238901769993,0.34356425989940953,true,0.18125374940058975
naive,0.1,0.15494649640257518,0.010848417613477905,0.09655906306728146,0.44845276314392135,true,0.2725059131056014
naive,0.1,0.09104734615511642,0.06215222973970234,0.02013944228672923,0.32080429881231365,true,0.17047187054952145
naive,0.1,0.10159421207654637,0.01341183538876251,0.08048147668921593,0.4003222112808611,true,0.2404018439850385
naive,0.1,0.156021820936319,0.030548601090154438,0.054410667838759724,0.3999279076436778,true,0.22716928774121878
naive,0.1,0.13515045942584622,0.0020541541146935605,0.141417198616665,0.4650639132887069,false,0.30324055595268595
naive,0.1,0.08367659910613709,0.04701165538673345,0.03536089827830119,0.3761544556017604,true,0.2057576769400308
naive,0.1,0.0578462008800253,0.012222255042588994,0.08452944487432529,0.4075714627374811,false,0.2460504538059032
naive,0.1,0.08892199880654314,0.0775066802333167,0.01223478612972137,0.3462886898708295,true,0.17926173800027542
naive,0.1,0.12839526424490527,0.01967666153280965,0.06470943751575503,0.37429939682694924,true,0.21950441717135213
naive,0.1,0.11476212810567453,0.002341490272741502,0.1326523310386607,0.44474692759577394,false,0.2886996293172173
naive,0.1,0.11809818599014724,0.27049907397362577,-0.051887745963380014,0.2625035359015745,true,0.10530789496909725
naive,0.1,0.08124359006055623,0.3838455856978784,-0.08346791719575127,0.27128342412944195,true,0.09390775346684534
naive,0.1,0.08756143297711894,0.01226560158048702,0.07948400396676325,0.3836866092854043,true,0.2315853066260838
naive,0.1,0.14850414176302953,0.0659873343693838,0.02039861374445065,0.3669174075317886,true,0.1936580106381196
naive,0.1,0.0967587969149213,0.08402162707080868,0.008515018893744064,0.3461703769932597,true,0.17734269794350188
naive,0.1,0.0689756884511407,0.04951917956689021,0.03672971813226514,0.4152218829610099,true,0.22597580054663755
naive,0.1,0.09599881518600206,0.002598669575176913,0.13402868494410214,0.4566285424297889,false,0.2953286136869455
naive,0.1,0.09432956596804906,0.4252914000129672,-0.08724739704172027,0.2513859151598483,true,0.08206925905906404
naive,0.1,0.11927549738463687,0.11041991491914652,-0.005114354413483818,0.34146538259008374,true,0.16817551408829995
naive,0.1,0.09215818551823955,0.05435107489480644,0.030519867568270326,0.39015686267804905,true,0.21033836512315968
naive,0.1,0.11704975801176035,0.03753840474157113,0.04741184223983633,0.405961058854335,true,0.22668645054708567
naive,0.1,0.062107614878203314,0.12629067802771676,-0.011423565552285686,0.3126568703473484,true,0.15061665239753136
naive,0.1,0.08058006319135701,0.5790877523882916,-0.11113574777321908,0.22423901971668345,true,0.056551635971732184
naive,0.1,0.10245440731544439,0.005004647313362172,0.11042196770202276,0.4230667148835927,false,0.2667443412928077
naive,0.1,0.062183617318797464,0.08130868464909846,0.009278143463661959,0.3198148363703583,true,0.16454648991701012
naive,0.1,0.10815647321352106,0.059497818824293745,0.022654325349652282,0.33364221671906613,true,0.1781482710343592
naive,0.1,0.11153067867554355,0.0036768233885145405,0.11417127895989082,0.4123105273701804,false,0.2632409031650356
naive,0.1,0.10394811057799526,0.050525943488759856,0.03333965300724809,0.3864204471591245,true,0.20988005008318628
naive,0.1,0.10833582608287384,0.03156767448026547,0.04652934162216707,0.34964079266416037,true,0.1980850671431637
naive,0.1,0.07184204762567357,0.13501742142827794,-0.33954029291586607,0.01624970398530895,false,-0.16164529446527856
naive,0.1,0.12138186751791151,0.07893774238242665,0.01146257148376209,0.3480571706722202,true,0.17975987107799113
naive,0.1,0.11265776287046528,0.052942990155407606,0.028779414085477406,0.35465003436392784,true,0.19171472422470262
naive,0.1,0.10378650419244424,0.03976455858012259,0.039433816414522566,0.35481284713178574,true,0.19712333177315416
naive,0.1,0.09216697740030494,0.08537913442540108,0.008061872596139164,0.35961679713299993,true,0.18383933486456955
naive,0.1,0.09304828491332905,0.00940878996109075,0.08931060920950601,0.39793707905540243,true,0.24362384413245422
naive,0.1,0.08542884543963646,0.049561509886883244,0.032066442348349405,0.3628826993012655,true,0.19747457082480743
naive,0.1,0.15464780478004567,0.009383289404509132,0.0888296557015954,0.39549384740033167,true,0.24216175155096353
naive,0.1,0.12326182805209655,0.09875742465511905,0.0006126485638690837,0.3335185466543634,true,0.16706559760911627
naive,0.1,0.08911532110055008,0.15436236106902138,-0.02213539698958414,0.30801505629487613,true,0.14293982965264598
naive,0.1,0.09639158899585877,0.23030860003339163,-0.046830074410968175,0.2991410161153252,true,0.1261554708521785
naive,0.1,0.1131971714725702,0.11548755055254208,-0.006528066957529138,0.2965657559600263,true,0.1450188445012486
naive,0.1,0.09205311567744058,0.001269927234571186,0.14457342701949627,0.4460014661494598,false,0.29528744658447803
naive,0.1,0.07407698267697052,0.02866763008821446,0.05227689080060646,0.36888969117356196,true,0.21058329098708423
naive,0.1,0.10733990005649947,0.11133824502789726,-0.0048244495655369035,0.29663774160869427,true,0.14590664602157868
naive,0.1,0.10375685912109521,0.0003726944589890374,0.20235435878112695,0.5501808585344807,false,0.37626760865780384
naive,0.1,0.11938124721531215,0.004748866946943108,0.10808965639331863,0.409753774716386,true,0.2589217155548523
naive,0.1,0.11881390420974629,0.09627442799420412,0.001870346554464164,0.33742879728244785,true,0.169649571918456
naive,0.1,0.13767987580465307,0.002802569028563792,0.1256193882613486,0.4331553893906986,true,0.2793873888260236
naive,0.1,0.09374487328442799,0.03154044126965348,0.047014294631166825,0.3530762594381388,true,0.20004527703465283
naive,0.1,0.08547723282860967,0.07510182311832563,0.013729991638910644,0.34833403596608564,true,0.18103201380249814
naive,0.1,0.0901599622176736,0.01057781522679114,0.09042176589816062,0.41676726156225197,false,0.2535945137302063
naive,0.1,0.15157893516311616,0.192224323840193,-0.034999937267266606,0.30282460690089263,true,0.133912334816813
naive,0.1,0.10282369178826327,0.09466068777696918,0.0028769765547170256,0.36062893726545214,true,0.18175295691008458
naive,0.1,0.10334435995725821,0.030367878993013447,0.051181095917108094,0.3747191051803922,true,0.21295010054875016
naive,0.1,0.07896616987246448,0.08012275376579715,0.011132448480893203,0.3595178433568891,true,0.18532514591889115
naive,0.1,0.1451184111317745,0.12749168504237396,-0.011142804198014417,0.29234208695583974,true,0.14059964137891268
naive,0.1,0.09975681280631774,0.029814390389451582,0.0602482166851353,0.4358428616189163,true,0.2480455391520258
naive,0.1,0.05656057902801699,0.07396478582349947,0.015331316315675303,0.3705674651792752,true,0.19294939074747525
naive,0.1,0.1000357849893127,0.058220100551907,0.025955033727156795,0.3686121940918392,true,0.197283613909498
naive,0.1,0.08107843672045585,0.016588827087806374,0.06688496108132694,0.3599316113193859,true,0.2134082862003564
naive,0.1,0.12823685182079886,0.10036477821678098,-0.00018163366685500226,0.33819013821154575,true,0.16900425227234536
naive,0.1,0.07340251599543844,0.15335736603761807,-0.021926858981254432,0.3103587259131275,true,0.14421593346593653
naive,0.1,0.10026298915014438,0.2975247084043651,-0.05211413352519001,0.23215213268176993,true,0.09001899957828996
naive,0.1,0.10260502883991152,0.7060510159369451,-0.1259720004001968,0.20093082317414235,true,0.03747941138697279
naive,0.1,0.07224030986762242,0.013727128645985307,0.08179777268730037,0.41016857937617973,false,0.24598317603174005
naive,0.1,0.12580997499549731,0.011846282153922959,0.09706647186618986,0.4633279436615009,true,0.2801972077638454
naive,0.1,0.10812979735572385,0.04713751869813096,0.03347927656895544,0.35721280866177935,true,0.1953460426153674
naive,0.1,0.10059752323881213,0.12552914447714247,-0.012414182467343632,0.34937471407046194,true,0.16848026580155914
naive,0.1,0.0892115447709263,0.13222154066096783,-0.013445420457965651,0.30372927735286875,true,0.14514192844745155
naive,0.1,0.03583175034434147,0.039188221171058135,0.038989510245867165,0.3463182442957003,false,0.19265387727078373
naive,0.1,0.12527880996638166,0.004500629874488202,0.1157214295407959,0.43404895713262615,true,0.274885193336711
naive,0.1,0.05670984265926641,0.016380510734675953,0.07381482416161889,0.3952420771986356,false,0.23452845068012723
naive,0.1,0.1163548990510613,0.02742884267429095,0.05489141294061295,0.3770584540666696,true,0.21597493350364128
naive,0.1,0.11648800611513047,0.03746272010857315,0.044993144961988474,0.38460653977013726,true,0.21479984236606287
naive,0.1,0.11837741844480437,0.11568745615125807,-0.007669205779309157,0.3441167117661209,true,0.16822375299340586
naive,0.1,0.11308436587627635,0.00250627454382912,0.13284739974003862,0.4500570826633152,false,0.2914522412016769
naive,0.1,0.08356297529084089,0.21727600145371456,-0.04053132339072189,0.2838483470579148,true,0.12165851183359645
naive,0.1,0.06453966982860963,0.21538918162043075,-0.040306923058584854,0.286311946572509,true,0.12300251175696209
naive,0.1,0.12159108799635507,0.026120690310700502,0.061728051743582396,0.41211031607677595,true,0.23691918391017916
naive,0.1,0.10028468224809545,0.0314821952579929,0.047463725711872434,0.35600134613789614,true,0.2017325359248843
naive,0.1,0.08021057830886427,0.008499109867647452,0.09708016704886471,0.4207446005817409,false,0.2589123838153028
naive,0.1,0.05929139412997901,0.1534605688049754,-0.020068945976841696,0.2835601056733036,true,0.13174557984823093
naive,0.1,0.1078094960698795,0.007995690994614106,0.0922437419924162,0.39347015071553443,true,0.2428569463539753
naive,0.1,0.060779588408045704,0.15021582283441293,-0.01967607521708367,0.29441190419815433,true,0.13736791449053531
naive,0.1,0.1146346147606385,0.10352409760332014,-0.0015486162072152199,0.3007968569876206,true,0.1496241203902027
naive,0.1,0.09361907042498846,0.15453732842000742,-0.020379328684015374,0.282748614916853,true,0.1311846431164188
naive,0.1,0.12205820428324522,0.04077166556421053,0.03908872710064132,0.35977045819389447,true,0.1994295926472679
naive,0.1,0.09808990377834247,0.09253424418445075,0.003584189402079968,0.3194848991024888,true,0.16153454425228436
naive,0.1,0.14600681408071656,0.018230860959476416,0.08071248658827718,0.4515293573455102,true,0.2661209219668937
naive,0.1,0.12090303737160511,0.06382922099233397,0.021592032239589914,0.3622423657833762,true,0.19191719901148308
naive,0.1,0.09674704587537607,0.018048355516005036,0.07410654927536275,0.41280992183003157,true,0.24345823555269716
naive,0.1,0.09937363882903269,0.005785752655441029,0.09760149233249107,0.38561007270555414,true,0.24160578251902262
naive,0.1,0.08969234254715938,0.024306413849820404,0.0613522081032824,0.393640110864902,true,0.22749615948409221
naive,0.1,0.09807540172624035,0.40573130153767084,-0.07343252045392401,0.22354829127996018,true,0.07505788541301808
naive,0.1,0.14900063524534188,0.1164383035449762,-0.00736391298931266,0.3158388703965428,true,0.15423747870361507
naive,0.1,0.13790226692075233,0.00009201526877347339,0.23715547851215338,0.5814681735876149,false,0.40931182604988414
naive,0.1,0.08293715471784513,0.0539386360295765,0.03217043509132125,0.4068271545748958,true,0.21949879483310855
naive,0.1,0.12594667967635076,0.01503791337379438,0.07371117300836286,0.38198064345160143,true,0.22784590822998216
naive,0.1,0.11855992054862464,0.16080278610991494,-0.021015407847371256,0.2641026101987312,true,0.12154360117567999
naive,0.1,0.1017487685038962,0.2010439101617144,-0.03642728108661819,0.29074915439176663,true,0.12716093665257422
naive,0.1,0.09867878442456997,0.00532055397524556,0.10547973826868878,0.40930290410459996,false,0.2573913211866444
naive,0.1,0.08111250794907393,0.016558008730722037,0.0842868472670684,0.45324239469586913,false,0.26876462098146875
naive,0.1,0.10538469038497637,0.29557057302098005,-0.06165594926275854,0.27702952541010506,true,0.10768678807367325
naive,0.1,0.13619787163446487,0.02784675483071164,0.05444788003669504,0.37742382473069974,true,0.2159358523836974
naive,0.1,0.050981380347008914,0.024636292910692966,0.054395252787860726,0.3515440892453211,false,0.2029696710165909
naive,0.1,0.058846951544252575,0.031949416863765664,0.053709012329400646,0.40694914730240395,true,0.2303290798159023
naive,0.1,0.08446486012647544,0.3701250394644012,-0.24118699053331272,0.0710544959343713,false,-0.08506624729947071
naive,0.1,0.12319112665717682,0.004687185820767602,0.1170390431451531,0.44252325763453615,true,0.27978115038984464
naive,0.1,0.12241642065813799,0.0019235852120493416,0.1603974324139132,0.5225703629846838,false,0.34148389769929854
naive,0.1,0.07903655668578988,0.05288302935129708,0.026577968230940885,0.32701561548472097,true,0.17679679185783093
naive,0.1,0.09318211245324413,0.052025354199210894,0.026495714125934988,0.3189205278057371,true,0.17270812096583604
naive,0.1,0.07914723156127881,0.36919051692620997,-0.07375217887012833,0.25110404757833427,true,0.08867593435410298
naive,0.1,0.11121969848195665,0.029408269797571288,0.05382758635054388,0.38598208006362256,true,0.2199048332070832
naive,0.1,0.10758387918058067,0.04309463468600856,0.03823488163905894,0.3710449337417038,true,0.20463990769038135
naive,0.1,0.09128356323231364,0.15440928387478936,-0.02257449514060625,0.31387778936216193,true,0.14565164711077785
naive,0.1,0.11775839822963587,0.1632055098517018,-0.025007125373855077,0.30342371870962376,true,0.13920829666788434
naive,0.1,0.1298687647227732,0.011669425772478707,0.08890051757656689,0.42232405922045746,true,0.2556122883985122
naive,0.1,0.07631786411318899,0.020487722286801797,0.07186566645111703,0.4234462913051283,true,0.24765597887812266
naive,0.1,0.11036722077895589,0.017358246200848658,0.06903615152733936,0.3783741050879109,true,0.22370512830762515
naive,0.1,0.08618384673188201,0.1375419593698781,-0.017276101085144047,0.3382730285193439,true,0.16049846371709992
naive,0.1,0.07058538802217271,0.026194937204417356,0.0673368868473222,0.450285102084933,true,0.2588109944661276
naive,0.1,0.06666040111162455,0.016154826152599243,0.07597695358245002,0.4046121851510255,false,0.24029456936673774
naive,0.1,0.07744416379239062,0.1589195680811732,-0.02218835927628446,0.28692282707872274,true,0.13236723390121913
naive,0.1,0.10031110870813005,0.038459650837379164,0.05036566979390031,0.4401578205553289,true,0.24526174517461463
naive,0.1,0.08085590114910234,0.24838205834920854,-0.0522914686000924,0.2983724634930751,true,0.12304049744649134
naive,0.1,0.13209455296782469,0.20055795356746628,-0.03882463746826248,0.3112032243073177,true,0.13618929341952762
naive,0.1,0.10574583830740211,0.4484852359224664,-0.08349547617392933,0.226203831101286,true,0.07135417746367834
naive,0.1,0.12083089730491917,0.00016512176070542374,0.21902136901851277,0.558519742894483,false,0.3887705559564979
naive,0.1,0.08769037077739987,0.05255958610739579,0.025870347804582083,0.31567312647865664,true,0.17077173714161936
naive,0.1,0.05368714713858173,0.0006836595203710543,0.1725301133519915,0.4966363534229433,false,0.3345832333874674
naive,0.1,0.100200191543641,0.03881500109649041,0.04218078839018147,0.37155658388381463,true,0.20686868613699805
naive,0.1,0.1074290596063415,0.06139191043767003,0.021676830531820013,0.3374771123954903,true,0.17957697146365514
naive,0.1,0.083724369516778,0.06510930594235091,0.018281737587095254,0.31951183357458524,true,0.16889678558084026
naive,0.1,0.08297880138298702,0.062003060140799565,0.021879230134529165,0.34694555903826096,true,0.18441239458639508
naive,0.1,0.10585101204044128,0.18064802564213608,-0.028929854097631713,0.28199300599095356,true,0.12653157594666092
naive,0.1,0.14221719407601668,0.010806163477197258,0.09160317970873028,0.424933285270464,true,0.2582682324895971
naive,0.1,0.05904483506220121,0.06383556868317586,0.021051692089663898,0.35324785873722647,true,0.18714977541344519
naive,0.1,0.0831760048205643,0.052059194637509416,0.028669288560279504,0.34538062574421086,true,0.18702495715224518
naive,0.1,0.07856306132835746,0.021197823807925457,0.06614106964352662,0.39602049589709026,true,0.23108078277030844
naive,0.1,0.08625785959006894,0.22048912792111483,-0.039910351771933666,0.2729722061512111,true,0.1165309271896387
naive,0.1,0.09374390276130605,0.1377605672862767,-0.01702588970730831,0.331575132256413,true,0.15727462127455233
naive,0.1,0.11440705554766176,0.24338397589484415,-0.04796690121049706,0.2819568642323295,true,0.11699498151091624
naive,0.1,0.04494838162099979,0.37049815865828656,-0.06548459157395119,0.22201226978321043,true,0.07826383910462963
naive,0.1,0.07814974886804041,0.2724155625357502,-0.05643023731410321,0.2827374105668058,true,0.1131535866263513
naive,0.1,0.10405719075012058,0.10117913786248663,-0.0005197968908186579,0.30001626453374974,true,0.14974823382146554
naive,0.1,0.12226295164585185,0.000309840999557314,0.17388785605675453,0.46543618695040545,false,0.31966202150358
naive,0.1,0.08149836757241641,0.20641364382608948,-0.03904581816529715,0.297768780728925,true,0.12936148128181393
naive,0.1,0.08896264632628836,0.06904946248068008,0.015636188965531095,0.31255250172245425,true,0.16409434534399267
naive,0.1,0.11106459681380176,0.22844191288180665,-0.0380076083044734,0.24585617787670333,true,0.10392428478611497
naive,0.1,0.0942171914837954,0.10828500647752219,-0.003952255345433003,0.33024783189196705,true,0.163147788273267
naive,0.1,0.11878746823099375,0.1441191931804249,-0.01736421040742067,0.2926975506425278,true,0.13766667011755357
naive,0.1,0.10317586796718566,0.14275316049474743,-0.01856200251032933,0.3221212965425776,true,0.15177964701612415
naive,0.1,0.12026354032278624,0.1344274707067573,-0.01460237028613165,0.3100081738533346,true,0.1477029017836015
naive,0.1,0.10181084867321655,0.3259152951889457,-0.07439199718568718,0.2950203353148244,true,0.11031416906456862
naive,0.1,0.09773027135514488,0.20669857739624792,-0.03358388668441466,0.255514242214277,true,0.11096517776493116
naive,0.1,0.11338570425193024,0.0018501846069982602,0.16808933166751677,0.54465811515089,false,0.3563737234092034
naive,0.1,0.1005354894813955,0.17040225460858682,-0.028771713612023964,0.31674227848084024,true,0.14398528243440814
naive,0.1,0.10090070279432788,0.1887441699898152,-0.033168555430594826,0.2969319344295397,true,0.13188168949947243
naive,0.1,0.07320524906982732,0.0034007498535534794,0.12997452600062792,0.46294622478438113,false,0.2964603753925045
naive,0.1,0.10139127450400207,0.33233514156562677,-0.06933769214734033,0.2683728728028178,true,0.09951759032773873
naive,0.1,0.12478438760287049,0.036325838660500286,0.042202726514978556,0.35181970140716035,true,0.19701121396106944
naive,0.1,0.10306718892366534,0.08600752939525345,0.007680653873018778,0.358655571365858,true,0.18316811261943838
naive,0.1,0.08473888956181554,0.029255190025963353,0.051016569611166435,0.3646129562102407,true,0.20781476291070355
naive,0.1,0.13991471984442033,0.04015057292112173,0.04608838262079759,0.4182988956261764,true,0.232193639123487
naive,0.1,0.17271155159910528,0.028301334948326234,0.05517135698792108,0.3862322687843633,true,0.22070181288614218
naive,0.1,0.15953075076260678,0.03546597086689054,0.05236960263493626,0.42840996459759306,true,0.24038978361626467
naive,0.1,0.1128684964064931,0.010020488436841519,0.09963580057628554,0.4519779924394849,true,0.2758068965078852
naive,0.1,0.09455016363138018,0.25233997782450446,-0.04716597423433268,0.26305343325523833,true,0.10794372951045282
naive,0.1,0.032309659760548864,0.31169448481865386,-0.2753556010156842,0.06563076384437923,true,-0.10486241858565247
naive,0.1,0.08232078092710733,0.044052144600803984,0.0365026431975978,0.36215971467985364,true,0.19933117893872573
naive,0.1,0.09589966301659957,0.026344993267647644,0.05964689141709936,0.4001693912789056,true,0.2299081413480025
naive,0.1,0.11073387009082283,0.023673498752330942,-0.3522442799658314,-0.055671672543334744,false,-0.2039579762545831
naive,0.1,0.10491070500484043,0.1194958426949651,-0.009072102064481502,0.3302232282379134,true,0.16057556308671594
naive,0.1,0.0946411178524849,0.000675058558218821,0.17032741912631885,0.4896641554982283,false,0.3299957873122736
naive,0.1,0.15740707089963893,0.06598901519349933,0.019645112692842054,0.35338358148665283,true,0.18651434708974743
naive,0.1,0.09843341071995698,0.003116117729920601,0.1371566734198453,0.4812752847994427,false,0.309215979109644
naive,0.1,0.09654518270826269,0.2927731302157487,-0.058869792139323654,0.2678266915278345,true,0.10447844969425542
naive,0.1,0.05448421407543214,0.029472508197381744,0.0492022063634526,0.3533065120806147,true,0.20125435922203364
naive,0.1,0.07049970407877212,0.0019211724166373408,0.13590051907644296,0.44268186606727167,false,0.2892911925718573
naive,0.1,0.14381608394296905,0.007297704564893303,0.09814074298855749,0.409148425436474,true,0.25364458421251573
naive,0.1,0.09408475138461037,0.006474618953007882,0.108147206246783,0.43821728548017025,false,0.2731822458634766
naive,0.1,0.09487057838835102,0.04416962348911529,0.040511251559566086,0.4030289189678333,true,0.2217700852636997
naive,0.1,0.12402235101110236,0.09631347472581468,0.001810482047158224,0.33012184150908924,true,0.16596616177812373
naive,0.1,0.11040121712173849,0.007351153534069895,0.10182160081136554,0.42525457353444557,true,0.26353808717290556
naive,0.1,0.09354119923739987,0.02235601894898817,0.06606885375333496,0.4059869860616486,true,0.2360279199074918
naive,0.1,0.11742661286233931,0.027678527694848798,0.05494898703910739,0.37950787491485805,true,0.21722843097698272
naive,0.1,0.03827198002823472,0.04507281374873351,0.03477291949942721,0.35330853958147024,true,0.19404072954044874
naive,0.1,0.11140786664537984,0.002391256243742097,0.14470275146084088,0.4866979636473757,false,0.3157003575541083
naive,0.1,0.09119357111249458,0.2269645021449147,-0.042916584484791284,0.2804241613169852,true,0.11875378841609698
naive,0.1,0.1283780100331124,0.02563114403011304,0.05990912988323496,0.395712430510201,true,0.227810780196718
naive,0.1,0.08393547593996067,0.11836436989558512,-0.00884202542968554,0.34086287880755967,true,0.16601042668893706
naive,0.1,0.0825278255298611,0.015228357489897069,0.07810445438587177,0.40665280352322697,true,0.24237862895454937
naive,0.1,0.14431531103957448,0.0002916148350955133,0.19271569564133956,0.5132655625752682,false,0.35299062910830387
naive,0.1,0.12298220720183964,0.10202791342686093,-0.0009074699338187109,0.30519022399168083,true,0.15214137702893107
naive,0.1,0.1355852520703947,0.041838576952903085,0.0449642756453251,0.42398351325973416,true,0.23447389445252964
naive,0.1,0.06830337570118583,0.1504380810479625,-0.019865339828094436,0.29604243530820273,true,0.13808854774005416
naive,0.1,0.11240966348640669,0.22369122518721044,-0.04091691686684813,0.2735195456120986,true,0.11630131437262524
naive,0.1,0.09516489716086222,0.10510485581234093,-0.0024149991193468667,0.3250617266295823,true,0.16132336375511772
naive,0.1,0.04694866413154731,0.0024584194129662895,0.13629075711170915,0.4603511019943475,false,0.2983209295530283
naive,0.1,0.13122725885816672,0.0007854795906322495,0.1989452857400021,0.5810052631233802,false,0.38997527443169117
naive,0.1,0.11757555015395332,0.006971722605411191,0.10444832119202227,0.4306534809607856,true,0.26755090107640395
naive,0.1,0.0924065178949499,0.011320967568233545,0.08088314058758675,0.38059960870889187,true,0.2307413746482393
naive,0.1,0.11297934533503097,0.009068797805609548,0.09627661659959452,0.42462326204413703,true,0.2604499393218658
naive,0.1,0.09347500880319037,0.011735850637952796,0.09151019708330974,0.43550470715350276,true,0.26350745211840626
naive,0.1,0.0915671252342886,0.009339807124242731,0.0916239912407415,0.40740654645646385,false,0.24951526884860267
naive,0.1,0.12148972783028747,0.04837926395411195,0.03828488456181428,0.4209040804599866,true,0.22959448251090045
naive,0.1,0.09033375532524725,0.007632917168944255,0.10877444591931087,0.45855279397029947,false,0.28366361994480516
naive,0.1,0.14010696197269315,0.0029620912501143134,0.1303123379804651,0.4534147531689408,true,0.29186354557470295
naive,0.1,0.07928230129397569,0.050514452199959,0.027494102058735398,0.31857675377576655,true,0.17303542791725096
naive,0.1,0.1413809985986506,0.02107391597432612,0.06245364190901717,0.37289934574872685,true,0.217676493828872
naive,0.1,0.06727867284980697,0.1728880635267808,-0.3227953810340987,0.030249899281340475,false,-0.14627274087637912
naive,0.1,0.13045015899255916,0.17341807856350083,-0.028690262159033558,0.3041689337725427,true,0.1377393358067546
naive,0.1,0.07552079859883658,0.10739969677956704,-0.32441230247118524,0.0034747214268631976,false,-0.16046879052216104
naive,0.1,0.14794516589899254,0.02513586685022678,0.058401987708241926,0.38159813609352267,true,0.22000006190088228
naive,0.1,0.11422770858044257,0.003484191707774119,0.12858531801880455,0.4599444749726137,false,0.29426489649570914
naive,0.1,0.09511130533051648,0.0022091990669578293,0.13506514270294734,0.4489178337527294,false,0.2919914882278384
naive,0.1,0.11883958207878784,0.10702147651295402,-0.003525720088364076,0.3465974274972847,true,0.1715358537044603
naive,0.1,0.08985455827848474,0.0006776922894419392,0.1619183071315248,0.46567366569134216,false,0.31379598641143347
naive,0.1,0.1119082261621417,0.013339082910969677,0.08365948074095642,0.4153511478597064,true,0.2495053143003314
naive,0.1,0.13810091207649,0.024629343766716855,0.0642745695726544,0.41532845324093126,true,0.23980151140679284
naive,0.1,0.08860494207127163,0.0219972125894299,0.061230821773915894,0.3732556319492367,true,0.2172432268615763
naive,0.1,0.10214781832467609,0.10210217046148688,-0.0010273250156202507,0.3333551399095323,true,0.16616390744695603
naive,0.1,0.11878574530901366,0.03568753300966268,0.04605530021393511,0.3785905753913291,true,0.21232293780263212
naive,0.1,0.12948272022770144,0.016920532146566202,0.07417732719525466,0.4023503378425532,true,0.23826383251890393
naive,0.1,0.0777169244988826,0.3398321123904164,-0.06674378631283077,0.2513056372581498,true,0.09228092547265952
naive,0.1,0.13410962828916462,0.0004595681373167124,0.19525913839745676,0.5408987722624163,false,0.36807895532993656
naive,0.1,0.054199820408417254,0.31946202383236205,-0.05923412869000054,0.24088301594910827,true,0.09082444362955387
naive,0.1,0.0804032258965867,0.0300952096081121,0.05042964324496493,0.3670415642583379,true,0.20873560375165143
naive,0.1,0.06572929516056934,0.09559459213651002,0.0021456586284164803,0.3267793599025753,true,0.16446250926549588
naive,0.1,0.1307137454813567,0.006628617809062451,0.09659167495437121,0.3935358907562214,true,0.2450637828552963
naive,0.1,0.1341917312572906,0.04037964307903242,0.04044396023229027,0.3689671882515496,true,0.20470557424191996
naive,0.1,0.08186712801789728,0.025448257458455453,0.060295677452635754,0.3966756373298855,true,0.22848565739126062
naive,0.1,0.09020150815677318,0.03690025798482108,0.04336671689636304,0.3661265393057015,true,0.20474662810103225
naive,0.1,0.03508322283643511,0.049530868911723966,0.03110740625688896,0.3517640612733301,true,0.19143573376510953
naive,0.1,0.11147826886448789,0.43384711085672917,-0.08841464361932444,0.24891866485731612,true,0.08025201061899584
naive,0.1,0.06762408325973573,0.00030039273173539577,0.1940077397110236,0.5179640110092721,false,0.35598587536014786
naive,0.1,0.12646607313132108,0.13777706741217924,-0.01899203720801937,0.36971488283927356,true,0.17536142281562708
naive,0.1,0.12240182451287115,0.04110004741258234,0.041873785026297516,0.3882765682031748,true,0.21507517661473616
naive,0.1,0.09155094287244922,0.011476950327218025,0.10727874329576217,0.5069668599194553,false,0.30712280160760874
naive,0.1,0.11691820643186883,0.18906735770861283,-0.035547183433949914,0.3172012864971659,true,0.140827051531608
naive,0.1,0.09036270702372808,0.17049818749906673,-0.027027373719109793,0.2971750910683556,true,0.1350738586746229
naive,0.1,0.10167636183904526,0.11543905113978127,-0.0069491528563195015,0.316653689410912,true,0.15485226827729626
naive,0.1,0.10441810945157813,0.06994322205400927,0.019799548353803514,0.4088387361381972,true,0.21431914224600038
naive,0.1,0.13947843837967414,0.23760065968056596,-0.04254230529710444,0.2591763609781806,true,0.10831702784053808
naive,0.1,0.09147419924902978,0.29920595802380756,-0.05811316708325941,0.2569853736472461,true,0.09943610328199336
naive,0.1,0.0884318186256141,0.2751052263082701,-0.055221244142201226,0.2730005154108389,true,0.10888963563431886
naive,0.1,0.08705728394617238,0.1153910705679814,-0.00727494639881468,0.33249788544864856,true,0.16261146952491695
naive,0.1,0.1307565701742591,0.0024666270170785646,0.13461284273924193,0.45491677165800737,false,0.29476480719862463
naive,0.1,0.09960732214369022,0.05435990843689177,0.028850915610801414,0.368907320782523,true,0.19887911819666218
naive,0.1,0.10885237198712294,0.009379008684022997,0.09877124985974894,0.439700473185471,true,0.26923586152261
naive,0.1,0.08320449706742054,0.1885817488503582,-0.03352231082817886,0.3005870188845917,true,0.13353235402820643
naive,0.1,0.10046142115766553,0.021319050928249348,0.06043324615749662,0.3628334743014742,true,0.21163336022948542
naive,0.1,0.07340043179122291,0.035197106074979376,0.046224908119058855,0.3759226318730118,true,0.2110737699960353
naive,0.1,0.11250472114132407,0.07215913138061096,0.01602064427488764,0.3599036396815475,true,0.18796214197821756
naive,0.1,0.10760835324393243,0.08101857473686408,0.009972032945743753,0.33817773196032963,true,0.17407488245303668
naive,0.1,0.19712995893217658,0.002401350747826271,0.1486719968319247,0.500369169403819,true,0.32452058311787185
naive,0.1,0.061254096940175924,0.03397180819021159,0.046864757010891406,0.37105887310009444,true,0.20896181505549294
naive,0.1,0.10098111043674704,0.09463569499336291,0.0032343473494797215,0.4035096929566514,true,0.20337202015306555
naive,0.1,0.10861514937053623,0.06378635060823194,0.019833182029433766,0.3322861000047609,true,0.1760596410170973
naive,0.1,0.06651694066259713,0.11652297540695161,-0.29244932294025694,0.006852446056493544,false,-0.1427984384418817
naive,0.1,0.11610412664646823,0.0977911630779391,0.001127859769477657,0.34454805665372934,true,0.1728379582116035
naive,0.1,0.12548550788225368,0.032178009936940505,0.050115422213063504,0.38160998125175805,true,0.2158627017324108
naive,0.1,0.1375763303227393,0.031169371627809982,0.05787690965400136,0.4311698539105062,true,0.24452338178225377
naive,0.1,0.10383791827309796,0.04957691695923171,0.03337744412794519,0.3778621964043472,true,0.2056198202661462
naive,0.1,0.1360006639448935,0.07397027626372583,0.015295742661929346,0.36979241822676573,true,0.19254408044434754
naive,0.1,0.10857524798668623,0.04528474366783227,0.03739936288341858,0.3818883554740383,true,0.20964385917872846
naive,0.1,0.1531422795032975,0.0005267194496511031,0.197089453255718,0.5529568399653274,false,0.3750231466105227
naive,0.1,0.10164324043270447,0.13650464855721917,-0.014217510283392132,0.28575474057561645,true,0.13576861514611216
naive,0.1,0.10371088073689654,0.05900306500725504,0.024508433458652196,0.3558688150464997,true,0.19018862425257596
naive,0.1,0.10822423408021664,0.02621491004789754,0.06125102043493,0.4097671332578252,true,0.23550907684637762
naive,0.1,0.10545759334824847,0.001025970060854835,0.16249332013833137,0.4887495232584651,false,0.32562142169839825
naive,0.1,0.06710309338571221,0.249564514788461,-0.046748259893947,0.2649132740354824,true,0.1090825070707677
naive,0.1,0.11458905218595208,0.26468025073401424,-0.04865833376390161,0.25367376401381575,true,0.10250771512495707
naive,0.1,0.10000377547407605,0.02054370855713018,0.07087352034070793,0.41813085809070594,true,0.24450218921570693
naive,0.1,0.10535297591222273,0.17495124255972097,-0.026380285322751745,0.2745450227726406,true,0.12408236872494441
naive,0.1,0.08613547460855495,0.06547723546143562,0.019819793555142157,0.35056914190774113,true,0.18519446773144163
naive,0.1,0.11234305176603719,0.034016915486308204,0.047601945263351236,0.3772665719533326,true,0.2124342586083419
naive,0.1,0.12236830551287547,0.015314801724932048,0.08504373530191245,0.44372456596765253,true,0.2643841506347825
naive,0.1,0.08013841401141125,0.14168459672408273,-0.01865051875877763,0.3313339731760294,true,0.15634172720862588
naive,0.1,0.08873760122252353,0.08090217484972306,0.010399635651817896,0.35040361897697836,true,0.18040162731439813
naive,0.1,0.059957243545697536,0.2148129794123652,-0.0451295395064677,0.32197651205276206,true,0.13842348627314718
naive,0.1,0.0562780298971539,0.4481171498945408,-0.08244485882523457,0.2235697121829472,true,0.0705624266788563
naive,0.1,0.15479893373385667,0.033389656754830056,0.05010354251020313,0.39170280683506487,true,0.220903174672634
naive,0.1,0.06367324971499663,0.010677164915682326,0.08906849230051761,0.411681643635711,false,0.2503750679681143
naive,0.1,0.10745587468809362,0.05449466168147046,0.027190315452967434,0.3489115893452178,true,0.18805095239909264
naive,0.1,0.0834819494133392,0.1034974576401823,-0.0017547056188083887,0.3434006566407827,true,0.17082297551098716
naive,0.1,0.10820700453477393,0.04987985152763394,0.029893911062214285,0.34096635757682364,true,0.18543013431951896
naive,0.1,0.12180958820080433,0.11952851221760175,-0.008175105440554387,0.2970952586654243,true,0.14446007661243496
naive,0.1,0.09954820708633184,0.07465736169711702,0.012440069663591458,0.30961660776434086,true,0.16102833871396616
naive,0.1,0.11136935757028663,0.03996463270418098,0.04255674803820722,0.3846351844455178,true,0.21359596624186253
naive,0.1,0.07720998050898743,0.0003188658505749514,0.21776066100989036,0.5842615596802587,false,0.40101111034507453
naive,0.1,0.08206067004152807,0.00011461660237715098,0.2531685097245513,0.6295963196837152,false,0.44138241470413325
naive,0.1,0.12288954282226394,0.016684562018423638,0.07906661191765388,0.4264617023284555,true,0.25276415712305467
naive,0.1,0.06567485099135516,0.07970226575536528,0.01085410306238696,0.3428173181167906,true,0.1768357105895888
naive,0.1,0.1259357427241326,0.03136365588591919,0.04355267483505165,0.3258276316072064,true,0.18469015322112903
naive,0.1,0.09901175234445973,0.025804574339189132,0.05755967219511904,0.38163772323000583,true,0.21959869771256244
naive,0.1,0.1004677629238869,0.04810571758262938,0.034891047329727976,0.38105615878305077,true,0.20797360305638937
naive,0.1,0.11840157266908201,0.12702120089415975,-0.012028518210647182,0.32077710073803667,true,0.15437429126369476
naive,0.1,0.12498090831117352,0.02204469916458562,0.06571218235439374,0.40099891866197107,true,0.2333555505081824
naive,0.1,0.10762012149216373,0.03278927516584812,0.049614727877275305,0.38284823910709065,true,0.216231483492183
naive,0.1,0.10965183024387755,0.2929141195896534,-0.05417455495101536,0.2463100705653225,true,0.09606775780715357
naive,0.1,0.13305207513581083,0.002254877862632786,0.12237257247073399,0.40796874644355696,true,0.26517065945714546
naive,0.1,0.1469894964755895,0.014471624984750464,0.07880206698169456,0.40265045366138447,true,0.24072626032153951
naive,0.1,0.09521591884092451,0.09341683561237502,0.0033186657345727344,0.33627645513192117,true,0.16979756043324695
naive,0.1,0.15187364729486183,0.03145162337990659,0.055810661605006334,0.41832995143143725,true,0.2370703065182218
naive,0.1,0.09536678847097617,0.16691728025344243,-0.02411869272420397,0.27793908138518025,true,0.12691019433048814
naive,0.1,0.09732674455711214,0.07347476302174115,0.014284670645190678,0.3383328013802806,true,0.17630873601273564
naive,0.1,0.11385468210964844,0.0020530039892811738,0.14280859173547905,0.46960174452297426,false,0.30620516812922666
naive,0.1,0.13548224495497643,0.19545069140728064,-0.033366918685200406,0.2800467105025278,true,0.12333989590866369
naive,0.1,0.08156840501884877,0.16485150862694342,-0.026650658493844348,0.3159347987414854,true,0.14464207012382052
naive,0.1,0.1186907329669088,0.0181618897236639,0.08672431386869808,0.48438080933458527,true,0.28555256160164166
naive,0.1,0.14638489053252926,0.09675258840392176,0.0015754708033864362,0.32648744104286626,true,0.16403145592312635
naive,0.1,0.09305075992933719,0.011329429948247696,0.08793186966174918,0.41386392615511347,true,0.2508978979084313
naive,0.1,0.11576450100307789,0.028365502736224485,0.061826417124726,0.4334248395228403,true,0.24762562832378315
naive,0.1,0.1097470694161873,0.04897029443036964,0.0349789369872654,0.3901384307862903,true,0.21255868388677784
naive,0.1,0.08310241239118818,0.23745231210758824,-0.04580955721586405,0.2793429523695076,true,0.11676669757682179
naive,0.1,0.12245865544351915,0.1959897102041799,-0.03583958785393637,0.29930670990519,true,0.1317335610256268
naive,0.1,0.056551840816694496,0.09067631250754397,0.004711876782413582,0.33460321731815024,true,0.1696575470502819
naive,0.1,0.08188384821472593,0.09479108032423257,0.002637108099714569,0.3389533464989767,true,0.17079522729934563
naive,0.1,0.13352834799760924,0.4027841808260339,-0.25416147819368334,0.0827768855700537,false,-0.08569229631181483
naive,0.1,0.15206811601950823,0.025811515838716242,0.058881049625818416,0.3904580642340116,true,0.224669556929915
naive,0.1,0.13341839736816125,0.02069939963646538,0.0637643319952538,0.3775178893934493,true,0.22064111069435155
naive,0.1,0.09568751718292098,0.06741379748525922,0.019986469284594105,0.37722112581988676,true,0.19860379755224042
naive,0.1,0.13761165736615008,0.005397580072503332,0.11524804551105197,0.44856810507368594,true,0.28190807529236894
naive,0.1,0.06716765811775721,0.06302577875539461,0.02127721607974875,0.3481222422908641,true,0.18469972918530642
naive,0.1,0.13081362838228572,0.14222265446567303,-0.017429033161561497,0.30597659086145435,true,0.14427377884994644
naive,0.1,0.1124906618283382,0.00408200851398283,0.1280844151007917,0.47151922661794543,false,0.2998018208593686
naive,0.1,0.06390861557232413,0.1280048572162814,-0.011684241638949933,0.30123292614257213,true,0.1447743422518111
naive,0.1,0.09653739699306167,0.07988198728488781,0.010469139672939692,0.3337998130158495,true,0.1721344763443946
naive,0.1,0.09521020035140632,0.001619180732218489,0.13731031270526287,0.43693756521342353,false,0.2871239389593432
naive,0.1,0.10655364969482173,0.2916723563806727,-0.06601931048121105,0.3018440968538191,true,0.11791239318630402
naive,0.1,0.13262061265086933,0.040729602079652656,0.04155060892980836,0.38206638337934407,true,0.21180849615457623
naive,0.1,0.05154190260984572,0.005659476630833619,0.11484282870287224,0.4515530086136401,false,0.28319791865825616
naive,0.1,0.13959508879965715,0.24819810795269073,-0.042136348679843255,0.24068669466115702,true,0.09927517299065688
naive,0.1,0.1297499179409514,0.2488148666151908,-0.05354779746586047,0.30477013456629676,true,0.12561116855021814
naive,0.1,0.11227408001678504,0.031618101745744934,0.05237084007545001,0.3939670371604073,true,0.22316893861792866
naive,0.1,0.09405542429095105,0.00045684185816635117,0.17198428294281398,0.47616439750247175,false,0.32407434022264286
naive,0.1,0.12845954718199926,0.00040952519097376257,0.1874926426156411,0.5140099205745374,false,0.3507512815950893
naive,0.1,0.09517090512496885,0.007484491633423097,0.09614598319506618,0.40333672799350667,false,0.24974135559428642
naive,0.1,0.11148214146105453,0.06753555662949447,0.018698905943139332,0.35440099269759995,true,0.18654994932036964
naive,0.1,0.07765929395932619,0.2640056964308443,-0.04944166784865617,0.25867484556302034,true,0.10461658885718209
naive,0.1,0.11287152624717797,0.03043320875031713,0.049793014644177014,0.36507299506818813,true,0.20743300485618257
naive,0.1,0.09011214849845638,0.20688524261598443,-0.03289008276205345,0.24985160157156477,true,0.10848075940475567
naive,0.1,0.1136346189004442,0.07694250067829689,0.012572174650405193,0.3465009766749314,true,0.17953657566266829
naive,0.1,0.10523798750412101,0.10425968570959035,-0.0020093739451073345,0.323469867911496,true,0.16073024698319432
naive,0.1,0.10279222475309602,0.047634114486490034,0.031195230151613296,0.33683556662762476,true,0.18401539838961903
naive,0.1,0.1206670995570051,0.028075956031316032,0.05725609642217078,0.39887037947839615,true,0.22806323795028347
naive,0.1,0.08482161113376391,0.058768209471399824,0.025988348231925973,0.37484437832775724,true,0.2004163632798416
naive,0.1,0.11390670215642816,0.05026311952924192,0.031620839457727784,0.3641078065238197,true,0.19786432299077372
naive,0.1,0.10567288610843127,0.023524026467269723,0.06654249133759618,0.41963750572949865,true,0.24308999853354743
naive,0.1,0.0958301674396245,0.2910473912891565,-0.06075247495915963,0.27854926659318163,true,0.10889839581701101
naive,0.1,0.1302820311098077,0.02475348418818917,0.05765203692312382,0.37355201093362367,true,0.21560202392837374
naive,0.1,0.1250918025660009,0.23397159125070152,-0.05241339332897291,0.32682267675649646,true,0.1372046417137618
naive,0.1,0.06838989872693602,0.03911592800947939,0.04151132544802086,0.36812291543402775,true,0.20481712044102432
naive,0.1,0.1079018272875107,0.04922549117296089,0.03417167089113085,0.3835248824515439,true,0.2088482766713374
naive,0.1,0.08693708020918847,0.02322602972862652,0.0678638035174832,0.42515714589090825,true,0.24651047470419574
naive,0.1,0.12173237623640393,0.28088005394366194,-0.05659172920455435,0.27203530721058267,true,0.10772178900301416
naive,0.1,0.13395377384974097,0.011550783582706656,0.07944684726659942,0.37619870960149804,true,0.22782277843404872
naive,0.1,0.12437675507673822,0.4471486158597542,-0.08559801104483225,0.23270189949350104,true,0.07355194422433439
naive,0.1,0.06105551666440029,0.015172150727904255,0.0816921582341241,0.42474390869706036,false,0.25321803346559224
naive,0.1,0.07486835506429772,0.13809848090735177,-0.015227148525980588,0.2940945549300642,true,0.1394337032020418
naive,0.1,0.10837405740873608,0.12676828934562137,-0.011317698502994411,0.30452044712980686,true,0.14660137431340622
naive,0.1,0.15492175700397434,0.27086614944247184,-0.055200587670134485,0.2787443819399352,true,0.11177189713490036
naive,0.1,0.0854580511044944,0.1552814166950597,-0.018713761204926654,0.2564493075597708,true,0.11886777317742209
naive,0.1,0.17636716115938794,0.2012879526809171,-0.039882862034972405,0.3176544969119641,true,0.13888581743849587
naive,0.1,0.14488928535425505,0.1653836801365542,-0.025214761126649943,0.296714049608665,true,0.13574964424100752
naive,0.1,0.09463370269108023,0.09589307300938457,0.001959953897471778,0.32044167215117725,true,0.1612008130243245
naive,0.1,0.07026505919326065,0.06314849147455048,0.021239844876416253,0.3488340741072683,true,0.18503695949184226
naive,0.1,0.10970738603013198,0.048071409154269384,0.03310618849593011,0.36126301093135244,true,0.19718459971364127
naive,0.1,0.1450266899534202,0.056579366779857185,0.024978413772547697,0.3389790819376285,true,0.18197874785508808
naive,0.1,0.15071465853749966,0.006640224479947102,0.10707169948558518,0.4364121651427063,true,0.27174193231414573
naive,0.1,0.06197208502238403,0.016866266406952747,0.07860119428146503,0.4257951008821982,false,0.2521981475818316
naive,0.1,0.062339437556847246,0.0837040495376836,0.008779960003598292,0.3496541549590929,true,0.17921705748134562
naive,0.1,0.07686787026415602,0.06626637608908596,0.01723039867863721,0.31281764742150286,true,0.16502402305007005
naive,0.1,0.09829385499071047,0.008196041743050048,0.08469805702553793,0.36359992964331656,true,0.22414899333442725
naive,0.1,0.10048475480773651,0.1011963680852213,-0.0005296104135509017,0.30129088561700934,true,0.1503806376017292
naive,0.1,0.0722503826485527,0.057805502765992306,0.02503427800524899,0.3514318068553493,true,0.18823304243029915
naive,0.1,0.1637837945036819,0.032656316611108425,0.05005074909915663,0.38509820233750985,true,0.21757447571833324
naive,0.1,0.094248551724295,0.24749702502593335,-0.05755404731473654,0.33010907701999037,true,0.1362775148526269
naive,0.1,0.045151340683047304,0.15965053242276953,-0.024997037730708743,0.31964233363403227,true,0.14732264795166175
naive,0.1,0.13951510830512703,0.0601990196210412,0.02384630886917341,0.3584059252602241,true,0.19112611706469873
naive,0.1,0.09572996847673276,0.001102031904094079,0.17959471331256757,0.5446914299569964,false,0.362143071634782
naive,0.1,0.10386003441147856,0.059100720930295746,0.026788874227062304,0.39006707782073013,true,0.20842797602389623
naive,0.1,0.13167121117506886,0.1179782177524368,-0.00953052171327115,0.37498814115787416,true,0.1827288097223015
naive,0.1,0.10965142778043542,0.09298893465713047,0.0033313290161762765,0.31659263647523905,true,0.15996198274570766
naive,0.1,0.14349992426207975,0.005895206156260052,0.10131027723858224,0.4019155546584813,true,0.25161291594853175
naive,0.1,0.13611094385178688,0.02057851085606518,0.06388478588453023,0.37719699005295987,true,0.22054088796874505
naive,0.1,0.13684517788177353,0.13610235885918734,-0.015782324017704796,0.3205039927092353,true,0.15236083434576525
naive,0.1,0.1047307392732686,0.09469272490287983,0.002744060324815889,0.3460736366341034,true,0.17440884847945964
naive,0.1,0.09245910095647439,0.618731884642149,-0.10880328537271758,0.2031992649882057,true,0.047197989807744055
naive,0.1,0.08322276711789697,0.0239624593472798,0.06703035126131682,0.42682560741088915,true,0.246927979336103
naive,0.1,0.1193358591833716,0.013395779476953735,0.08831377692702988,0.439099371201218,true,0.26370657406412396
naive,0.1,0.10111089037219781,0.04170181889372123,0.03895743959468384,0.36620147731514974,true,0.2025794584549168
naive,0.1,0.10646666384715235,0.19077812505256517,-0.03728587730920238,0.3271510828729557,true,0.14493260278187664
naive,0.1,0.08385082008164728,0.051112579605281934,0.029496257914551988,0.3469332313417046,true,0.18821474462812832
naive,0.1,0.12347359249028296,0.13058853245325544,-0.32144666992417625,0.013550623672683254,false,-0.1539480231257465
naive,0.1,0.07559212549869491,0.002420343737835113,0.1371508352331392,0.4621490470650633,false,0.29964994114910126
naive,0.1,0.09742376962405501,0.03168405224805852,0.04849627597442946,0.36534250956117037,true,0.20691939276779991
naive,0.1,0.0743410228020631,0.04622763494561015,0.03781716779536812,0.3948426715421862,true,0.21632991966877715
naive,0.1,0.07664105093066406,0.0425028489197167,0.042121071131659665,0.40324358744913835,true,0.222682329290399
naive,0.1,0.06404225130642946,0.2509668962421478,-0.04800694856315643,0.2698534480647188,true,0.11092324975078119
naive,0.1,0.051448364173166033,0.03636352937302896,0.048591456842406205,0.40541486865210064,true,0.2270031627472534
naive,0.1,0.11584375050030941,0.2448028921847306,-0.050462800103883,0.2941033296516535,true,0.12182026477388523
naive,0.1,0.13746651518182984,0.031075380308637497,0.050833655083385526,0.37792809183342746,true,0.2143808734584065
naive,0.1,0.10937070082852145,0.18472843868975913,-0.02834829085247055,0.2644379169608857,true,0.11804481305420757
naive,0.1,0.08266499667023812,0.009488398743839738,0.09949388744766643,0.44435917246915857,false,0.2719265299584125
naive,0.1,0.05897493829686212,0.36684029532725765,-0.06966725003854383,0.23902173452558778,true,0.08467724224352198
naive,0.1,0.03715494915971407,0.08521983108224887,0.007777136477115393,0.34301617044882193,true,0.17539665346296865
naive,0.1,0.11588882303121716,0.012293925613407496,0.08331695601458042,0.4024921359178809,true,0.24290454596623068
naive,0.1,0.1291846054709986,0.04407881939844653,0.036213856823664764,0.3595170542011279,true,0.19786545551239634
naive,0.1,0.08230738001374063,0.046554229738814096,0.03066097469773396,0.3226191781441444,true,0.1766400764209392
naive,0.1,0.1200269080053952,0.34186303144578506,-0.06552364809728345,0.24490995788775105,true,0.0896931548952338
naive,0.1,0.07216040003867955,0.00031206962832414125,0.19305107308659333,0.5170366019451719,false,0.3550438375158826
naive,0.1,0.09336435382171673,0.3187978300479473,-0.06631784507283137,0.27039892796895093,true,0.1020405414480598
naive,0.1,0.12470806981368186,0.20840033552287174,-0.03813003151698269,0.28609841342885645,true,0.12398419095593688
naive,0.1,0.08670687694202114,0.07167281938932134,0.014886406532902047,0.32813202436036015,true,0.1715092154466311
naive,0.1,0.08512402261945048,0.018708371844265208,0.06671220028222191,0.3773744986993144,true,0.22204334949076815
naive,0.1,0.08477879640826176,0.06759623658035264,0.01863807650378599,0.3539878882608041,true,0.18631298238229502
naive,0.1,0.11985114260659732,0.12650482978590757,-0.011593903152235102,0.3148887611820287,true,0.15164742901489678
naive,0.1,0.10237657753406317,0.24154602051729038,-0.04859997133308412,0.2888966074772619,true,0.12014831807208891
naive,0.1,0.06517385625114348,0.043291292671286535,0.03421058182069961,0.33349865620643915,true,0.18385461901356936
naive,0.1,0.11336182405546998,0.006918889265394426,0.10585856036661781,0.43567549942167993,true,0.27076702989414886
naive,0.1,0.11856766631566158,0.0812535178577058,0.011627074615680383,0.3995347182446122,true,0.20558089643014626
naive,0.1,0.10650507154705624,0.36106212335402993,-0.08061806491739837,0.281932878213134,true,0.10065740664786782
naive,0.1,0.10242378565566604,0.05107540016827692,0.028909153970055668,0.3397101610339688,true,0.18430965750201223
naive,0.1,0.11186943558450393,0.01732350924900876,0.07788780585509034,0.4265377366798927,true,0.25221277126749153
naive,0.1,0.10582938806623604,0.037701208442664065,0.04572792230244521,0.39295638019732476,true,0.219342151249885
naive,0.1,0.1428853273104518,0.0049503563510016136,0.12022573637009498,0.4596026738402032,true,0.2899142051051491
naive,0.1,0.09529145791311969,0.0010208285086477312,0.16136963455216924,0.4850899379179283,false,0.3232297862350488
naive,0.1,0.11613380132233359,0.16143366008206625,-0.023867297439378987,0.29714829120108127,true,0.13664049688085114
naive,0.1,0.1403973769651061,0.08089104811824402,0.009152875592925741,0.3082053440829142,true,0.15867910983792
naive,0.1,0.0972848655160791,0.027985480992257065,0.05410694162477403,0.3761922352566354,true,0.21514958844070473
naive,0.1,0.09883669898885844,0.1556961935797101,-0.02503582159462872,0.34075474494933866,true,0.15785946167735496
naive,0.1,0.0841426503367384,0.032877485706865474,0.04863068422454084,0.37597530592330664,true,0.21230299507392375
naive,0.1,0.12453500827609026,0.006292785548765145,0.11674848951778463,0.46999006389741826,true,0.29336927670760143
naive,0.1,0.08950752293993482,0.0852387876390707,0.007521417907213113,0.33218201893956734,true,0.16985171842339022
naive,0.1,0.0907641210936953,0.04620789599255759,0.0331957478621194,0.3464290356012907,true,0.18981239173170503
naive,0.1,0.10424653571280341,0.0216637853165463,0.0605970886387823,0.36664489757788754,true,0.2136209931083349
naive,0.1,0.09243730431076587,0.0558922735252915,0.027883209161695455,0.37140520383316245,true,0.19964420649742895
naive,0.1,0.08437417161020513,0.009080319573222832,0.1092761525192952,0.4821250019270841,false,0.29570057722318965
naive,0.1,0.13448387714962493,0.034323563172205696,0.053406449620313046,0.42611113968118713,true,0.2397587946507501
naive,0.1,0.10599518259908336,0.011153887114109624,0.09597950356404972,0.449562015296988,true,0.27277075943051887
naive,0.1,0.07316683614349274,0.04769156418031238,0.03717254083997834,0.4019323717614223,true,0.21955245630070033
naive,0.1,0.13793985040890544,0.003252016059015962,0.12148665907798875,0.42938757416187723,true,0.275437116619933
naive,0.1,0.13051536498708136,0.011226778965081187,0.08563843753474668,0.4019328883968253,true,0.243785662965786
naive,0.1,0.11494525581763944,0.24029659635675604,-0.04276242330681575,0.2561613052761364,true,0.10669944098466032
naive,0.1,0.04599695674662695,0.029438219228884004,0.052111247383058695,0.3739174147221218,false,0.21301433105259027
naive,0.1,0.14233332721934266,0.010610633052891179,0.09026971727021307,0.4164522049709427,true,0.2533609611205779
naive,0.1,0.11630053280481187,0.34279720371759953,-0.06666102597601023,0.2483275044284027,true,0.09083323922619624
naive,0.1,0.10023521287945453,0.027419231315448885,0.060958214587884224,0.41864485787997663,true,0.2398015362339304
naive,0.1,0.08054545784428285,0.228482322943033,-0.03959692843857042,0.2560666536334614,true,0.10823486259744551
naive,0.1,0.07828081978987826,0.053889901536600296,0.027066022816615687,0.34184057544921126,true,0.18445329913291347
naive,0.1,0.15456495434923948,0.016388900622058947,0.0703945030884569,0.3770040065719391,true,0.223699254830198
naive,0.1,0.0988340531468246,0.008902367013766559,0.0995384623679394,0.43679586708969487,false,0.26816716472881713
naive,0.1,0.08304705049394456,0.09693133815501759,0.0015842308267400573,0.3475875754330243,true,0.1745859031298822
naive,0.1,0.09442990637103785,0.07862483642467945,0.012434250670003144,0.3716670205608303,true,0.19205063561541671
naive,0.1,0.13301652832877006,0.028242076368999815,0.050921610431603065,0.35602329248324904,true,0.20347245145742607
naive,0.1,0.11519764955762962,0.02421486313490504,0.060870191410964586,0.3897612820991877,true,0.22531573675507616
naive,0.1,0.07496903370893761,0.13360682525214926,-0.013864365316718141,0.3010667597522533,true,0.14360119721776757
naive,0.1,0.10190096410819331,0.014987108435107465,0.07867393606301193,0.4071864123870091,true,0.2429301742250105
naive,0.1,0.12692501711228626,0.19064313627561888,-0.033937611836865056,0.2981659179149856,true,0.13211415303906027
naive,0.1,0.07569240675635257,0.19867068016940007,-0.03107194309248862,0.25325633466611897,true,0.11109219578681517
naive,0.1,0.10473430561517376,0.0002622034637689758,0.2036492661270141,0.5377567499477751,false,0.3707030080373946
naive,0.1,0.08849126920063079,0.11732071794942996,-0.008628364883229211,0.3518846857493207,true,0.17162816043304574
naive,0.1,0.11823622231156128,0.06705000197964445,0.020666919955425966,0.38524360542316044,true,0.2029552626892932
naive,0.1,0.10430609821083042,0.018688985896929054,0.07075186255068466,0.4000460828943641,true,0.23539897272252439
naive,0.1,0.09343280646458207,0.12625889870682658,-0.01193533420922599,0.32703841197976935,true,0.15755153888527168
naive,0.1,0.09746580434757736,0.4094158788574109,-0.08353437858253643,0.25161996848907026,true,0.08404279495326691
naive,0.1,0.05831254670174297,0.003492325325144111,0.13177338039052136,0.47154138615727614,false,0.30165738327389874
naive,0.1,0.08738042666416154,0.07533906678066817,0.013867782704467313,0.3554928269364564,true,0.18468030482046185
naive,0.1,0.11055250073477738,0.09729637451542211,0.0012718214129540106,0.31701842433838906,true,0.15914512287567154
naive,0.1,0.11333954587380923,0.10246244553438644,-0.0011040273956847146,0.30610120597235985,true,0.15249858928833757
naive,0.1,0.0905810764992023,0.041738419079532095,0.03889768981049421,0.36594439411967805,true,0.20242104196508615
naive,0.1,0.08351724200913103,0.16734213265023712,-0.3191168702328836,0.02785046155610396,false,-0.1456332043383898
naive,0.1,0.05605650062595742,0.05559388927932373,0.02483250485281105,0.3281221652144034,true,0.17647733503360724
naive,0.1,0.09847509275872798,0.11514141543700383,-0.0073320755647448,0.34044892897303103,true,0.16655842670414311
naive,0.1,0.11176477368675213,0.07660735444644591,0.012527785529537872,0.3399615742462914,true,0.17624467988791465
naive,0.1,0.11545767098441174,0.054292549800878394,0.02759275610471021,0.3521943867696541,true,0.18989357143718213
naive,0.1,0.07890245721574406,0.254400482282028,-0.05337657383794135,0.2942450645034822,true,0.12043424533277043
naive,0.1,0.12443948204519882,0.14495730019076694,-0.01827810154100379,0.3027948280954934,true,0.1422583632772448
naive,0.1,0.08352078255209727,0.15212624591875776,-0.020230429397724764,0.29252627161509037,true,0.13614792110868282
naive,0.1,0.08644129309988469,0.353674383324534,-0.07433850925969886,0.26656320028069513,true,0.09611234551049815
naive,0.1,0.15438880396763893,0.0005342341494325918,0.20175720527373647,0.5668161270646142,false,0.38428666616917534
naive,0.1,0.14392885985139703,0.17546279587726793,-0.026080592491847923,0.269777390141156,true,0.12184839882465402
naive,0.1,0.12565236287624837,0.2087249652375497,-0.041126906011148934,0.3077756125600985,true,0.13332435327447478
naive,0.1,0.101004268343596,0.009615555451711076,0.09768046721400322,0.43790200513272715,true,0.2677912361733652
naive,0.1,0.08471387221385647,0.07244403844310708,0.014783595001847283,0.3358747122183861,true,0.1753291536101167
naive,0.1,0.08688159680663887,0.3144499176214944,-0.06832206301470146,0.28345565214179064,true,0.10756679456354458
naive,0.1,0.13830148541069545,0.03329449236864489,0.04966958846354347,0.3875066791310225,true,0.21858813379728298
naive,0.1,0.11390632516046097,0.00014028306875020382,0.21676634179713317,0.5464745235624527,false,0.38162043267979295
naive,0.1,0.134291198904512,0.0003632645379962752,0.19856001757369243,0.5386690734930493,false,0.36861454553337086
naive,0.1,0.12610969193792038,0.01734262864133739,0.06564404396381165,0.35964974060026134,true,0.2126468922820365
naive,0.1,0.0790913820831278,0.11796301844926095,-0.007635922117884109,0.3006876652853977,true,0.1465258715837568
naive,0.1,0.1358370321205259,0.012825369578677361,0.0757795135722584,0.37124480193145926,true,0.22351215775185884
naive,0.1,0.09838754049217827,0.0668285689647599,-0.367832826662564,-0.01988168592865841,false,-0.1938572562956112
naive,0.1,0.07706274321160837,0.003269634005231456,0.1332682703413036,0.4714649315625796,false,0.3023666009519416
naive,0.1,0.08026648007805284,0.2271136446149581,-0.04592056053692983,0.2997456841126984,true,0.1269125617878843
naive,0.1,0.08850143646192059,0.15326019769007185,-0.019877991032251907,0.2818276427802869,true,0.1309748258740175
naive,0.1,0.09476595836892522,0.36182938303371254,-0.08469718464756301,0.29544030366505447,true,0.10537155950874574
naive,0.1,0.10230686361602802,0.037423930139904686,0.04686101819482569,0.40022980301198163,true,0.22354541060340366
naive,0.1,0.1026575321504318,0.06788439883069912,0.018488258945935754,0.3546646329708613,true,0.18657644595839853
naive,0.1,0.12199030079568027,0.09185389688113146,0.0038556190015536784,0.31439337973807435,true,0.15912449936981402
naive,0.1,0.11774985256490533,0.0038529949345314824,0.12295100286003532,0.4478028437397362,false,0.2853769232998858
naive,0.1,0.13825596389816847,0.15798314988893852,-0.02270010716513357,0.297847097532024,true,0.13757349518344522
naive,0.1,0.13096000715435924,0.01496961269522102,0.07948962516576683,0.41123001452503305,true,0.24535981984539992
naive,0.1,0.0746935940111155,0.06075533127819128,0.023823503431506216,0.3639543506127547,true,0.19388892702213048
naive,0.1,0.09739048696828449,0.0018352883165060393,0.15454273787684195,0.5002018555210608,false,0.32737229669895135
naive,0.1,0.1338822906295008,0.08618987538030658,0.006809524369032122,0.32234660914101687,true,0.1645780667550245
naive,0.1,0.11665154823037284,0.02843775001201087,0.051380659232803216,0.3607616010136067,true,0.20607113012320497
naive,0.1,0.06071985845051814,0.049347418629394645,0.031632281598702516,0.35608863887778425,true,0.19386046023824338
naive,0.1,0.11677155532576645,0.3123554467022285,-0.06450733250335088,0.2699128514525062,true,0.10270275947457767
naive,0.1,0.13311733001079443,0.04660869086590207,0.0348940857143519,0.36763682656505825,true,0.2012654561397051
naive,0.1,0.1402306689768776,0.06455497525230386,0.01884363220659485,0.32350202913661225,true,0.17117283067160355
naive,0.1,0.10562871908911317,0.018205931877035553,0.07140951601022608,0.3992534821288738,true,0.23533149906954995
naive,0.1,0.12874289849333004,0.0819309084786178,0.008354785447023588,0.2984713074323533,true,0.15341304643968842
naive,0.1,0.11310009789395156,0.011477008683588735,0.08294794915801076,0.3919875183222573,true,0.23746773374013402
naive,0.1,0.10414144935441638,0.017003060396486747,0.07902035825270429,0.4294626310593984,true,0.25424149465605134
naive,0.1,0.09703149578885903,0.05136067448430094,0.02649595749771702,0.3135969523983524,true,0.1700464549480347
naive,0.1,0.04613201797093163,0.001956703978836801,0.15019988793938624,0.49052837900535695,false,0.3203641334723716
naive,0.1,0.05058091842824726,0.030709720327355895,0.0515855967905543,0.38048983831750205,false,0.21603771755402817
naive,0.1,0.08656901797979127,0.13803964121432444,-0.016695234101543582,0.322913346060834,true,0.15310905597964522
naive,0.1,0.10833787825327273,0.052124523493127316,0.028913796625356064,0.3489065271367937,true,0.1889101618810749
naive,0.1,0.10968910585369429,0.03968184343278841,0.040930575742032876,0.3675978406136926,true,0.20426420817786273
naive,0.1,0.08518074120137957,0.09945079429771113,0.0002765977304851619,0.34127813916909416,true,0.17077736844978966
naive,0.1,0.09050371602030824,0.29749018262811455,-0.06302513163994598,0.280799655229368,true,0.10888726179471102
naive,0.1,0.10748551016584827,0.14768211089213687,-0.017541505507065958,0.2752563266781107,true,0.12885741058552236
naive,0.1,0.0895770683680558,0.09087816414857781,0.004909114758697791,0.35652251214489517,true,0.1807158134517965
naive,0.1,0.13180212991822204,0.01496198657488058,0.07823545696840106,0.4046653246716571,true,0.2414503908200291
naive,0.1,0.10492931170919055,0.19476641168128753,-0.032733219534382046,0.2764807951327908,true,0.12187378779920438
naive,0.1,0.10132575526005637,0.002722102621302403,0.12472974201002551,0.428080654966166,false,0.27640519848809575
naive,0.1,0.08257341682291773,0.017291001285928975,0.08057784025212872,0.44092983293851323,true,0.260753836595321
naive,0.1,0.11789990892873178,0.07041145692673409,0.016806145204604606,0.3531015637263677,true,0.18495385446548615
naive,0.1,0.09958900990130545,0.1455896423903471,-0.018422962504056506,0.3012871271315017,true,0.1414320823137226
naive,0.1,0.12453201375372809,0.06564595697556701,0.019364718705532996,0.34441975392331237,true,0.18189223631442267
naive,0.1,0.08407871677926361,0.42479947059093387,-0.08592027601358868,0.24789586573596303,true,0.08098779486118718
naive,0.1,0.06573105383779772,0.05001860051127925,0.03277048337836774,0.375062490248163,true,0.20391648681326538
naive,0.1,0.06660328252946608,0.04680938257717113,0.038829802163689586,0.4110642937541865,true,0.22494704795893805
naive,0.1,0.04756825598435208,0.12558333242284594,-0.010894274336545856,0.3059833477569541,true,0.14754453671020415
naive,0.1,0.046452185241935146,0.2357393139317198,-0.05069529749376825,0.3125252880181858,true,0.13091499526220876
naive,0.1,0.0944027822094051,0.015167111103872597,0.09023344028478752,0.46909452760546533,true,0.2796639839451264
naive,0.1,0.09741145061245292,0.42131460692557615,-0.08432959185653749,0.2456526149846472,true,0.08066151156405485
naive,0.1,0.09869553079030126,0.08431512842711301,0.009740176922772126,0.4037394937571436,true,0.20673983533995785
naive,0.1,0.03485966143346584,0.09524027855952436,-0.34484655263549613,-0.002448681283369697,false,-0.17364761695943293
naive,0.1,0.10426889211162178,0.01025151797532306,0.09410214584035737,0.4297234713380609,true,0.2619128085892091
naive,0.1,0.11066603275476648,0.0017748050246935733,0.16847704114944595,0.5427906899603995,false,0.3556338655549227
naive,0.1,0.06691932901984209,0.12749356500736875,-0.011320405295822095,0.2969824097348781,true,0.142831002219528
naive,0.1,0.07651248543461904,0.3369327365129639,-0.06790258880066502,0.25838472787706324,true,0.09524106953819911
naive,0.1,0.10254196771489671,0.005736544887167274,0.09817923977173648,0.38716957022497756,true,0.24267440499835702
naive,0.1,0.09430898328269076,0.40556815337794333,-0.08184078302930105,0.2492629095312643,true,0.08371106325098161
naive,0.1,0.14072490580364255,0.000018202137197709566,0.25421930732492504,0.5708797963618604,false,0.4125495518433927
naive,0.1,0.07855300906886446,0.018752127213799354,0.06636953722700945,0.3758169183337234,true,0.2210932277803664
naive,0.1,0.17042783816660584,0.30304883699513147,-0.0693813090956887,0.30178588237310716,true,0.11620228663870923
naive,0.1,0.04571822045656847,0.14049588132085752,-0.01651183225889427,0.30131710303443515,true,0.14240263538777043
naive,0.1,0.13334475505738605,0.15707501098500132,-0.021942463374379967,0.29207174004545067,true,0.13506463833553534
naive,0.1,0.08890830392411773,0.09409588067818284,0.0030716048479774716,0.3476700964926277,true,0.17537085067030259
naive,0.1,0.11701622880179423,0.14403661594497705,-0.018681484457884173,0.3154475550845206,true,0.1483830353133182
naive,0.1,0.10184623883554854,0.032340718176789726,0.04716709261460833,0.3604309445280191,true,0.20379901857131372
naive,0.1,0.07047820575605825,0.0017618864618382465,0.14977136855006207,0.48204368647048695,false,0.3159075275102745
naive,0.1,0.1046321342199443,0.0031497705565708147,0.11300062166789601,0.3972315297031458,false,0.2551160756855209
naive,0.1,0.1627390956244559,0.00007483863650017668,0.24011423173801624,0.5812523411359853,false,0.4106832864370008
naive,0.1,0.09117717162223701,0.24787102458250032,-0.04166071957477484,0.23842637821243484,true,0.09838282931883001
naive,0.1,0.08030608756738206,0.0890064672641639,0.005060524870561411,0.30336045435922165,true,0.15421048961489153
naive,0.1,0.0877143512919525,0.018381828901554664,0.06763611859456845,0.3797099456895311,true,0.22367303214204975
naive,0.1,0.09096329434661916,0.03409245460297269,0.049117229434324505,0.38991772981706335,true,0.21951747962569393
naive,0.1,0.07346119729650889,0.1052967501225334,-0.0023572267211754705,0.30593095410056437,true,0.15178686368969443
naive,0.1,0.10582077883179089,0.30106208676497803,-0.05638481263989997,0.24735024120007598,true,0.095482714280088
naive,0.1,0.14612118160048057,0.12157059621812197,-0.009613027218885184,0.31762641608437453,true,0.15400669443274467
naive,0.1,0.07426106015799717,0.002664358123817035,0.16208544675215952,0.5543941337085004,false,0.35823979023033
naive,0.1,0.10302199772737655,0.0174755569156771,0.0774122149229309,0.42545921935810216,true,0.25143571714051655
naive,0.1,0.11491871670614354,0.18930710456073907,-0.03391368410749282,0.30190421810151724,true,0.13399526699701222
naive,0.1,0.08940619036747954,0.00031351855669801634,0.18175883895800762,0.4869806606432503,false,0.33436974980062895
naive,0.1,0.059986069154437494,0.03156668548588166,0.05727442396071916,0.43037456825825016,true,0.24382449610948465
naive,0.1,0.11393486674343067,0.016758073378651765,0.07323412435412041,0.3956977445967912,true,0.2344659344754558
naive,0.1,0.09213506245409307,0.015218344053941976,0.08630194434826963,0.4492224989259278,true,0.26776222163709873
naive,0.1,0.10843675881101367,0.06490785984166274,0.022681501820359495,0.39383167927586843,true,0.20825659054811396
naive,0.1,0.09540171899968095,0.032968998223170995,0.04087436711339504,0.31663887192772494,true,0.17875661952056
naive,0.1,0.08554076537755581,0.19073796746295377,-0.25662291320453057,0.029236215177216474,false,-0.11369334901365705
naive,0.1,0.13659263216872308,0.10232036020438008,-0.0011924629041895063,0.35074361481937105,true,0.17477557595759077
naive,0.1,0.06336601765161257,0.29878430363795494,-0.06496605213949633,0.28781683622542964,true,0.11142539204296667
naive,0.1,0.1119940071536375,0.006172353818701031,0.08571983658922336,0.34357083410285627,true,0.2146453353460398
naive,0.1,0.09021643331775328,0.047264878042226816,0.038138745811849034,0.4081716182619577,true,0.22315518203690335
naive,0.1,0.11669412365858445,0.004234042733338189,0.1182929366612212,0.43849499756686305,false,0.27839396711404213
naive,0.1,0.06528134187849519,0.35809923408751065,-0.06672865189081528,0.23569542475394462,true,0.08448338643156467
naive,0.1,0.11436859629064752,0.009024800385243068,0.09284157495601689,0.4089280568225644,true,0.2508848158892906
naive,0.1,0.05733900385998029,0.10962590981535691,-0.004522250788341953,0.32624567841087937,true,0.1608617138112687
naive,0.1,0.06645628339571759,0.08601897122273372,0.00763690770415934,0.35691652595309853,true,0.18227671682862892
naive,0.1,0.07165584557701632,0.20973225999153214,-0.03505053234778249,0.26018825389865496,true,0.11256886077543624
naive,0.1,0.09517594138255606,0.11251531567137771,-0.005661554135185737,0.316203483847307,true,0.15527096485606065
naive,0.1,0.10405723814451708,0.023949879613083206,0.059266187340295234,0.37728149339296513,true,0.21827384036663017
naive,0.1,0.12294169342291401,0.09976994345448363,0.00010868398111724131,0.3203874931626486,true,0.1602480885718829
naive,0.1,0.12471853303482487,0.031045617490092558,0.050684560358404684,0.376576510052295,true,0.21363053520534983
naive,0.1,0.09381978980938294,0.031558015218281055,0.04687849473112027,0.3521906600131951,true,0.19953457737215768
naive,0.1,0.10170147707169805,0.021386598365887667,0.06437996436817095,0.3871166372520857,true,0.22574830081012834
naive,0.1,0.11208159097529129,0.20854207568421526,-0.03795952372366991,0.28449248583090886,true,0.12326648105361947
naive,0.1,0.11155379365305564,0.25273256418243606,-0.04538671841540294,0.2525661402781924,true,0.10358971093139473
naive,0.1,0.1261377582444041,0.01809536983277458,0.08395884561819225,0.46820655097599584,true,0.27608269829709403
naive,0.1,0.10718665497960973,0.24988508993518227,-0.05282353582294584,0.29878541847207174,true,0.12298094132456296
naive,0.1,0.12697421361930136,0.0022581044651628626,0.1263305614850303,0.4212537377406397,true,0.273792149612835
naive,0.1,0.10074587900961508,0.000789870310404075,0.17170079123526463,0.5017366284696231,false,0.33671870985244384
naive,0.1,0.11815384250098386,0.0025077064603576385,0.1530103041444464,0.5184103123140764,false,0.3357103082292614
naive,0.1,0.0723114048368412,0.04836987093714694,0.031075811531954906,0.34156958999422304,true,0.186322700763089
naive,0.1,0.1382513583047869,0.09415365171289579,0.002734943894224462,0.312671118242194,true,0.15770303106820924
naive,0.1,0.12493411027112333,0.4560345330474349,-0.0895046979600055,0.23785155424162163,true,0.07417342814080806
naive,0.1,0.10529395360628126,0.12109443609455833,-0.00909032898618281,0.3068332735678957,true,0.14887147229085643
naive,0.1,0.11086305107670189,0.00004469378118607383,0.25498003162865795,0.5991893156760368,false,0.42708467365234737
naive,0.1,0.12376417773421781,0.0026800121243757344,0.13590025130470973,0.46526277264226135,false,0.30058151197348554
naive,0.1,0.11390217764958807,0.06664514712272232,0.018173357478028146,0.33415188615750646,true,0.17616262181776732
naive,0.1,0.09507506945798616,0.02812123961269157,0.05149217395083805,0.35906929403390464,true,0.20528073399237134
naive,0.1,0.03332699638835128,0.23349202934492347,-0.04268707562956925,0.267006299546557,true,0.11215961195849389
naive,0.1,0.06584070240707916,0.09075154824891897,0.003986095687770891,0.28542557870506635,true,0.14470583719641864
naive,0.1,0.06698601817616909,0.007676028446222466,0.1062145532037653,0.4483943638679143,false,0.2773044585358398
naive,0.1,0.14565723871720784,0.04280374037485594,0.03976969869569563,0.3833679663532255,true,0.21156883252446057
naive,0.1,0.13348507954627356,0.11097204763321815,-0.005423121843163681,0.34429157675232785,true,0.1694342274545821
naive,0.1,0.12964727145475707,0.027872234308812662,0.0548943361760299,0.38072923761522587,true,0.21781178689562788
naive,0.1,0.08848294826961145,0.23905532130753987,-0.045589831888193905,0.275215413965581,true,0.11481279103869355
naive,0.1,0.11987532420468594,0.0127307022403737,0.08225783568238029,0.40198434573858477,true,0.24212109071048252
naive,0.1,0.1288029665718256,0.003892776852494797,0.1225337977198569,0.44712555420744265,true,0.2848296759636498
naive,0.1,0.10691366252286315,0.015202453896568682,0.07658691114775962,0.3984974548894167,true,0.23754218301858815
naive,0.1,0.12675304363707207,0.0034847786838714916,0.12120109685782399,0.4335442541398521,true,0.27737267549883804
naive,0.1,0.11137274818223426,0.013506168947855305,0.08059628685260961,0.4018659451192075,true,0.24123111598590855
naive,0.1,0.11957820606217062,0.03150433263832378,0.05083918934030185,0.3815021583954662,true,0.21617067386788402
naive,0.1,0.08967148401405556,0.1588452806236003,-0.021803276971460728,0.28226666942443307,true,0.13023169622648617
naive,0.1,0.08939742624830921,0.03510222065865574,0.046623799492121365,0.37837985371549865,true,0.21250182660381
naive,0.1,0.10745356100782626,0.07722629174587324,0.012536185431082036,0.3501350455673832,true,0.1813356154992326
naive,0.1,0.0889882280677533,0.028020464140836036,0.05174992896411737,0.36007794202664023,true,0.2059139354953788
naive,0.1,0.1638042674873191,0.020416791774270224,0.06336504219360745,0.3727585621778706,true,0.21806180218573903
naive,0.1,0.08771669004107875,0.00832792969224695,0.10549295489692367,0.4547609711098879,false,0.2801269630034058
naive,0.1,0.12281585546149128,0.03274071282150386,0.053249801791808216,0.4104644666132167,true,0.23185713420251247
naive,0.1,0.09191153506334027,0.030822993374482032,0.048724524403702035,0.36027054771046574,true,0.20449753605708387
naive,0.1,0.11357405732978684,0.141908548307642,-0.017144584309065514,0.3030719633505541,true,0.14296368952074429
naive,0.1,0.048501361622733996,0.41104977159337525,-0.08572941593605982,0.25703023003055525,true,0.08565040704724772
naive,0.1,0.10364027626503587,0.04126832286531959,0.040873521912756505,0.3804492233757939,true,0.2106613726442752
naive,0.1,0.126386098208705,0.024320266611193676,0.060393408525930836,0.3876065135965781,true,0.22399996106125447
naive,0.1,0.11403361750402918,0.0733925903128659,0.014157987484053863,0.33420396388342255,true,0.1741809756837382
naive,0.1,0.09713483701857041,0.11149090920960315,-0.005505059148419422,0.3341040154698944,true,0.16429947816073748
naive,0.1,0.16676953915428933,0.06587078282301397,0.019593145127706074,0.3510730086033238,true,0.18533307686551495
naive,0.1,0.09902869235432055,0.08222402524223259,0.009189036093193853,0.3339852549694021,true,0.171587145531298
naive,0.1,0.10836372143553559,0.07756919828406168,0.011264752912002213,0.31978602449111027,true,0.16552538870155623
naive,0.1,0.08938781287687911,0.34223071364151453,-0.07044379941835356,0.262952689529259,true,0.0962544450554527
naive,0.1,0.11504775673211426,0.33841241852578413,-0.06935765183509318,0.26249810707087323,true,0.09657022761789003
naive,0.1,0.05959612590172545,0.11303041296445941,-0.0052768080897176994,0.28339006158969315,true,0.13905662674998773
naive,0.1,0.13841101906513903,0.019247284649894055,0.07341281486175044,0.4204784587191085,true,0.24694563679042947
naive,0.1,0.047956257687891746,0.2809428667798759,-0.2730760415587074,0.05682529032955408,true,-0.10812537561457666
naive,0.1,0.051239971284142684,0.028233665714972447,-0.35111496743274384,-0.050228747527530676,false,-0.20067185748013727
naive,0.1,0.10685359849432093,0.03155781971475499,0.04585535427661647,0.34450250760790035,true,0.1951789309422584
naive,0.1,0.06293298292106514,0.06731938599267258,0.017572682943554963,0.33059148360324886,true,0.1740820832734019
naive,0.1,0.10056812426206772,0.013704894294844408,0.07397359840735762,0.37072450320115896,true,0.2223490508042583
naive,0.1,0.10139525475659521,0.014300527430841935,0.07415621875155257,0.37728878539913446,true,0.22572250207534353
naive,0.1,0.11050556452126048,0.015471835699265893,0.06715017850049299,0.3517151163674284,true,0.2094326474339607
naive,0.1,0.14071904604609292,0.002337914366929858,0.16544673564563223,0.5545696024184295,false,0.3600081690320308
naive,0.1,0.07026318822788388,0.24245557665653458,-0.045735266590958126,0.27035959742257676,true,0.11231216541580931
naive,0.1,0.0719606088926857,0.013713056030155591,0.08602992842843193,0.43123555364724153,false,0.25863274103783673
naive,0.1,0.09956507492607883,0.10197268633077035,-0.0009349830238511991,0.32320223599391673,true,0.16113362648503277
naive,0.1,0.16331241243194256,0.0008960766770893746,0.17373654553315776,0.5146668634354464,false,0.3442017044843021
naive,0.1,0.08594944388452296,0.0082337120027195,0.10233864908949156,0.43985367998749725,false,0.2710961645384944
naive,0.1,0.09446816165576583,0.22060371154012492,-0.03943312406225413,0.26948423984462505,true,0.11502555789118546
naive,0.1,0.10730907647796234,0.020828831994674325,0.06603294981005631,0.39209540846967417,true,0.22906417913986524
naive,0.1,0.08302285216212477,0.002916222447575928,0.12806928456372746,0.44446820127287223,false,0.28626874291829985
naive,0.1,0.11661482687811085,0.018931576756326264,0.06853848073365168,0.389712975336615,true,0.22912572803513334
naive,0.1,0.0930616433747059,0.003501098133674949,0.14377351414865333,0.5147102791898507,false,0.329241896669252
naive,0.1,0.09302111315510023,0.24345800778381843,-0.05350118538670079,0.31434733684269506,true,0.13042307572799713
naive,0.1,0.08015220615679061,0.04742180962638066,0.034063030454730775,0.36592785053120824,true,0.1999954404929695
naive,0.1,0.07743564263018211,0.14423574781212245,-0.016730882078704323,0.2813353888647757,true,0.1323022533930357
naive,0.1,0.11243131201588007,0.06853783531856905,-0.357912206225949,-0.01823482515637015,false,-0.18807351569115957
naive,0.1,0.10320880442231024,0.5563682756219064,-0.10934222664801069,0.23109007196506365,true,0.06087392265852648
naive,0.1,0.08867110264021248,0.12961951267131733,-0.014928458075469525,0.3650359681899258,true,0.17505375505722812
naive,0.1,0.07389357439976336,0.04732806605456169,0.03274908810003996,0.3510216527336116,true,0.19188537041682577
naive,0.1,0.116916076875725,0.007882426019024155,0.10485206555861679,0.44562340471978823,true,0.2752377351392025
naive,0.1,0.135247108554635,0.03409573185031151,0.04780766353585103,0.3795488557328874,true,0.2136782596343692
naive,0.1,0.034114461308435255,0.05689504145177789,0.02916278304677747,0.39920072153003194,true,0.2141817522884047
naive,0.1,0.07968363516856286,0.3942273162994794,-0.07638534574022232,0.24054310894110675,true,0.08207888160044222
naive,0.1,0.07425056002358832,0.00268149747221104,0.1278465286794841,0.43772886847120496,false,0.2827876985753445
naive,0.1,0.0869641831605447,0.15296175782595647,-0.02470824349621531,0.35211461897380103,true,0.16370318773879286
naive,0.1,0.07786609528599446,0.3975491769018979,-0.07694633194820201,0.23992389827131994,true,0.08148878316155896
naive,0.1,0.10914083362306123,0.03286360168972548,0.045066079729935954,0.3483113415830761,true,0.19668871065650603
naive,0.1,0.08693466083478982,0.11189392287991008,-0.005539412237620667,0.32509228818527836,true,0.15977643797382884
naive,0.1,0.07123147901853781,0.011360940590364613,0.09124855958298769,0.4298459644794984,false,0.26054726203124307
naive,0.1,0.06985603321007872,0.001117993111564657,0.17026207873344726,0.5172608439079339,false,0.3437614613206906
naive,0.1,0.10415809262414959,0.0006344211255714558,0.18353652389239003,0.524347606531297,false,0.3539420652118435
naive,0.1,0.1127721385863783,0.15250079445636197,-0.02201214918665112,0.3162110082009921,true,0.1470994295071705
naive,0.1,0.10155731141897342,0.004224245881442546,0.14145583582057628,0.5241252750387465,false,0.3327905554296614
naive,0.1,0.11897831160796396,0.056724353344265774,0.027486923179153244,0.37450358805643263,true,0.20099525561779294
naive,0.1,0.0686693368406463,0.023404274296629213,0.05995628321186741,0.3771027685363281,true,0.21852952587409777
naive,0.1,0.09848727464397945,0.09403747934652137,0.0031823488703990876,0.35662134284179386,true,0.17990184585609648
naive,0.1,0.08800682429607168,0.0358550675662042,0.048599803504039474,0.40097875967388263,true,0.22478928158896105
naive,0.1,0.127992695123298,0.007744423564666526,0.10463504768001836,0.44271414466723663,true,0.2736745961736275
naive,0.1,0.08988654055900472,0.1933074121308833,-0.03898199179175363,0.33381042980223474,true,0.14741421900524054
naive,0.1,0.09928636760674614,0.0404919455164746,0.03524240890274333,0.3223283970566901,true,0.1787854029797167
naive,0.1,0.07757263115426041,0.09014693275650021,0.004952327735065376,0.33229540321740514,true,0.16862386547623526
naive,0.1,0.0976495351718278,0.07841707731817861,0.010776058993714532,0.3187920153567002,true,0.16478403717520737
naive,0.1,0.08601834995614871,0.06990043110467331,0.016647493353260517,0.3432117147627799,true,0.17992960405802022
naive,0.1,0.14341479247942326,0.15565183174384783,-0.023479116264734617,0.3197991590578956,true,0.14816002139658047
naive,0.1,0.11012867615502629,0.06486269765648034,0.021814719545991235,0.37822977577034816,true,0.2000222476581697
naive,0.1,0.09369751148712352,0.4957969971715737,-0.10443657825434621,0.25205711598768527,true,0.07381026886666953
naive,0.1,0.09751248026823596,0.06272492389549421,0.020415066947095023,0.33093267303884,true,0.1756738699929675
naive,0.1,0.05625896499207381,0.10023986078084994,-0.00011446390517017013,0.32401629287927813,true,0.16195091448705398
naive,0.1,0.10055438779999593,0.2952339931549878,-0.060100930859232626,0.27044510966014496,true,0.10517208940045616
naive,0.1,0.1529440931589506,0.23002065153544018,-0.047041726456395844,0.3010725852367675,true,0.12701542939018584
naive,0.1,0.11236395464890345,0.015344964788052537,0.07304382261542589,0.3813962025657067,true,0.22722001259056632
naive,0.1,0.09363303012687142,0.17780288135083255,-0.027250512906302496,0.2742812018381184,true,0.12351534446590794
naive,0.1,0.1075849019863248,0.05550698996232339,0.02594266331866285,0.34199230509743805,true,0.18396748420805045
naive,0.1,0.1338776628630772,0.1326837074537609,-0.013206297751552215,0.29436576716613216,true,0.14057973470729
naive,0.1,0.08974699972049956,0.000033402169105878826,0.26136211472348403,0.6047231280219668,false,0.4330426213727254
naive,0.1,0.11789374194617849,0.006990571051163556,0.11993980518262365,0.49484673052554423,false,0.30739326785408394
naive,0.1,0.10863865338490855,0.1345380095807402,-0.015199045568422997,0.321708924148339,true,0.153254939289958
naive,0.1,0.09668259149369335,0.028109674501274825,0.059772444404343955,0.41670528622825365,true,0.23823886531629881
naive,0.1,0.11494996869770578,0.011084421405927893,0.10535881678122841,0.492546420814055,true,0.2989526187976417
naive,0.1,0.09532554823449162,0.04528440756176051,0.036075152840928465,0.3683638165875296,true,0.20221948471422904
naive,0.1,0.08546066256335129,0.02338609016496253,0.06100873598900303,0.3835679467017049,true,0.22228834134535397
naive,0.1,0.07858076790297194,0.2431344192011754,-0.04700007095916414,0.2766918487988493,true,0.11484588891984257
naive,0.1,0.07693208941038877,0.04224880999049456,0.03612112301639242,0.3438002032938539,true,0.18996066315512317
naive,0.1,0.0872604493699431,0.0029631852543445646,0.1336135667077533,0.46492951455133547,false,0.29927154062954436
naive,0.1,0.12764274551173915,0.11958339137489277,-0.007863925455169896,0.2850185077806483,true,0.1385772911627392
naive,0.1,0.1472461188206304,0.09610363489727924,0.0019495157958673848,0.3361448499736786,true,0.169047182884773
naive,0.1,0.13997074637783574,0.15776760865011535,-0.022967973106540474,0.30238444134699327,true,0.1397082341202264
naive,0.1,0.11099893724113431,0.001130111624834839,0.16866867533442093,0.51307290863207,false,0.3408707919832455
naive,0.1,0.05113630277041734,0.1036124572406193,-0.0017082381716305162,0.32375485838297036,true,0.16102331010566992
naive,0.1,0.06462204596099544,0.3034627199775013,-0.06148341763324351,0.26696199050892744,true,0.10273928643784196
naive,0.1,0.06137530260668954,0.05637237145348939,0.02882984078119788,0.38904460367030114,true,0.2089372222257495
naive,0.1,0.09828912850301179,0.022330913152249013,0.06214856165759844,0.38168344223682227,true,0.22191600194721037
naive,0.1,0.10542271403473645,0.024731350340685625,0.06233123458122314,0.4036743158680675,true,0.23300277522464533
naive,0.1,0.11005236248344709,0.0005524225863479487,0.17653996117910659,0.4975632651978667,false,0.33705161318848664
naive,0.1,0.08580960021254541,0.09228415872019496,0.004075962987011156,0.3513057413158539,true,0.17769085215143254
naive,0.1,0.10783909413301522,0.023766463328645206,0.05933759905645222,0.37621068196323426,true,0.21777414050984323
naive,0.1,0.06204829826329563,0.10878331402440823,-0.004653289125794213,0.3671900364882625,true,0.18126837368123414
naive,0.1,0.06980128497278336,0.13275501052201102,-0.016741844456509614,0.3724100858334902,true,0.1778341206884903
naive,0.1,0.07570376548700743,0.017266422869893314,0.07454468153594881,0.40767847309405747,true,0.24111157731500313
naive,0.1,0.09526932132234837,0.07212210538569477,0.014803972218533301,0.3320872059998229,true,0.1734455891091781
naive,0.1,0.08924193322029016,0.03632698108242419,0.04596054007789102,0.38315604663959324,true,0.21455829335874213
naive,0.1,0.09378128524422,0.08345722833207067,0.007377641575300881,0.2892109185207765,true,0.1482942800480387
naive,0.1,0.12386047991285935,0.014143628826266068,0.07892913713248803,0.39998832392906136,true,0.23945873053077468
naive,0.1,0.16019971811019404,0.0929273505320178,0.00347465047232115,0.32728348499809967,true,0.1653790677352104
naive,0.1,0.09259328820824643,0.17059022791395617,-0.027795364725970245,0.3052611107851434,true,0.13873287302958656
naive,0.1,0.09803172115289785,0.002018825535469902,0.12193953832337046,0.40001158131159387,false,0.26097555981748216
naive,0.1,0.11089163059793011,0.022604210389947317,0.060669753824899225,0.37487654198358633,true,0.21777314790424276
naive,0.1,0.12618516802146085,0.15364075359707774,-0.020963827641283073,0.295294811053611,true,0.13716549170616396
naive,0.1,0.09908819244816079,0.07469097048396416,0.014373907553964865,0.35826231605320913,true,0.186318111803587
naive,0.1,0.12841576944098143,0.05861830041316552,0.027163927732698878,0.3901387479938969,true,0.2086513378632979
naive,0.1,0.08869144549697297,0.11098764488355514,-0.005211026374445371,0.330368570137331,true,0.16257877188144282
naive,0.1,0.10532354986238829,0.035003185195290575,0.0452508316217127,0.3664424003841037,true,0.2058466160029082
naive,0.1,0.07609565941333694,0.11368656398087248,-0.006783017031582961,0.34732169647664785,true,0.17026933972253244
naive,0.1,0.0804454882502186,0.6622808577887944,-0.21237530692989603,0.12325397213308814,true,-0.04456066739840394
naive,0.1,0.12721723060657508,0.4219857480213158,-0.08821974383825476,0.2565083101988833,true,0.08414428318031428
naive,0.1,0.0844152335417689,0.008390861127736501,0.0887756212536582,0.3834528902778507,false,0.23611425576575445
naive,0.1,0.08663845493554816,0.0036405663377025114,0.13166124806100873,0.4746284924755084,false,0.3031448702682586
naive,0.1,0.056997051700433746,0.10831747336941198,-0.004104202209802982,0.34163149651854585,true,0.16876364715437142
naive,0.1,0.1041859905402501,0.004242935603164755,0.1106635609371685,0.4103780905149171,false,0.2605208257260428
naive,0.1,0.10959088637180658,0.15696271385270397,-0.02193217997901914,0.29245880644841904,true,0.13526331323469995
naive,0.1,0.09144428694982347,0.1195872100712434,-0.008844620124050129,0.3205026786516435,true,0.1558290292637967
naive,0.1,0.09469543293633213,0.006405812549389826,0.11462460119812248,0.4633226293837793,false,0.2889736152909509
naive,0.1,0.11912556273032032,0.024943180202841368,0.05651810702337315,0.36773225294630874,true,0.21212517998484096
naive,0.1,0.12107504547940896,0.0005056193420171402,0.2009214263964769,0.5615356372562053,false,0.3812285318263411
naive,0.1,0.1755246439223466,0.20442322590895604,-0.04182071076025498,0.3242691604921131,true,0.14122422486592906
naive,0.1,0.059111079507127184,0.05133891245378918,0.03119390739780395,0.36899767809038586,true,0.2000957927440949
naive,0.1,0.08865067004181887,0.13726919576973015,-0.014325196619775216,0.2824060701740682,true,0.1340404367771465
naive,0.1,0.12708048200715996,0.028247322383276735,0.058471356013406334,0.40885461286134817,true,0.23366298443737724
naive,0.1,0.12974621309396966,0.12246647734317852,-0.009517997084827062,0.3025028293067268,true,0.14649241611094985
naive,0.1,0.15251060645807074,0.3370990807260035,-0.06574000742704382,0.2500031708276862,true,0.0921315817003212
naive,0.1,0.1270006930645279,0.028632613370377955,0.05242722261827931,0.3696695696171335,true,0.2110483961177064
naive,0.1,0.1257672760804776,0.010597482219990653,0.0899447998630748,0.4147992167176233,true,0.25237200829034906
naive,0.1,0.08515555562949442,0.11179311806224772,-0.0049186075978014665,0.2910604614682919,true,0.1430709269352452
naive,0.1,0.08171067719336855,0.06531203200850985,0.019575594553663117,0.3443869902147271,true,0.18198129238419508
naive,0.1,0.08637779247918237,0.04590359023606218,0.03414239017281834,0.35375092888622395,true,0.19394665952952114
naive,0.1,0.10603308289241939,0.06245826707571674,0.022101345450799476,0.35535228437106603,true,0.18872681491093277
naive,0.1,0.10470913547778556,0.09438819160532873,0.0027229405973318854,0.3245118758036617,true,0.1636174082004968
naive,0.1,0.0880876127075149,0.3843626054220897,-0.08515564254582497,0.27632681485316074,true,0.09558558615366788
naive,0.1,0.11728971312002835,0.038827051324103114,0.04477350263707691,0.39450090314461206,true,0.21963720289084449
naive,0.1,0.08876317665409808,0.055685609274750435,-0.37495209213120007,-0.02830673051620633,false,-0.20162941132370318
naive,0.1,0.08598623202648119,0.08888490801546559,0.006439653250196742,0.38168174673908906,true,0.1940606999946429
naive,0.1,0.0960617748333884,0.17843906143323576,-0.03026752956250689,0.3024387753192746,true,0.13608562287838386
naive,0.1,0.08656951232596935,0.03904212893261122,0.041180187769163046,0.3645851337716732,true,0.2028826607704181
naive,0.1,0.10072149028651117,0.1258839076849988,-0.01097787446032919,0.30493360946829795,true,0.1469778675039844
naive,0.1,0.05804626794023149,0.43488000454480735,-0.24922652603143053,0.08876866133812833,true,-0.0802289323466511
naive,0.1,0.10340479066182644,0.09306903372501833,0.004054784540030082,0.3898837405951848,true,0.19696926256760747
naive,0.1,0.10236456339845014,0.1981119019410724,-0.035225577934068886,0.28855338925072127,true,0.1266639056583262
naive,0.1,0.10315648349713086,0.013173442335798997,0.08878919313616787,0.4389369100658038,true,0.26386305160098583
naive,0.1,0.07158274894148067,0.0026112757996476395,0.1425457404990433,0.48601497808149385,false,0.3142803592902686
naive,0.1,0.09044702764155559,0.30433368261018867,-0.06513984750234289,0.2817950325921784,true,0.10832759254491775
naive,0.1,0.14367528085021888,0.03849960114244696,0.042395067902863404,0.37083022497094476,true,0.20661264643690408
naive,0.1,0.10427272111837409,0.06387522739969341,0.022332865612681246,0.37521449878925994,true,0.1987736822009706
naive,0.1,0.0696889330478026,0.04140652770960516,0.042176267508928916,0.39380767720029164,true,0.2179919723546103
naive,0.1,0.09205357687920994,0.017268422886705867,0.06806936578546768,0.3722831591775955,true,0.2201762624815316
naive,0.1,0.08634381113626352,0.08556917502423586,0.007895329596714712,0.3570242755765758,true,0.18245980258664524
naive,0.1,0.10854699087291866,0.2539692399869862,-0.05221961137899939,0.2885656955377893,true,0.11817304207939497
naive,0.1,0.10386471776370164,0.024875211350209665,0.06573597227068187,0.42707062038399257,true,0.24640329632733723
naive,0.1,0.0557470024858536,0.1088615869111089,-0.31438696246494124,0.004018909387052488,false,-0.1551840265389444
naive,0.1,0.14041966096533218,0.02546866526030732,0.05903134466517915,0.3885312500678846,true,0.22378129736653185
naive,0.1,0.1576955658222786,0.016664532434180118,0.06706971615797461,0.3615807162551643,true,0.21432521620656947
naive,0.1,0.10440398120605689,0.030133799200439668,0.04729325263923717,0.3445020514107788,true,0.19589765202500797
naive,0.1,0.12390431069526309,0.10324891057219412,-0.0015599351321800847,0.32843962221253287,true,0.16343984354017638
naive,0.1,0.09844547144783025,0.08483032692522215,0.008174622060492798,0.35088776539251965,true,0.17953119372650622
naive,0.1,0.0779082595642924,0.02353209811487205,0.059771515032731315,0.37700490485985916,true,0.21838820994629524
naive,0.1,0.10304880005016165,0.14976247400719936,-0.02141675506045862,0.32313497093314003,true,0.15085910793634072
naive,0.1,0.08959510452271499,0.005540374882473713,0.10714897144079344,0.4193738270537775,false,0.2632613992472855
naive,0.1,0.09729688248883789,0.007811681911919743,0.10589756010378745,0.44903696071435795,false,0.2774672604090727
naive,0.1,0.06661757826537619,0.340312904390871,-0.25586361762985727,0.0680727040065614,true,-0.09389545681164793
naive,0.1,0.12165812647967877,0.008441900446894404,0.09112487629604357,0.39422969840542743,true,0.24267728735073552
naive,0.1,0.07925316358622751,0.06651435924318427,0.016271989043948026,0.2978790284382382,true,0.1570755087410931
naive,0.1,0.11897344782292957,0.06704678775972607,0.018745538967791908,0.34938972214305547,true,0.1840676305554237
naive,0.1,0.07094296887123329,0.12345975513937543,-0.32383855871282363,0.010618250130855017,false,-0.1566101542909843
naive,0.1,0.09081312917102895,0.3885753622851633,-0.07467270016457454,0.23919861809339527,true,0.08226295896441037
naive,0.1,0.08770245004365057,0.0010398288041418287,0.1687349816482375,0.5083075198562081,false,0.33852125075222284
naive,0.1,0.13249989661415784,0.024984659359658892,0.0581311028115406,0.37857133515169855,true,0.21835121898161958
naive,0.1,0.037050226574750635,0.17898007348650216,-0.028605070172156966,0.2840774473832777,true,0.12773618860556038
naive,0.1,0.09370135185534455,0.15746347266500443,-0.021869540324952058,0.2893093061962737,true,0.13371988293566084
naive,0.1,0.07476069763825137,0.24601685106927837,-0.2622975733535917,0.04533276986924566,false,-0.10848240174217304
naive,0.1,0.11274998234899344,0.18992170730912977,-0.028848798051380284,0.2552587486519475,true,0.1132049753002836
naive,0.1,0.08666209330368901,0.050630449998981815,0.035601127286695705,0.4137097114638546,true,0.22465541937527514
naive,0.1,0.07155847326376019,0.004548665387242019,0.12543459668293774,0.4714613655277936,false,0.2984479811053657
naive,0.1,0.08310782445567734,0.05448233896461968,0.026022383691559126,0.3338158436031856,true,0.17991911364737237
naive,0.1,0.09004286723107492,0.12304307210296614,-0.009857071634117393,0.3058005433935478,true,0.1479717358797152
naive,0.1,0.08506663320732764,0.15365278272901292,-0.023429765992471013,0.3299622137362034,true,0.15326622387186617
naive,0.1,0.06806613099780869,0.041321089318795204,0.04217235296901592,0.39300862627627153,true,0.2175904896226437
naive,0.1,0.1268277062492374,0.2594321983172972,-0.057956898153068204,0.31074172486330087,true,0.12639241335511633
naive,0.1,0.1472607091491462,0.022366207545678765,0.06518328914307225,0.40063626166581495,true,0.2329097754044436
naive,0.1,0.12759583414000888,0.11552843580355145,-0.007272983016503837,0.32956617687725887,true,0.1611465969303775
naive,0.1,0.13067555009916904,0.13189684406756125,-0.012810727134327127,0.2921578498991224,true,0.13967356138239764
naive,0.1,0.09707583015060325,0.03974602930013663,0.04162814249657329,0.374401080632214,true,0.20801461156439363
naive,0.1,0.08502478474664991,0.0393984300686015,0.042888878061109165,0.38274842810549436,true,0.21281865308330178
naive,0.1,0.10335610991626748,0.06803428300385884,0.01788493417910375,0.34488703172183094,true,0.18138598295046734
naive,0.1,0.07187421399085181,0.12393982561183495,-0.009672111499501868,0.2893491424774532,true,0.13983851548897566
naive,0.1,0.09863078655272832,0.0075662776281967695,0.10319141883562066,0.43406436654235003,false,0.26862789268898535
naive,0.1,0.07920621232283298,0.024051480899459018,0.05980757081122698,0.3815815048492811,true,0.22069453783025406
naive,0.1,0.10416625809252418,0.015646352013559243,0.0717578032385929,0.37745530089634705,true,0.22460655206747
naive,0.1,0.08545381413232085,0.06040169762658203,0.023651970620038487,0.35759743831769586,true,0.19062470446886717
naive,0.1,0.11112879129323322,0.14437976605472058,-0.01915785643825907,0.32118004807794603,true,0.15101109581984348
naive,0.1,0.12270862340680024,0.041929772383425344,0.04411339792282762,0.41682527643381706,true,0.23046933717832235
naive,0.1,0.09270649739531892,0.13634818401793802,-0.01550929843178564,0.31297032486657694,true,0.14873051321739564
naive,0.1,0.05953582952351269,0.07633517117019259,0.0130635565160106,0.3501133425163431,true,0.18158844951617684
naive,0.1,0.07882598078008844,0.20446247931981215,-0.0379599216836021,0.2942361120512773,true,0.1281380951838376
naive,0.1,0.11637773259423488,0.21783310208317314,-0.04549286686477913,0.3172770371887328,true,0.13589208516197682
naive,0.1,0.1009861498005878,0.001053547365384306,0.16650781785623184,0.5023584714302347,false,0.33443314464323326
naive,0.1,0.07420699242079969,0.14527137811548557,-0.018629210384846884,0.3066351212823346,true,0.14400295544874386
naive,0.1,0.0727288624249392,0.08939224809837659,0.004295593449872598,0.2671598197852715,true,0.13572770661757205
naive,0.1,0.1407737554891803,0.0019439697904455597,0.13530521819944882,0.4414767299058294,true,0.28839097405263914
naive,0.1,0.08414776801423948,0.04870529339340244,0.03152563776980202,0.3493537217242152,true,0.1904396797470086
naive,0.1,0.12307106917870134,0.00017923348277152496,0.21926941095364239,0.5624722889325837,false,0.39087084994311305
naive,0.1,0.12579485306450555,0.12418968712071807,-0.00920289925957804,0.2726061762832951,true,0.13170163851185854
naive,0.1,0.07833635829310882,0.12390113096371418,-0.010132487492593545,0.30358862579847473,true,0.1467280691529406
naive,0.1,0.12788114479404375,0.039594173818477754,0.0459686988167633,0.4120350110358318,true,0.22900185492629754
naive,0.1,0.060080516809592845,0.09073562708208753,0.004400549746587046,0.3145473329393298,true,0.15947394134295842
naive,0.1,0.061887007420999944,0.0039053784458374053,0.12272511566373331,0.4480901543280117,false,0.2854076349958725
naive,0.1,0.04287382835306132,0.13498236982293038,-0.3164851059629135,0.015132150187623816,false,-0.15067647788764485
naive,0.1,0.06341050965818827,0.0790479926457775,0.010738306961770194,0.327894859765098,true,0.1693165833634341
naive,0.1,0.16783868803236132,0.002723276500056665,0.13354150790181052,0.458354771420857,true,0.29594813966133376
naive,0.1,0.10950872208919882,0.00024699321911412966,0.17794750144679608,0.467674814753253,false,0.32281115810002453
naive,0.1,0.08381745427636586,0.14591299721625545,-0.023468063464428063,0.3813012562774474,true,0.17891659640650967
naive,0.1,0.12403801699963542,0.053827069751549425,0.030938502181554833,0.3901081458968355,true,0.2105233240391952
naive,0.1,0.10107936909642734,0.061939634863937255,0.021653322836983263,0.34270534319204393,true,0.18217933301451358
naive,0.1,0.10978386503338279,0.20846243087116784,-0.03980997616477111,0.2985532776417629,true,0.1293716507384959
naive,0.1,0.07281156141110441,0.10991944686841776,-0.005058731622699042,0.35438728050577367,true,0.17466427444153731
naive,0.1,0.1323543515547794,0.05196648380289762,0.02951511293249734,0.3547322885285621,true,0.1921237007305297
naive,0.1,0.08278384971531622,0.005846754745960151,0.10524205634650674,0.41675491676591747,false,0.2609984865562121
naive,0.1,0.1628917063892477,0.14680199818942077,-0.020256966211186306,0.3233640051196486,true,0.15155351945423115
naive,0.1,0.10576270176921167,0.20370176660845823,-0.034710918105016406,0.2707879093108584,true,0.118038495602921
naive,0.1,0.09962016677102745,0.33899813532469686,-0.0740732103895037,0.2797480739721316,true,0.10283743179131395
naive,0.1,0.13184223899969413,0.15092359975180852,-0.021627755863507403,0.3194886481419931,true,0.14893044613924286
naive,0.1,0.13548721654333173,0.1078396094335365,-0.003698229248036755,0.3262399077590517,true,0.16127083925550748
naive,0.1,0.09208783798872064,0.21372129098504394,-0.28747064051305704,0.03995731530562649,false,-0.12375666260371529
naive,0.1,0.12072845997508538,0.005229538962846629,0.11290169688426885,0.4365199911842853,true,0.2747108440342771
naive,0.1,0.10930457905676924,0.15805469762555951,-0.022547075889499807,0.29550754867194784,true,0.13648023639122403
naive,0.1,0.0525880305701228,0.0044816945102079935,0.12680704058313472,0.47523727608162636,false,0.30102215833238055
naive,0.1,0.11605035249382095,0.16511457168303575,-0.02405461134384218,0.28411847376414906,true,0.13003193121015344
naive,0.1,0.09699691922405577,0.14142916393425906,-0.01773898207189581,0.316940733836773,true,0.1496008758824386
naive,0.1,0.11362921109079585,0.03713018536779731,0.04345198326730362,0.36871268670797286,true,0.20608233498763823
naive,0.1,0.10595945537084006,0.11816168325354168,-0.00854673631605285,0.33301302626658885,true,0.162233144975268
naive,0.1,0.09972089149498965,0.061059842584706085,0.024374785596357834,0.3757464522316226,true,0.2000606189139902
naive,0.1,0.11351645495395736,0.07405910846878154,0.014452734177864163,0.3507126249444137,true,0.1825826795611389
naive,0.1,0.14433334340683376,0.07382572426919151,0.01604992122367982,0.38569546279468997,true,0.2008726920091849
naive,0.1,0.13003728197314243,0.01233261154959602,0.09432751996080146,0.45615108346666866,true,0.27523930171373506
naive,0.1,0.12045886262295166,0.013587257507586829,0.08932840089653724,0.44633223322815996,true,0.2678303170623486
naive,0.1,0.13156862207426256,0.031995229241463224,0.05377232796479281,0.4078342636285172,true,0.230803295796655
naive,0.1,0.08690475853973197,0.2451741161908249,-0.281681734965534,0.048439000553275935,false,-0.11662136720612903
naive,0.1,0.11201368810261729,0.0005728429394243535,0.19110392207597668,0.5405035646883258,false,0.36580374338215127
naive,0.1,0.08592865311070273,0.031154488150590586,0.046630208114624344,0.3472723692875552,true,0.1969512887010898
naive,0.1,0.09295104392303602,0.016782710099932086,0.08092068995342946,0.4374870565424065,true,0.259203873247918
naive,0.1,0.07718467704400815,0.03785400836957322,0.04441471909411779,0.38296597956897116,true,0.2136903493315445
naive,0.1,0.08527299285006083,0.03814568708616824,0.0364080584362364,0.31596653797626684,true,0.17618729820625162
naive,0.1,0.10143680546722972,0.2538612412622949,-0.05652931541339945,0.3125711325613582,true,0.12802090857397938
naive,0.1,0.059507251578960536,0.06837792155896048,0.017775969655542623,0.3469414899394395,true,0.18235872979749107
naive,0.1,0.10316500951093958,0.005735578960177552,0.11203809355064726,0.44180570291309856,false,0.2769218982318729
naive,0.1,0.10441435261992194,0.059509143328006886,0.02413240685079876,0.3555265777487801,true,0.18982949229978943
naive,0.1,0.08995338109252593,0.39316924366978867,-0.07452827188899391,0.23544091098833309,true,0.08045631954966959
naive,0.1,0.13169621284270497,0.06759641428845754,0.019401881276342514,0.36849688288799076,true,0.19394938208216664
naive,0.1,0.07854264621825549,0.011809919475570762,0.08693002090802421,0.41453658056910486,false,0.25073330073856454
naive,0.1,0.08246054582077611,0.021770681789177616,0.06369046072749177,0.38628585612849775,true,0.22498815842799474
naive,0.1,0.12390661282215924,0.00033451589968677876,0.19950832005413308,0.5374473278642672,false,0.36847782395920015
naive,0.1,0.10634209517250011,0.006021563089224382,0.10634756710840015,0.42388962928266344,false,0.2651185981955318
naive,0.1,0.12947903641382627,0.009313637258134092,0.09587617049884772,0.42598086370829163,true,0.2609285171035697
naive,0.1,0.07446820768983012,0.13524105758552474,-0.013444592941636302,0.2792597112280875,true,0.1329075591432256
naive,0.1,0.1067353047214078,0.1524096048902163,-0.01990864992027322,0.2864488492676224,true,0.13327009967367456
naive,0.1,0.1181620506014145,0.002144328610812728,0.15609581803206246,0.5165482890767807,false,0.33632205355442163
naive,0.1,0.07166646134099125,0.02960089297605308,0.054029941663200576,0.38905436999232024,true,0.2215421558277604
naive,0.1,0.10737885814759077,0.303250416468093,-0.05921433377034792,0.25734189619855785,true,0.09906378121410496
naive,0.1,0.11067546077423006,0.005475203612974447,0.10906583568512468,0.42579690260315733,true,0.267431369144141
naive,0.1,0.1067663796343461,0.05812000029677342,0.025800810634101,0.3653933557270949,true,0.19559708318059796
naive,0.1,0.10012280527989807,0.03704312810230382,0.0422738126866081,0.35802649853866575,true,0.2001501556126369
naive,0.1,0.11063837214431525,0.11892028640235063,-0.007592083559277513,0.2844122993169176,true,0.13841010787882002
naive,0.1,0.08132422868878024,0.07072885733425516,0.01744306953897587,0.37086953515305066,true,0.19415630234601328
naive,0.1,0.11714194032446476,0.023544019952348515,0.05848192545147918,0.36896812884011554,true,0.21372502714579736
naive,0.1,0.11774897899031443,0.10687748961818555,-0.0035753014032687824,0.35870846895234176,true,0.1775665837745365
naive,0.1,0.12648803608784354,0.007883061323113094,0.09194715221274583,0.3907852827033528,true,0.2413662174580493
naive,0.1,0.14253414533184855,0.07780063057086004,0.010294080206040057,0.2954959017746637,true,0.1528949909903519
naive,0.1,0.09303915668742425,0.2737604915974583,-0.06338782317816749,0.3154703977317725,true,0.1260412872768025
naive,0.1,0.06394591413703066,0.17021792998778867,-0.025484914358028826,0.28122073776898193,true,0.12786791170547654
naive,0.1,0.12006793743591813,0.5333151152108151,-0.09492287588464637,0.2106534211083942,true,0.05786527261187391
naive,0.1,0.0884462323232176,0.06095602536552644,0.025636556456823778,0.39398264109998465,true,0.20980959877840422
naive,0.1,0.10245083668229213,0.07066701140102209,0.014440429487647566,0.30631467328820206,true,0.1603775513879248
naive,0.1,0.08176252529956916,0.09418556037770454,0.002939536111522534,0.3379340113125161,true,0.17043677371201932
naive,0.1,0.09342608993767171,0.013791598296050719,0.08969547729602306,0.45051057813072154,true,0.2701030277133723
naive,0.1,0.10134950265683748,0.004300576587723934,0.11274247820102415,0.41916779244672475,false,0.26595513532387444
naive,0.1,0.06578218382863212,0.1674463333542551,-0.025224826495369918,0.288629157608963,true,0.13170216555679654
naive,0.1,0.08566858897454739,0.07720317404367855,0.013316705294983716,0.371530087545511,true,0.19242339642024736
naive,0.1,0.11293456153419765,0.028725637366087648,0.05832712147103378,0.41210113666636905,true,0.2352141290687014
naive,0.1,0.13250692648657938,0.2673880987548871,-0.05872864859737438,0.3018833389908133,true,0.12157734519671946
naive,0.1,0.034128792982761065,0.112087509719078,-0.00581195560326303,0.33577031593149576,true,0.16497918016411636
naive,0.1,0.16736180133818854,0.027717739502993454,0.05320611893733554,0.3677838852754619,true,0.2104950021063987
naive,0.1,0.08165768983560795,0.018481780963579587,0.07302189332439349,0.41090009766787716,true,0.2419609954961353
naive,0.1,0.09238637993079966,0.017887999270758764,0.06747972216622583,0.37448606813682783,true,0.22098289515152683
naive,0.1,0.09676133365196961,0.10389657956948192,-0.0017588148681155213,0.30924750746520646,true,0.15374434629854547
naive,0.1,0.09329756952368713,0.20166788447608044,-0.03681158769050433,0.29222738761720046,true,0.12770789996334805
naive,0.1,0.10557084112962122,0.06107038158035758,0.024258506712323463,0.37407096349157765,true,0.19916473510195057
naive,0.1,0.11563558703903352,0.0033879168371316673,0.14334482480292973,0.510233158237153,false,0.32678899152004137
naive,0.1,0.1707588203367823,0.035362725134056694,0.0536545451355174,0.4379295484540199,true,0.24579204679476863
naive,0.1,0.10527034536195283,0.05775295636682668,0.024696993258513378,0.3461893500957644,true,0.1854431716771389
naive,0.1,0.08223566862649952,0.0160241771035407,0.0730541425389517,0.38781949507466706,true,0.23043681880680938
naive,0.1,0.12093196724614501,0.013006178400396683,0.08787939170367279,0.43255742091403027,true,0.2602184063088515
naive,0.1,0.10752963047345027,0.018748152595441245,0.07424738193092875,0.4203864423717195,true,0.24731691215132415
naive,0.1,0.10161911672262983,0.019798125110887348,0.06938960788659138,0.40248763439976454,true,0.23593862114317796
naive,0.1,0.1103009203909025,0.02137795431832442,0.05863365347038671,0.3524955708475962,true,0.20556461215899147
naive,0.1,0.12191055547083561,0.020024785753486776,0.07520405368429023,0.43847659397886846,true,0.25684032383157934
naive,0.1,0.1035714660527213,0.12451094468693938,-0.010308492330471208,0.30154892143640044,true,0.14562021455296462
naive,0.1,0.08356804069540162,0.011680229528066176,0.09170977023956192,0.43579718652256605,false,0.263753478381064
naive,0.1,0.05846247414708743,0.0828100835960579,0.009883941678845265,0.37214942092157394,true,0.1910166813002096
naive,0.1,0.15890649889880196,0.10664970675360352,-0.0032022781914227694,0.33211039119372493,true,0.16445405650115108
naive,0.1,0.07974000854296118,0.3373716014721904,-0.25251958051719386,0.06646800270891785,false,-0.093025788904138
naive,0.1,0.12640057332444163,0.00017647088698505474,0.21254060148489962,0.5445958699657929,false,0.37856823572534626
naive,0.1,0.07167091724158453,0.017085338666355226,0.07700535785408674,0.41933078213026426,false,0.2481680699921755
naive,0.1,0.13970409361204666,0.0019860971382252538,0.1435807834342194,0.46990556475526346,false,0.30674317409474144
naive,0.1,0.09265310444144408,0.02354313389360897,0.06414696201295128,0.40470146620576974,true,0.2344242141093605
naive,0.1,0.02557460650581328,0.03903076259521103,0.03774659319570131,0.3341013310103633,false,0.1859239621030323
naive,0.1,0.05122323921648625,0.39952884028302726,-0.08125515812576471,0.2518814402786744,true,0.08531314107645484
naive,0.1,0.1413691538378477,0.11998325879793356,-0.009363388223242786,0.3328529023148726,true,0.1617447570458149
naive,0.1,0.10165629617810398,0.0247082652911032,0.057378508572677345,0.371410790119645,true,0.21439464934616118
naive,0.1,0.14620004041699675,0.03695921759384322,0.045792680910184486,0.38711108952677464,true,0.21645188521847958
naive,0.1,0.09252731867395991,0.0012378583942346771,0.15785240987395294,0.4854467025228047,false,0.3216495561983788
naive,0.1,0.08545216389571403,0.21297660354985914,-0.03881811765660466,0.28088691562138146,true,0.1210343989823884
naive,0.1,0.1162179609748912,0.0029825278283606284,0.11450393994232941,0.398862896150152,true,0.25668341804624073
naive,0.1,0.10230842677195931,0.008990517565688522,0.09059679717907945,0.3986259324485236,true,0.24461136481380152
naive,0.1,0.08428652079263099,0.01643761368601522,0.06562621928121412,0.3518788429735237,true,0.20875253112736888
naive,0.1,0.10690889046850668,0.08782263537083886,0.005683612880185124,0.3065598393894774,true,0.15612172613483125
naive,0.1,0.11075150080053145,0.02438952905185377,0.0599456635321349,0.385319529601859,true,0.22263259656699694
naive,0.1,0.11765836348625436,0.1903952921873108,-0.033071190422839264,0.2912597284882801,true,0.12909426903272042
naive,0.1,0.10126658271717727,0.0461838762847977,0.034393588602635916,0.35872532993496387,true,0.1965594592687999
naive,0.1,0.0826174387043386,0.055988834678674326,0.02489935262598772,0.3325266262099529,true,0.1787129894179703
naive,0.1,0.07519631673524224,0.3002475748553776,-0.059591446932696676,0.2623366117305752,true,0.10137258239893927
naive,0.1,0.1163679531452717,0.04765996116802784,0.030677964401242513,0.33145656492366304,true,0.18106726466245276
naive,0.1,0.07753660312167543,0.0112348132532382,0.0917083625080066,0.4305166040436036,false,0.2611124832758051
naive,0.1,0.10816689728131468,0.0003551988344947129,0.20850828695233825,0.5645666338638206,false,0.3865374604080794
naive,0.1,0.08872532882165031,0.14771750832540226,-0.01983461969501768,0.31102683623486216,true,0.14559610826992223
naive,0.1,0.05843820675500954,0.008126655117758877,0.09657824746189697,0.4136872801080938,false,0.2551327637849954
naive,0.1,0.13776169746792885,0.12124957696418066,-0.01142115739684113,0.382816088459176,true,0.18569746553116742
naive,0.1,0.08138869715987399,0.014519471670083136,0.07985862580818845,0.40853793593989907,true,0.24419828087404374
naive,0.1,0.12708819127836474,0.22774945669116325,-0.048935711214919436,0.31804068492365,true,0.13455248685436527
naive,0.1,0.11085956203169964,0.3864168365317384,-0.08522505938315712,0.2748087509880276,true,0.09479184580243523
naive,0.1,0.13137531417231935,0.31728086362264085,-0.06540203200206385,0.268276760370404,true,0.10143736418417007
naive,0.1,0.08558818141545736,0.11273527179550256,-0.005962814575406067,0.3274380290017779,true,0.1607376072131859
naive,0.1,0.07473232111306452,0.016971289191729754,0.07123349607318116,0.3868497591761758,true,0.22904162762467847
naive,0.1,0.09724697537359658,0.35005379523168567,-0.06710195166326643,0.24364623388397005,true,0.08827214111035181
naive,0.1,0.12894633568506192,0.018825501622761337,0.07400279577321131,0.4197525574894726,true,0.24687767663134197
naive,0.1,0.14359242065814676,0.19253386564433703,-0.03278431683305866,0.28281453718271565,true,0.1250151101748285
naive,0.1,0.13603227251686434,0.0004991382800180857,0.19199883123792497,0.5359500709799639,false,0.36397445110894444
naive,0.1,0.10192168115516102,0.0016150307486431845,0.16035031238321384,0.5100797579338509,false,0.33521503515853235
naive,0.1,0.10485003099965538,0.05301561550788882,0.02965974267548066,0.3661840004724973,true,0.19792187157398897
naive,0.1,0.12658198097982035,0.41900815313448186,-0.08046526786975915,0.2359012620562156,true,0.07771799709322823
naive,0.1,0.11433604542038757,0.02729666949979295,0.057791773387094736,0.39584224755108843,true,0.22681701046909158
naive,0.1,0.127824944629701,0.033451046867377834,0.047705236931720574,0.3734519768356388,true,0.2105786068836797
naive,0.1,0.13729384048961077,0.013508085463285063,0.0880568327593503,0.439087006011884,true,0.26357191938561714
naive,0.1,0.05596199221292664,0.23225765800741305,-0.04592877624861795,0.2896153190514567,true,0.12184327140141939
naive,0.1,0.1090414727429431,0.01566315972064826,0.07367993934691078,0.3877249257038451,true,0.23070243252537795
naive,0.1,0.11895826690380185,0.05098603857258072,0.03293363506618027,0.38613417708876674,true,0.20953390607747352
naive,0.1,0.06810489124464726,0.004301294953295074,0.11243568831783576,0.4180405641922108,false,0.2652381262550233
naive,0.1,0.11807576547735699,0.06805176846068266,0.01622708149329727,0.3131086519301919,true,0.16466786671174458
naive,0.1,0.15357642385733702,0.0007489363357115973,0.16818783540008747,0.4887203976180447,false,0.3284541165090661
naive,0.1,0.14254305882198595,0.004800136992946595,0.1187885518116133,0.45128334610528686,true,0.2850359489584501
naive,0.1,0.12494610167918835,0.002388800372802049,0.1282476380703114,0.4312848631130841,false,0.27976625059169774
naive,0.1,0.13011227393814206,0.1936674096122987,-0.03511985901875975,0.2997154029259681,true,0.13229777195360418
naive,0.1,0.1466398885748385,0.013249934208930862,0.08313990947613012,0.4118231311151841,true,0.24748152029565712
naive,0.1,0.13385269699611677,0.012612233802127944,0.08547893053589539,0.4164273469344111,true,0.25095313873515324
naive,0.1,0.09228835154434879,0.0217434373110506,0.061511817360433624,0.37284461055044216,true,0.2171782139554379
naive,0.1,0.10441269345171109,0.010410489530860054,0.09022869202731332,0.4139090284011595,true,0.2520688602142364
naive,0.1,0.1378776682119081,0.03650157488029514,0.043917250029342214,0.36753130934598915,true,0.20572427968766568
naive,0.1,0.11901257076947823,0.16881807300506757,-0.026634340390213063,0.2992788030692124,true,0.13632223133949967
naive,0.1,0.08806746484466689,0.25803768098987645,-0.04480402229968064,0.24205584547117212,true,0.09862591158574574
naive,0.1,0.07409991492688194,0.029791183675569065,0.05477265616674523,0.39603272346517004,true,0.22540268981595762
naive,0.1,0.15884836485398368,0.11317795840928777,-0.0066496185620354975,0.35323401846440117,true,0.17329219995118283
naive,0.1,0.0494491915038491,0.034965207146083865,0.049370423207547226,0.3994709190041177,true,0.22442067110583244
naive,0.1,0.09673800689256275,0.0014066763940415797,0.15150208591502598,0.47337614288151664,false,0.3124391143982713
naive,0.1,0.09080053712061778,0.08544402222121346,0.006663951562211445,0.29864145469071796,true,0.1526527031264647
naive,0.1,0.11660650884607417,0.06611863364207113,0.01988015030652754,0.35915284643549084,true,0.1895164983710092
naive,0.1,0.0898784370490078,0.011587292702766963,0.08293402550582768,0.39310184897167216,true,0.23801793723874992
naive,0.1,0.09014327316383258,0.005199901281590546,0.1287083487535515,0.4970444383785343,false,0.3128763935660429
naive,0.1,0.13342683095957616,0.2519446481227482,-0.04533650472620887,0.25342028636334607,true,0.1040418908185686
naive,0.1,0.0711946009476065,0.19668832670186506,-0.037377386589749734,0.31015627161356496,true,0.13638944251190763
naive,0.1,0.08239152262467506,0.009310591033768403,0.09539195400610576,0.42379089561926764,false,0.2595914248126867
naive,0.1,0.1270855021792749,0.034113656812273845,0.048562642763544855,0.3856934721535672,true,0.21712805745855604
naive,0.1,0.09740679702000105,0.22158408411145092,-0.045298587097747256,0.30738689087625176,true,0.13104415188925225
naive,0.1,0.09165679493147212,0.042413943746258426,0.038609143593085093,0.3688710740231387,true,0.20374010880811189
naive,0.1,0.10510338306547251,0.06377956367274458,0.022207145297308162,0.37198017972802616,true,0.19709366251266716
naive,0.1,0.08671809001849767,0.1931057455818729,-0.03639983813663558,0.3122962746985015,true,0.13794821828093298
naive,0.1,0.06850080278922238,0.0009011808575454514,0.17117266879795448,0.5073897664821541,false,0.33928121764005426
naive,0.1,0.06998797689153408,0.07136015809482024,0.015870178654828204,0.34562369394725045,true,0.18074693630103933
naive,0.1,0.08438242934922034,0.059007235713533314,0.025477642409426293,0.36998598080964556,true,0.19773181160953593
naive,0.1,0.08761421383303039,0.09878874252657525,0.000565158914371866,0.31564580196288955,true,0.1581054804386307
naive,0.1,0.11499002161783525,0.044883947223989286,0.040690401433504636,0.4116086522826219,true,0.22614952685806328
naive,0.1,0.13338455562830956,0.04317581450594879,0.040239324278412314,0.39122711251688913,true,0.21573321839765072
naive,0.1,0.08203150722141446,0.04193143438196808,0.034964234036500924,0.33038779971428633,true,0.18267601687539362
naive,0.1,0.08730169424811114,0.24682198690178417,-0.04267949084033576,0.24577015105624214,true,0.10154533010795319
naive,0.1,0.08889801544712121,0.1057000061490538,-0.002805816027807495,0.33871378500097776,true,0.16795398448658513
naive,0.1,0.14092805347260895,0.06456582601030651,0.018670481575520065,0.32064080443157084,true,0.16965564300354544
naive,0.1,0.12998245182492163,0.005377888394156805,0.11242174425036405,0.437228950688555,true,0.2748253474694595
naive,0.1,0.10356811387332472,0.030362012675224852,0.050430747201821335,0.3691785260474301,true,0.20980463662462573
naive,0.1,0.1190360313790597,0.22945397573225984,-0.03908675476074261,0.251113517578444,true,0.10601338140885072
naive,0.1,0.1007028161859101,0.0003735837399922695,0.1968510843326936,0.5353287469435843,false,0.366089915638139
naive,0.1,0.07395180707689869,0.012435406663333462,0.09116623342473312,0.4420664419455534,false,0.26661633768514326
naive,0.1,0.10379135338438061,0.007604280941399092,0.10821483933402268,0.455764747756926,false,0.2819897935454743
naive,0.1,0.11525348489780979,0.10050404234988329,-0.00025281597955573165,0.34078647170393944,true,0.17026682786219186
naive,0.1,0.09959836388200324,0.013827153199886132,0.07806705955054188,0.39245988627338146,true,0.23526347291196167
naive,0.1,0.10351763135461596,0.4346736479109869,-0.0798152348127406,0.22421238986785064,true,0.07219857752755503
naive,0.1,0.10093281347013819,0.009326562131791324,0.09034796939508596,0.4015738996340601,true,0.24596093451457304
naive,0.1,0.08230435323451779,0.13425041649425262,-0.01502711598072154,0.3205691036511028,true,0.15277099383519063
naive,0.1,0.09953233745658763,0.06091852339851069,0.02507814717452919,0.38497336181062236,true,0.20502575449257576
naive,0.1,0.1020988320083587,0.09452523874625993,0.0026993152995358483,0.3298692838856878,true,0.16628429959261185
naive,0.1,0.1388821928356919,0.07307707793672841,0.015420376461105723,0.35935335167971993,true,0.18738686407041283
naive,0.1,0.098180926446438,0.00909778457975536,0.10227240523057862,0.4514627242983423,false,0.27686756476446045
naive,0.1,0.09337466658284416,0.138030684982668,-0.016376054438613535,0.3168093500831306,true,0.15021664782225855
naive,0.1,0.10816764492946704,0.0642520489196271,0.019816527660885153,0.33693257436924107,true,0.1783745510150631
naive,0.1,0.07557003718637213,0.14044089342325744,-0.01482262599358719,0.2708329028453622,true,0.1280051384258875
naive,0.1,0.1070210831959231,0.6223294120616751,-0.11638062940543241,0.21587446641489194,true,0.04974691850472977
naive,0.1,0.06504085828111121,0.032889417867448374,0.04751543256879909,0.36744835422311256,true,0.20748189339595582
naive,0.1,0.10653780131912112,0.06542535618977578,0.01909121429327304,0.3371098181460499,true,0.17810051621966147
naive,0.1,0.08521362564830086,0.08100294292933878,0.01094939130062536,0.37099910920728607,true,0.1909742502539557
naive,0.1,0.1488561788417188,0.004169280942133851,0.10954708400942606,0.40488840037508567,true,0.25721774219225585
naive,0.1,0.0825537514408811,0.04981746555481314,0.029679715103589355,0.3380014227022182,true,0.1838405689029038
naive,0.1,0.11208632153159107,0.1400160369863367,-0.020175191297880618,0.3722654672569652,true,0.1760451379795423
naive,0.1,0.07446182739608169,0.2625424457213204,-0.048824156980751696,0.25743329206574456,true,0.10430456754249644
naive,0.1,0.1196063073293657,0.09171744803163734,0.004010514657146413,0.3215164395619134,true,0.1627634771095299
naive,0.1,0.09723291324273754,0.015552954291439826,0.0773959447692609,0.40618510202352465,true,0.24179052339639276
naive,0.1,0.07756842528302484,0.22362660338222937,-0.04070241373763557,0.27220977367783306,true,0.11575367997009874
naive,0.1,0.09070229578909525,0.10859745385364379,-0.003697432581417359,0.29794281497597547,true,0.14712269119727905
naive,0.1,0.10234063609226975,0.20741309611452646,-0.03688470861887548,0.2789870311918596,true,0.12105116128649206
naive,0.1,0.11359323116364171,0.005625679007791638,0.11199959712720473,0.4398033081420649,true,0.27590145263463484
naive,0.1,0.0972649688315177,0.2992009431452685,-0.05034336284780831,0.22263094998772515,true,0.08614379356995842
naive,0.1,0.07496576333384553,0.10536233517837507,-0.002345296236266059,0.3007068376291437,true,0.1491807706964388
naive,0.1,0.09547866957523847,0.04815952429221273,0.033371852020995935,0.3649397906912394,true,0.19915582135611767
naive,0.1,0.10937307707741482,0.0835707902200518,0.00798924850614785,0.31545848273130045,true,0.16172386561872415
naive,0.1,0.11334224349214304,0.2431032124667835,-0.04757065675889921,0.2801039409163993,true,0.11626664207875004
naive,0.1,0.07911733485910713,0.04230570920793611,0.03982040670431744,0.3795030357245224,true,0.2096617212144199
naive,0.1,0.1004629377252953,0.11204204635222005,-0.005637337191953085,0.32687843351504914,true,0.16062054816154803
naive,0.1,0.11723634064885456,0.01835101606822371,0.07129903524913878,0.39998650989462303,true,0.2356427725718809
naive,0.1,0.09601811487395205,0.014728710667643552,0.06716106744223374,0.3453784416344503,true,0.206269754538342
naive,0.1,0.11105931642480299,0.1921235551684924,-0.03234396272125217,0.2801157347065715,true,0.12388588599265965
naive,0.1,0.0738811672575974,0.04362475874182408,0.0377680251694012,0.3710230358397968,true,0.204395530504599
naive,0.1,0.05493436808468482,0.22557152280254675,-0.31234036540823074,0.047343421946336284,false,-0.13249847173094723
naive,0.1,0.07801121824453024,0.012915555485286324,0.08104786287059879,0.3979908476503748,false,0.2395193552604868
naive,0.1,0.0835346311791239,0.1876809433893603,-0.029460491172318415,0.2665731187785072,true,0.11855631380309439
naive,0.1,0.09353785358057493,0.050358671439419314,0.02727359910195523,0.3147975289275199,true,0.17103556401473755
naive,0.1,0.08912390613774994,0.07868391103409639,0.011404426443527155,0.34189362781228716,true,0.17664902712790714
naive,0.1,0.1275813418592833,0.15197128745778227,-0.021021837441084185,0.3047992622514254,true,0.14188871240517062
naive,0.1,0.08396330910098943,0.15559500506795398,-0.022127622007309,0.3016719029250208,true,0.1397721404588559
naive,0.1,0.08825426107624999,0.04771484407086274,0.03260281684205188,0.3527195315796239,true,0.19266117421083787
naive,0.1,0.11759830614197085,0.020655031782178455,0.06483575036112141,0.3834759010306332,true,0.2241558256958773
naive,0.1,0.09554092448339357,0.024807711423688494,0.05808540321322078,0.37680821090793115,true,0.21744680706057595
naive,0.1,0.12416020321041217,0.005572957407599277,0.11219031984671196,0.4396588323783924,true,0.27592457611255217
naive,0.1,0.1370281647252551,0.0343836906168382,0.04863706539596238,0.3885676058891572,true,0.21860233564255976
naive,0.1,0.09385773254856808,0.18345257063652762,-0.028794791138043452,0.2722545366092285,true,0.12172987273559252
naive,0.1,0.14570703126369572,0.026077729092369523,0.059120939137431494,0.3943347200717098,true,0.22672782960457064
naive,0.1,0.08719548143037016,0.11753016793051622,-0.008829645986453971,0.3559504802202763,true,0.17356041711691117
naive,0.1,0.09743589262057245,0.2639707447257636,-0.2898270267244999,0.05538570427096237,false,-0.11722066122676877
naive,0.1,0.08504279874003136,0.04923839929727729,0.03452828775736927,0.38765013217965555,true,0.2110892099685124
naive,0.1,0.10788050877337695,0.011587960588765161,0.08346663834972665,0.39563358870373044,true,0.23955011352672853
naive,0.1,0.09746834763100379,0.01629940768726803,0.07817318504650753,0.41776258663485044,true,0.247967885840679
naive,0.1,0.10078439838064537,0.17625918125082884,-0.029219528940727407,0.2994191587477776,true,0.13509981490352507
naive,0.1,0.11447497843589267,0.06211360542349004,0.024350471296926163,0.387428109039468,true,0.2058892901681971
naive,0.1,0.10763302639268849,0.0011722322854529413,0.17409851851879757,0.5319006092100583,false,0.35299956386442793
naive,0.1,0.08253600186507529,0.21346863085800555,-0.04396233358458121,0.31690140409977174,true,0.13646953525759525
naive,0.1,0.12475762959428935,0.00035562417191407935,0.1881897236898374,0.5096034456175081,false,0.3488965846536728
naive,0.1,0.11337429120747093,0.30373455518158127,-0.06260320321550245,0.27151034209691643,true,0.104453569440707
naive,0.1,0.10212786673435294,0.0025787794325039734,0.14159631037317433,0.48183055376966266,false,0.3117134320714185
naive,0.1,0.095121066696583,0.3780386933776638,-0.08456470311519618,0.2798782944591781,true,0.09765679567199098
naive,0.1,0.1257092596397327,0.06995993037826234,0.019114241894694572,0.39493074292750435,true,0.20702249241109946
naive,0.1,0.10419835221269702,0.09111882833036922,0.00447095863141439,0.333721681006306,true,0.1690963198188602
naive,0.1,0.10882718257177049,0.13945838831500323,-0.015801530193479463,0.29539084006622374,true,0.13979465493637214
naive,0.1,0.10639108524877929,0.09229351583165678,0.0037936487491191384,0.32737851507145577,true,0.16558608191028745
naive,0.1,0.11070847504242082,0.13050286976721492,-0.012886093955686906,0.3064908824736112,true,0.14680239425896216
naive,0.1,0.1233621797677007,0.028229048595511536,0.06049836429193006,0.4228604818270872,true,0.24167942305950862
naive,0.1,0.06751407766109746,0.01334010298238926,0.09126051203289293,0.4531005286383238,false,0.27218052033560836
naive,0.1,0.09784190149448632,0.04080107815046244,0.03925451458488566,0.36153647635370134,true,0.2003954954692935
naive,0.1,0.07690691338198093,0.08659568939029176,0.006299971853377689,0.3076157403649543,true,0.15695785610916602
naive,0.1,0.10105251342495276,0.5037872826907366,-0.09638594543853102,0.22838919612372027,true,0.06600162534259463
naive,0.1,0.14228738573735933,0.03153279039226527,0.05249617578629531,0.3941796259560135,true,0.2233379008711544
naive,0.1,0.11297093194673476,0.3109618611993256,-0.2688488920531882,0.06388789133506864,false,-0.10248050035905978
naive,0.1,0.08387061459565312,0.17580660987893934,-0.3080120814997712,0.029898360550223213,false,-0.139056860474774
naive,0.1,0.124454876062475,0.10736300663920458,-0.004250112990583088,0.3987486391187996,true,0.19724926306410825
naive,0.1,0.10756216015025004,0.04403876004668331,0.0373639611766384,0.37059012498177335,true,0.2039770430792059
naive,0.1,0.11757367963750454,0.1219639932301674,-0.00963877523331061,0.31302664055589535,true,0.15169393266129239
naive,0.1,0.06948737762521301,0.20874533034482604,-0.038544082873274293,0.28839948309118035,true,0.12492770010895304
naive,0.1,0.08489803833621802,0.25383045282877864,-0.048389164734802856,0.2676076864413752,true,0.10960926085328619
naive,0.1,0.09214103546948903,0.17253766322038028,-0.025933153260474878,0.2779310170553527,true,0.12599893189743894
naive,0.1,0.07651923342911895,0.23268624549651137,-0.04932812057052638,0.3101759642993019,true,0.13042392186438775
naive,0.1,0.1403641806556356,0.07726334683652347,0.011861724567245407,0.331876918302232,true,0.17186932143473868
naive,0.1,0.09926165859804893,0.024579749656463354,0.061081699985816335,0.39426700883540333,true,0.22767435441060985
naive,0.1,0.09635136687783294,0.11747652327813012,-0.007851566573930352,0.3174562155553683,true,0.15480232449071896
naive,0.1,0.05991539410044875,0.05805427223455259,0.024910149594579628,0.35213015637979017,true,0.18852015298718489
naive,0.1,0.06448565109141939,0.03258515955854152,0.049464480339281885,0.37999928103063063,true,0.21473188068495627
naive,0.1,0.10353902604276914,0.07812630826524754,0.010579588361148362,0.30853381482916137,true,0.15955670159515487
naive,0.1,0.09034914197440692,0.09758365938848991,0.0012357894603020059,0.34491566211344654,true,0.17307572578687427
naive,0.1,0.11335547750780178,0.14179041169817563,-0.016383355365692298,0.29037390078379816,true,0.13699527270905293
naive,0.1,0.12189448668307061,0.0005425043083965309,0.17985613231851416,0.5060292415760956,false,0.3429426869473049
naive,0.1,0.10885395625901247,0.11267964650115594,-0.006754825851430751,0.3725110464128748,true,0.182878110280722
naive,0.1,0.12781709192454893,0.0076458884295675196,0.10868608326559717,0.45837530932368586,true,0.2835306962946415
naive,0.1,0.11168672020304213,0.019020045121483357,0.0693327578805969,0.3950354704540438,true,0.23218411416732035
naive,0.1,0.12494642641084695,0.23894679607516336,-0.267776329917062,0.044327450411469474,false,-0.11172443975279626
naive,0.1,0.11108075118168317,0.0500957630043008,0.033903001480006634,0.38876738159113916,true,0.2113351915355729
naive,0.1,0.13806118177483775,0.0157320704008681,0.08161171872681067,0.4301861457345854,true,0.25589893223069804
naive,0.1,0.14421507299187342,0.07129630114286753,0.015263145927794153,0.3315906818234909,true,0.17342691387564252
naive,0.1,0.10958344404863955,0.025652851025498524,0.05599596999129314,0.3700407662166372,true,0.21301836810396516
naive,0.1,0.08898493508907795,0.07009651327820873,0.016211414735188362,0.33664574661644164,true,0.176428580675815
naive,0.1,0.12918226570228733,0.003254605304148874,0.14214667599919126,0.5024776138631769,false,0.3223121449311841
naive,0.1,0.08259598644519169,0.006958524551088141,0.116522483085856,0.4802189910629975,false,0.29837073707442674
naive,0.1,0.11836409252424322,0.24567258175970155,-0.049242103944221974,0.28550138672510533,true,0.11812964139044167
naive,0.1,0.08911101298972764,0.12513651501463688,-0.011854656502521321,0.33857305581417174,true,0.1633591996558252
naive,0.1,0.08179860637605627,0.08035020498032497,0.01012026823332221,0.3308467768038136,true,0.1704835225185679
naive,0.1,0.12427299593472653,0.1396804519163424,-0.017236103311069256,0.3205323944884684,true,0.15164814558869955
naive,0.1,0.08747991052135616,0.04577286775577377,0.03136530028915205,0.32397564388621913,true,0.1776704720876856
naive,0.1,0.09817330060533623,0.2568073337591936,-0.04489970359013687,0.2442204285035298,true,0.09966036245669646
naive,0.1,0.09747872543738786,0.234073413718759,-0.04493228449204671,0.2799892198011353,true,0.11752846765454429
naive,0.1,0.10681438877143697,0.05894955205231393,0.020604905437382026,0.2987326166695333,true,0.15966876105345768
naive,0.1,0.11073699808087374,0.19790848978395267,-0.03935582581584701,0.32297767714849546,true,0.14181092566632422
naive,0.1,0.13223093095529004,0.038949561355183286,0.04514086844190085,0.3988259383257837,true,0.2219834033838423
naive,0.1,0.16397696663774144,0.01123194850375108,0.08731825083427178,0.40987526535650964,true,0.2485967580953907
naive,0.1,0.15746089552732814,0.001858585861988386,0.1538602347867656,0.49886590106616624,true,0.3263630679264659
naive,0.1,0.13098912549833408,0.006364967372367446,0.10340513732519296,0.4173598515713097,true,0.26038249444825134
naive,0.1,0.06452926239079552,0.190063564810936,-0.033087106843442016,0.2923511254502715,true,0.12963200930341473
naive,0.1,0.07581201476360286,0.0014689526811017706,0.157473221242295,0.4947625258416417,false,0.32611787354196836
naive,0.1,0.06673501869238495,0.032209396923555685,0.05116922244685693,0.38989992546341956,true,0.22053457395513826
naive,0.1,0.1212269990540418,0.018175218994093002,0.07080999404067151,0.39561777564421585,true,0.23321388484244368
naive,0.1,0.10066993346403498,0.0051386840213652595,0.12391977807804921,0.4773752528800649,false,0.30064751547905705
naive,0.1,0.13403515923342124,0.16249757470135062,-0.025240399273384978,0.3093928477352458,true,0.1420762242309304
naive,0.1,0.11721612592697016,0.023663040471315764,0.0632077766765562,0.39983414020173774,true,0.23152095843914697
naive,0.1,0.10918117482759773,0.020840909351520095,0.06461290241566175,0.38376808204836155,true,0.22419049223201165
naive,0.1,0.1114990313557488,0.1401744611837405,-0.016344625136723467,0.30048060545964933,true,0.14206799016146293
naive,0.1,0.08994158535299444,0.14521796964021835,-0.021108679192002933,0.3478255540873508,true,0.16335843744767392
naive,0.1,0.119011309948082,0.19000245529818632,-0.03350570520314347,0.2962279765533936,true,0.13136113567512506
naive,0.1,0.13992842323619087,0.14995290183106758,-0.02222087149549165,0.33409452624737157,true,0.15593682737593995
naive,0.1,0.10318279144019976,0.13654932987156918,-0.01408724795204186,0.2828135960754448,true,0.13436317406170148
naive,0.1,0.1053970392031183,0.004442478070839065,0.1334481276082597,0.4992704354968716,false,0.31635928155256565
naive,0.1,0.13311576386393076,0.02257974627891291,0.060924392758187285,0.37624506388647205,true,0.21858472832232967
naive,0.1,0.1320944579298049,0.2354673237025257,-0.04877245042578934,0.30119635181213,true,0.12621195069317034
naive,0.1,0.14256404074811418,0.1923763820982315,-0.03469844297266467,0.2997784789901584,true,0.13254001800874687
naive,0.1,0.09257467542824513,0.006523419275130995,0.11409877865593432,0.46313700042026196,false,0.28861788953809814
naive,0.1,0.07633084015113785,0.17421117888118734,-0.0312244000130891,0.3278613091177278,true,0.14831845455231935
naive,0.1,0.10389076081888796,0.13719419299616323,-0.017021046206286528,0.33618268164251813,true,0.1595808177181158
naive,0.1,0.09946433758723078,0.05328043082642666,0.02854339734852024,0.35482387785405606,true,0.19168363760128815
naive,0.1,0.09580810500638119,0.08969932779400677,0.005001704137736068,0.32062471310358975,true,0.1628132086206629
naive,0.1,0.09934819515974772,0.2033267116378064,-0.30578582655999864,0.0390723436938962,false,-0.1333567414330512
naive,0.1,0.17973856215311132,0.08657201153255135,0.007444912216340416,0.3628551792475345,true,0.18515004573193747
naive,0.1,0.07669635929324542,0.005182845603590118,0.11872906159035515,0.45819288235497024,false,0.2884609719726627
naive,0.1,0.11928671591374704,0.006289068818967541,0.10347888136571032,0.41651505590132737,true,0.25999696863351884
naive,0.1,0.11570967556733544,0.36891859057511406,-0.07607695961464239,0.25924828427004537,true,0.09158566232770149
naive,0.1,0.06421575092230958,0.04122758429465685,0.04135249746990574,0.3845522537727203,true,0.212952375621313
naive,0.1,0.0678856301260044,0.07626474624699818,0.013934461089766287,0.3722607654287543,true,0.1930976132592603
naive,0.1,0.04048291772750211,0.004148831797763103,0.13175973154508164,0.486534251370283,false,0.3091469914576823
naive,0.1,0.048680485221831014,0.004787041561462868,0.12390610694079282,0.4704667331737993,false,0.29718642005729606
naive,0.1,0.04452700888253998,0.47372426184674166,-0.09063408978343877,0.23051291020923942,true,0.06993941021290033
naive,0.1,0.12015889289098322,0.34822662695948753,-0.07510841796335388,0.27446438570974846,true,0.09967798387319729
naive,0.1,0.10655303735937058,0.404976597415245,-0.07680262112038902,0.23431922766084703,true,0.07875830327022901
naive,0.1,0.12409508293270081,0.00968498923189658,0.08725622633337299,0.39196963512552946,true,0.23961293072945122
naive,0.1,0.12020565887352634,0.07053558217875143,0.015898259870115367,0.3355798608440399,true,0.17573906035707762
naive,0.1,0.13496528734569083,0.0028941335428113507,0.12204588458271909,0.42303698846441334,true,0.2725414365235662
naive,0.1,0.13925879211617365,0.3004130061839421,-0.06191294351366132,0.27236182833160455,true,0.10522444240897162
naive,0.1,0.11061332416306172,0.39174785372454796,-0.08115773598234229,0.2574833300634004,true,0.08816279704052905
naive,0.1,0.09391149613655657,0.01591682595347494,0.0742212181498442,0.3929910706578492,true,0.2336061444038467
naive,0.1,0.11161571298263526,0.018057727929352622,0.07758467219406645,0.4322795403635626,true,0.2549321062788145
naive,0.1,0.08961312521182009,0.04491978731827408,0.03453817365261749,0.34966813019673315,true,0.1921031519246753
naive,0.1,0.1132220165747191,0.11986424609344899,-0.009008903814176211,0.3220900218431171,true,0.15654055901447042
naive,0.1,0.13834725617130691,0.06728840706257344,0.018252710132123928,0.34302062728626287,true,0.1806366687091934
naive,0.1,0.0661084159771826,0.047991343376720993,0.03293738154080139,0.35872550446630097,true,0.19583144300355118
naive,0.1,0.05651683490851812,0.09359260087193154,0.003395230593773557,0.3536388979465489,true,0.17851706427016123
naive,0.1,0.0964407260704921,0.015120081951107775,0.07441187855567874,0.38639498891235136,true,0.23040343373401506
naive,0.1,0.0851932703796346,0.27547593363839856,-0.05680322616010075,0.28030833661918386,true,0.11175255522954156
naive,0.1,0.10277304677261875,0.10040228824236155,-0.00020840935387128612,0.3518958480065969,true,0.1758437193263628
naive,0.1,0.12046865377482793,0.11281560617575852,-0.0061074225761795775,0.33333631002335273,true,0.16361444372358658
naive,0.1,0.10862548185077717,0.04469273716515945,0.0409179915716022,0.41206538561738953,true,0.22649168859449587
naive,0.1,0.0991541209634517,0.03394701606421465,0.051753127117281944,0.40954184926302006,true,0.23064748819015102
naive,0.1,0.05139291012750124,0.008342081232544239,0.10192804729080851,0.43958895035957235,false,0.27075849882519043
naive,0.1,0.12174324997998207,0.07896870970664227,0.012051632033587,0.3665184341544034,true,0.1892850330939952
naive,0.1,0.1251429554181688,0.015537362950855713,0.07181135043981027,0.3767327064848366,true,0.22427202846232344
naive,0.1,0.08439882897813086,0.14375443977372165,-0.019366593950374544,0.3289645233663746,true,0.15479896470800003
naive,0.1,0.10662441601477636,0.05782444869136149,0.028491283276880136,0.4001728313376034,true,0.21433205730724175
naive,0.1,0.12246966091125443,0.05738231918296224,-0.35937836926628314,-0.025903248650967048,false,-0.1926408089586251
naive,0.1,0.13985311913730822,0.531749319086829,-0.10352081575440078,0.23051343703773655,true,0.06349631064166789
naive,0.1,0.1190728619528193,0.004493434956216503,0.11234892621265113,0.4212675445235108,true,0.26680823536808096
naive,0.1,0.10866854015802252,0.00002050780088928155,0.2529320669160854,0.5711929059505398,false,0.4120624864333126
naive,0.1,0.10126916410141168,0.00066203135797573,0.18115294138235385,0.519758160871721,false,0.3504555511270374
naive,0.1,0.0993187972310119,0.19240215163004729,-0.03375987118668719,0.29159764081179174,true,0.12891888481255226
naive,0.1,0.13788505491154912,0.0035181973684834614,0.13942339285228925,0.4995657621798929,false,0.31949457751609106
naive,0.1,0.0660808866932738,0.06358426751325716,0.01979296806296696,0.32951580304483485,true,0.1746543855539009
naive,0.1,0.13094325049849462,0.006939920177530779,0.10632277969676668,0.43790312862157604,true,0.27211295415917136
naive,0.1,0.10749865116435406,0.20652911766665655,-0.036684043474554104,0.27949106231508486,true,0.12140350942026538
naive,0.1,0.0905560608704536,0.2412882490152343,-0.0463391057704086,0.27589361486104325,true,0.11477725454531733
naive,0.1,0.12052175869045882,0.04363542678211056,0.04294185789300417,0.4219534468520476,true,0.23244765237252588
naive,0.1,0.10995343677569154,0.01491577517790279,0.07629664028953889,0.3941855219296504,true,0.23524108110959466
naive,0.1,0.09305429809634937,0.2659953322447975,-0.048924768011948436,0.25331315965823675,true,0.10219419582314417
naive,0.1,0.09934277205636056,0.1338890269314081,-0.014677350043679455,0.3162335069575888,true,0.15077807845695468
naive,0.1,0.09661655704581328,0.18218800406801572,-0.03046120082975648,0.2919543047616272,true,0.13074655196593538
naive,0.1,0.09166758027140127,0.025093953306367923,0.06994864712641408,0.456624313848728,true,0.26328648048757103
naive,0.1,0.0753861383671302,0.24092757021912753,-0.044054986167655574,0.26287743456589113,true,0.10941122419911778
naive,0.1,0.10665604507705408,0.024820317883704535,0.06441256655494784,0.4179690325236448,true,0.24119079953929634
naive,0.1,0.0892249271761545,0.12511767326671372,-0.009957046606577646,0.28457924312449395,true,0.13731109825895815
naive,0.1,0.026124788338612905,0.13287951408340945,-0.015940170559285344,0.3533175751054024,true,0.16868870227305854
naive,0.1,0.07243488667688261,0.07348462145017179,0.01605740390050453,0.3804740935129084,true,0.19826574870670646
naive,0.1,0.09521397351884738,0.04041011534087533,0.03999524162402837,0.3651240918680333,true,0.20255966674603085
naive,0.1,0.09395943273932517,0.011644287604086851,0.09045608350271428,0.42942069339811906,true,0.25993838845041667
naive,0.1,0.08455638066988613,0.038302194026417706,0.0494053616270651,0.4302565594668404,true,0.23983096054695274
naive,0.1,0.06637357169102426,0.1045477673086252,-0.0022560150590910655,0.3404048318716227,true,0.1690744084062658
naive,0.1,0.10074918250290706,0.03719253539462362,0.04211165456475527,0.35783171875693953,true,0.1999716866608474
naive,0.1,0.10539750894118037,0.15219044066528226,-0.019540030061807934,0.2822252186206411,true,0.13134259427941658
naive,0.1,0.1300878512362778,0.03922729413485649,0.04375995013205039,0.3890304561980569,true,0.21639520316505365
naive,0.1,0.08317549218549794,0.018228879129022043,0.06240841594799548,0.3491148666788354,true,0.20576164131341546
naive,0.1,0.10317396731251627,0.01879326114420545,0.06670231118449943,0.37806115668704315,true,0.2223817339357713
naive,0.1,0.14013668287457198,0.061237819511407554,0.02132371885107992,0.3304571111809541,true,0.17589041501601702
naive,0.1,0.0944407909077068,0.015376875503235058,0.08167679570585498,0.42680716873385804,true,0.2542419822198565
naive,0.1,0.07582135274494502,0.2743482056605721,-0.048753096331511175,0.2419283347186126,true,0.09658761919355072
naive,0.1,0.05658720598592372,0.022753504811415762,-0.3732148942368507,-0.06020063076414081,false,-0.21670776250049575
naive,0.1,0.09613925664160022,0.07800032447172374,-0.32715727563193786,-0.011287330241484733,false,-0.1692223029367113
naive,0.1,0.14452370763523437,0.03121993981838735,0.047837963412882434,0.35677303463981597,true,0.2023054990263492
naive,0.1,0.1340876688281045,0.058560311680379444,0.02925434666492263,0.4194732611369195,true,0.2243638039009211
naive,0.1,0.10577911352169812,0.025326233006861064,0.05160294603472998,0.33858204350989685,true,0.1950924947723134
naive,0.1,0.03850882265501117,0.2535765391504767,-0.04760816637339878,0.26366570715849924,true,0.10802877039255022
naive,0.1,0.12965582154032984,0.011147070456363846,0.09718363811797628,0.45511634915029675,true,0.2761499936341365
naive,0.1,0.11883147285325528,0.09146359016089034,-0.30838880785741607,-0.003967423134449033,false,-0.15617811549593255
naive,0.1,0.1729712177251052,0.04359938153218832,0.039572540303663556,0.38852214116540085,true,0.21404734073453222
naive,0.1,0.15762621516137157,0.030839175406806182,0.05628695860979907,0.4163334498167044,true,0.23631020421325175
naive,0.1,0.1295125995114205,0.008913749129545753,0.10262693963274122,0.4505050977118718,true,0.2765660186723065
naive,0.1,0.10234439822598479,0.02924692876625579,0.04948376479742467,0.3535947321179768,true,0.20153924845770074
naive,0.1,0.10032723831937247,0.021881678035811786,0.06287195966172604,0.3822705346597941,true,0.22257124716076007
naive,0.1,0.10657783586690361,0.1506319100868739,-0.01918680190240779,0.28492679928700754,true,0.13286999869229987
naive,0.1,0.08307351121830767,0.10387788582317974,-0.001973410737637432,0.3486361743454228,true,0.17333138180389268
naive,0.1,0.07727595762878724,0.19734821599154728,-0.03897835727553539,0.32150441098478116,true,0.1412630268546229
naive,0.1,0.07620882699650448,0.17820843471845518,-0.322678183227245,0.032208194559693426,false,-0.1452349943337758
naive,0.1,0.0942853299992671,0.021558591088733595,0.0715906628647427,0.43214087364170717,true,0.25186576825322493
naive,0.1,0.14436123941317355,0.007641645991293138,0.10184549037221843,0.429465866536911,true,0.2656556784545647
naive,0.1,0.09666261289909042,0.15165115237214824,-0.020270064109918162,0.2955664868372398,true,0.13764821136366082
naive,0.1,0.1191481662963815,0.09833217926319453,0.00087138928049732,0.35303943732061027,true,0.17695541330055378
naive,0.1,0.05253876780501816,0.02563287353629586,0.06429543588206074,0.4247009662537877,false,0.24449820106792425
naive,0.1,0.13736019655733317,0.1202779238828276,-0.009080173402511327,0.3182905617470998,true,0.15460519417229424
naive,0.1,0.07405226511976025,0.010721602000051702,0.09299192280628157,0.430353484199287,false,0.26167270350278427
naive,0.1,0.0876522295462117,0.12047553439510829,-0.3409518519660799,0.009817393354457943,false,-0.165567229305811
naive,0.1,0.09042996513964008,0.0819703272709943,0.008771748775667776,0.31408998379735736,true,0.16143086628651257
naive,0.1,0.11113610939051191,0.27106408411194555,-0.2926085084794222,0.05800420163003822,false,-0.117302153424692
naive,0.1,0.11775493828869327,0.005848097338533919,0.10424086645086558,0.4128110888208677,true,0.25852597763586666
naive,0.1,0.09677893922144912,0.013051760754145667,0.08505353616078551,0.419144486593643,true,0.25209901137721424
naive,0.1,0.089126155158826,0.019371881364460046,0.06885129278976992,0.3954833229626011,true,0.2321673078761855
naive,0.1,0.14224798921825882,0.009532635683187064,0.09769673965169118,0.4369044771057197,true,0.26730060837870545
naive,0.1,0.09771945665394502,0.00621714417594322,0.10293444253364165,0.41324296787954445,false,0.25808870520659305
naive,0.1,0.11511982313934922,0.000464104440058245,0.22134722732146248,0.6137194542751933,false,0.4175333407983279
naive,0.1,0.04364801997826883,0.027580040652085015,0.056873050356555904,0.3919567399856234,false,0.22441489517108967
naive,0.1,0.08509817974123683,0.1971378174246471,-0.03583631247469016,0.29615311015881673,true,0.1301583988420633
naive,0.1,0.08168606713675536,0.13899426672056317,-0.01657296965200139,0.31323904013236353,true,0.14833303524018107
naive,0.1,0.09894971823599592,0.016146307394775905,0.07743553333050202,0.41229493772964193,true,0.24486523553007197
naive,0.1,0.0951743754226075,0.014411307203889844,0.0776793751712935,0.3963144994198584,true,0.23699693729557597
naive,0.1,0.0834156051522992,0.09996841210681615,0.000014972704457660857,0.3216185750075094,true,0.16081677385598353
naive,0.1,0.1336401770131387,0.05241521346240268,0.024822211760368057,0.301765266676412,true,0.16329373921839005
naive,0.1,0.09217242134144725,0.17618758797099449,-0.030441935824786326,0.31220778591669807,true,0.14088292504595587
naive,0.1,0.11555491605611729,0.11805165611377402,-0.007895101515858594,0.3094254633061851,true,0.15076518089516325
naive,0.1,0.1395550555147967,0.04428889635922123,0.04138587744799771,0.41287335697132405,true,0.22712961720966088
naive,0.1,0.10205994474137355,0.028217789209237298,0.05686167264305955,0.39734426825937963,true,0.22710297045121958
naive,0.1,0.1070158741127104,0.0880994681994473,0.005047246694167007,0.2787882990777016,true,0.1419177728859343
naive,0.1,0.077206591553088,0.0034210820077396737,0.12865551971519754,0.4587245365624285,false,0.293690028138813
naive,0.1,0.03711249670322748,0.0034461426944629786,0.1328775919479364,0.47438317139587055,false,0.3036303816719035
naive,0.1,0.1300397873322712,0.07036177329358174,0.016207088445077678,0.33988510999261484,true,0.17804609921884626
naive,0.1,0.121006156889424,0.10086422800429014,-0.0004167027207418461,0.32789393921068216,true,0.16373861824497016
naive,0.1,0.07617091288246017,0.14130338386484473,-0.01754732526289704,0.31440149640035475,true,0.14842708556872886
naive,0.1,0.10024300379297053,0.016610085487434534,0.08309335072304291,0.4473824711836888,true,0.26523791095336585
naive,0.1,0.05631896068405071,0.14543642072699944,-0.017819274291506926,0.29232070994647325,true,0.13725071782748316
naive,0.1,0.0791294379833015,0.07434204502686885,0.014096594843911098,0.3461698962853801,true,0.18013324556464558
naive,0.1,0.1106185080704515,0.1528274074389377,-0.023206042901555146,0.3314759319558605,true,0.15413494452715268
naive,0.1,0.10815080738406534,0.3048412814888223,-0.06920048248403524,0.2987194665183035,true,0.11475949201713415
naive,0.1,0.14800600756392504,0.3829969511735776,-0.2412427507185708,0.07403018050909746,false,-0.08360628510473667
naive,0.1,0.09027554767364118,0.05154568778335246,0.0343528991294878,0.4084932839615119,true,0.22142309154549986
naive,0.1,0.09587045970298201,0.019446559560977815,0.06798450685113758,0.39117475888636,true,0.22957963286874877
naive,0.1,0.11346004296326297,0.03248903633790927,0.05465536015613251,0.41900095623787437,true,0.23682815819700342
naive,0.1,0.10722478175700254,0.0030741879135726857,0.1354883426016186,0.4743420467935662,false,0.3049151946975924
naive,0.1,0.05878570162296366,0.21021349787348814,-0.2681146169039885,0.03625724921067355,false,-0.1159286838466575
naive,0.1,0.11187986773975754,0.05590599876632097,0.028469702757454418,0.3793578855318692,true,0.20391379414466182
naive,0.1,0.06797192807266125,0.04821598794442415,0.03226780972028684,0.3533496407044616,true,0.19280872521237424
naive,0.1,0.14806014713692622,0.011285717198263996,0.09866811358082098,0.4638380556874496,true,0.2812530846341353
naive,0.1,0.09804239695292953,0.13348697169467524,-0.014047271669883565,0.3060616986965804,true,0.14600721351334842
naive,0.1,0.0922847508234953,0.1508771847530668,-0.020887708708409336,0.30881452797779435,true,0.1439634096346925
naive,0.1,0.13205397299773666,0.016701046624396348,0.08160304594951762,0.44031603546230014,true,0.2609595407059089
naive,0.1,0.06833454201105534,0.12559387413090442,-0.011010813171685285,0.3091356573969759,true,0.1490624221126453
naive,0.1,0.12673970923017427,0.020265166742260247,0.06288762724808286,0.36867793441216645,true,0.21578278083012464
naive,0.1,0.0694606709022932,0.08795057399334837,0.006010317541124494,0.32774302747290895,true,0.16687667250701674
naive,0.1,0.11348509659086677,0.18079659836427905,-0.029876009774376794,0.2907378983642267,true,0.13043094429492494
naive,0.1,0.09590328613263133,0.02069070918460855,0.06574403953004282,0.38916223207592454,true,0.22745313580298368
naive,0.1,0.07949046103610459,0.02221662058869912,0.06401170088981012,0.3921247741738581,true,0.2280682375318341
naive,0.1,0.12419427459315188,0.01168344076033293,0.0875586263571255,0.4161075347210663,true,0.2518330805390959
naive,0.1,0.09762634695952288,0.04831956818745724,0.03030695536505612,0.3327121324125663,true,0.18150954388881121
naive,0.1,0.10019217895129896,0.08646645748391162,0.00689223916065046,0.3331969013044811,true,0.17004457023256578
naive,0.1,0.0803095362567696,0.34637362585385983,-0.07043412196188549,0.25906717484144043,true,0.09431652643977746
naive,0.1,0.13270306858742784,0.348869425518013,-0.07550069730161847,0.2752774658796094,true,0.09988838428899545
naive,0.1,0.08124639237248657,0.020512445498969165,0.06427330675441376,0.3789230536071584,true,0.22159818018078606
naive,0.1,0.10349206861968405,0.0936011310392234,0.003305123895197687,0.3447204054275326,true,0.17401276466136512
naive,0.1,0.12448291202563239,0.025455079303804994,0.05938573140478262,0.39074757098646096,true,0.22506665119562178
naive,0.1,0.13509247363884136,0.018123863809591235,0.06736081838515595,0.3758959214552667,true,0.22162836992021132
naive,0.1,0.144458246368359,0.025813777094440823,0.05550138528914464,0.36806467141808363,true,0.21178302835361412
naive,0.1,0.12328712239386903,0.003564881499206827,0.12820337528046394,0.4604362872405206,false,0.29431983126049227
naive,0.1,0.12116001946642835,0.02929087042048595,0.05538991635866461,0.39617542311014964,true,0.22578266973440714
naive,0.1,0.1441834965175832,0.005077439481433162,0.12003355069036825,0.46125934558408677,true,0.2906464481372275
naive,0.1,0.10482582247208302,0.02990731159341546,0.05491323102330786,0.3980498825991775,true,0.22648155681124268
naive,0.1,0.10439504105340519,0.10195839963816081,-0.0009884098455705814,0.3441510592754405,true,0.17158132471493495
naive,0.1,0.0918307478817897,0.1590291704688167,-0.02368189830895251,0.3057194159095603,true,0.1410187588003039
naive,0.1,0.10879937101128323,0.0620290537891046,0.023862069253105356,0.37868586628197265,true,0.201273967767539
naive,0.1,0.07945678666498977,0.061670903503826986,0.025141194986497695,0.39469822457617354,true,0.20991970978133562
naive,0.1,0.0382240704049987,0.09255555772142522,0.004021810815311527,0.35954042725919466,true,0.1817811190372531
naive,0.1,0.10872414802348812,0.02499013418417357,0.0666027003799173,0.4337935988130116,true,0.25019814959646447
naive,0.1,0.08083061160348164,0.08937328295558314,-0.31852208531358495,-0.0051308631885490785,false,-0.161826474251067
naive,0.1,0.14021902519672255,0.0075904657605847,0.09173578442169694,0.3861849275211606,true,0.23896035597142878
naive,0.1,0.10699363116867486,0.053677636583091354,0.026314547498895446,0.33051227828831226,true,0.17841341289360385
naive,0.1,0.11774561165917667,0.10176426821917609,-0.0008458343605937113,0.32675782301144335,true,0.16295599432542482
naive,0.1,0.14903840299366308,0.0016816006545547805,0.14338471147705825,0.4585794365956154,true,0.3009820740363368
naive,0.1,0.07911952419842125,0.03857891051842462,0.042464301696521684,0.3720919684591665,true,0.2072781350778441
naive,0.1,0.10702319790345813,0.0893601147208836,0.005757856573888082,0.3569900352146741,true,0.18137394589428107
naive,0.1,0.11340641928415315,0.037942058749934164,0.04608423303793402,0.39813789308758857,true,0.2221110630627613
naive,0.1,0.1479120150054338,0.05370011844496893,0.03269476187549178,0.41088897759675835,true,0.22179186973612505
naive,0.1,0.13527987617269072,0.030342376422475087,0.049810160287509425,0.3644803412514884,true,0.2071452507694989
naive,0.1,0.11674932110093258,0.02896370171516766,0.051469014598410245,0.3655288171116831,true,0.20849891585504668
naive,0.1,0.0810127542411925,0.02965213055954081,0.061347249847352486,0.4422351707185268,true,0.25179121028293966
naive,0.1,0.12274537818042149,0.007958243538194062,0.09696821316543616,0.41312532613587916,true,0.25504676965065765
naive,0.1,0.13006276602210073,0.16204258473668606,-0.02479994776512784,0.30601239342177017,true,0.14060622282832116
naive,0.1,0.1033433022850882,0.011153461826497976,0.09211052955983515,0.4314349111834992,true,0.26177272037166716
naive,0.1,0.0699679739388996,0.07894584589180835,0.010826067995993477,0.32886488686799276,true,0.1698454774319931
naive,0.1,0.07698968992392766,0.021518811549044257,0.05938029261852951,0.358115784971766,true,0.20874803879514775
naive,0.1,0.09338874445928377,0.13047142083004235,-0.011960633485020744,0.28475558282274555,true,0.1363974746688624
naive,0.1,0.07794382406503095,0.12286830538651979,-0.00979066147893945,0.3059524154101517,true,0.14808087696560615
naive,0.1,0.14433290814049,0.05586303631999358,0.02555415162005059,0.34011356470304854,true,0.18283385816154957
naive,0.1,0.09490473647844355,0.1659355520966848,-0.02947307912061478,0.34420158568283565,true,0.15736425328111045
naive,0.1,0.1553689782775978,0.05026908381357733,0.0334044357893567,0.38470260931914657,true,0.20905352255425164
naive,0.1,0.09161897171646502,0.0880526304872174,0.005729754984985791,0.3152044157536138,true,0.1604670853692998
naive,0.1,0.10899832088334444,0.008130859555463128,0.09187904092342075,0.3936111843494207,true,0.24274511263642073
naive,0.1,0.10016413904013578,0.03841117578442745,0.03883922129934833,0.33905964433236657,true,0.18894943281585747
naive,0.1,0.09077699616734244,0.0678725623243931,0.01946536277468003,0.373255035040339,true,0.19636019890750953
naive,0.1,0.10792324827219199,0.027777913310543995,0.06269542352916235,0.4339450277674485,true,0.24832022564830541
naive,0.1,0.13680463772542426,0.26211315128631724,-0.05137801546673383,0.27151980230566364,true,0.1100708934194649
naive,0.1,0.12702561900152354,0.0001946649297586664,0.1890733498549581,0.4879679596674085,false,0.3385206547611833
naive,0.1,0.08434862443059227,0.0038259975738777034,0.12187971469931483,0.44333058039985485,false,0.2826051475495848
naive,0.1,0.058787989088639685,0.0004893411325308724,0.18165257250250605,0.5061317700937733,false,0.3438921712981397
naive,0.1,0.1240318970073424,0.21723744752082536,-0.04128946081814913,0.2892409057602432,true,0.12397572247104705
naive,0.1,0.09078193096303605,0.09636885581870158,0.0018103573377021565,0.33518206189644373,true,0.16849620961707296
naive,0.1,0.10816523413494535,0.018158994462441732,-0.38744929298324027,-0.06937423121955841,false,-0.22841176210139932
naive,0.1,0.10061150380466204,0.0006681084426259,0.17202359979592471,0.494021242464204,false,0.33302242113006436
naive,0.1,0.09538961946266138,0.15867631824019848,-0.022120333636795664,0.28712067168344746,true,0.1325001690233259
naive,0.1,0.10857662105726976,0.04259061114996548,0.03911384140659774,0.3752074453853829,true,0.20716064339599033
naive,0.1,0.1084895966879763,0.00908129705258321,0.09164307960337881,0.40434005367881587,true,0.24799156664109734
naive,0.1,0.09484239653644727,0.006563437344332883,0.10692484314905026,0.4346337768331271,false,0.2707793099910887
naive,0.1,0.10307284280851628,0.00327251510037712,0.1242687084452889,0.43969344627875595,false,0.28198107736202244
naive,0.1,0.10109186281183183,0.24623569832081899,-0.05104551631222619,0.29496822123247196,true,0.1219613524601229
naive,0.1,0.059206362694218514,0.04785573326253533,0.033493206707572776,0.3635859041086528,true,0.1985395554081128
naive,0.1,0.15245455144967957,0.24596269466758175,-0.05261965362236315,0.30455785223051013,true,0.1259690993040735
naive,0.1,0.12616880472545822,0.05039572124474364,0.031710678666897585,0.3663489909740566,true,0.1990298348204771
naive,0.1,0.1193662551117385,0.1681469144479185,-0.02918676204301421,0.3308670019765937,true,0.15084011996678973
naive,0.1,0.050279758135941044,0.09247280047109421,0.004001170028334805,0.3536831502090356,true,0.17884216011868523
naive,0.1,0.07660844587193202,0.1523812552431025,-0.02165538317871407,0.3117354155003809,true,0.14504001616083342
naive,0.1,0.11595273124490688,0.6012447482097834,-0.11617669164548908,0.22438016431599653,true,0.05410173633525372
naive,0.1,0.12831060479647471,0.03944999444616908,0.04079132891877968,0.36444978575043235,true,0.20262055733460602
naive,0.1,0.07152059652460584,0.0669285742474151,0.01928463095741234,0.35799727533889314,true,0.18864095314815274
naive,0.1,0.0882591121103177,0.34428469011183255,-0.06270889405148375,0.23236745097090258,true,0.08482927845970942
naive,0.1,0.14744669851412592,0.02805730701409686,0.05366677651766144,0.37371429084752716,true,0.2136905336825943
naive,0.1,0.10222154744901493,0.07383585073578143,0.01316639234355263,0.31653464064497006,true,0.16485051649426136
naive,0.1,0.12426125125467488,0.15483915729230668,-0.02248181881743977,0.310351917238326,true,0.14393504921044312
naive,0.1,0.06625300876418544,0.05586487958478097,-0.40828570549184207,-0.03067468317603636,false,-0.2194801943339392
naive,0.1,0.13661339220533703,0.15474081651012894,-0.022372512793841864,0.30934928412089324,true,0.1434883856635257
naive,0.1,0.08013206940386035,0.028896304874331973,0.06349990207270212,0.4503125167798839,true,0.256906209426293
naive,0.1,0.09292074981215168,0.09031030515184678,0.004450336504516456,0.3037849642525535,true,0.154117650378535
naive,0.1,0.12354891916727498,0.22373477975355158,-0.048368053382247145,0.32322922924608233,true,0.1374305879319176
naive,0.1,0.0981593396082356,0.0036111477437978383,0.1186079027322616,0.4269528767715164,false,0.272780389751889
naive,0.1,0.09946969532044635,0.01280790517557622,0.08177929404617715,0.40045481466382615,true,0.24111705435500164
naive,0.1,0.10423568768042478,0.023436215382009257,0.05964631074310908,0.3754183425211801,true,0.2175323266321446
naive,0.1,0.097168287038865,0.3400320986692571,-0.06919864518884701,0.2603600860766462,true,0.09558072044389958
naive,0.1,0.09236875451909987,0.1536521949363734,-0.022421344772342366,0.3157637432332246,true,0.1466711992304411
naive,0.1,0.08755118716897749,0.2767329149389157,-0.056704997266860124,0.2781017379543134,true,0.11069837034372665
naive,0.1,0.11757335165712508,0.015585963464678589,0.07304974926626073,0.38368501495735313,true,0.22836738211180693
naive,0.1,0.10142736591456525,0.038351896559302635,0.041573206086284925,0.36244883552567175,true,0.20201102080597835
naive,0.1,0.12810731076983756,0.011397505652280392,0.09375379006738185,0.4420902635789802,true,0.267922026823181
naive,0.1,0.07690355527742665,0.14605857822787943,-0.018680597112536307,0.30263170021133234,true,0.141975551549398
naive,0.1,0.11277378267523355,0.02824284972215501,0.0601117546357266,0.4202841167387018,true,0.2401979356872142
naive,0.1,0.12634102485703905,0.34382780830079573,-0.06305883805626045,0.2340449015786088,true,0.08549303176117418
naive,0.1,0.08521260307111808,0.09655446188140765,0.0016883475801505732,0.329590469792245,true,0.16563940868619778
naive,0.1,0.10178778124713597,0.0014109329159818311,0.1585391449624107,0.49555369911295355,false,0.32704642203768214
naive,0.1,0.09111320351876766,0.11506438689397645,-0.0075254523107320115,0.3511556149854841,true,0.17181508133737602
naive,0.1,0.11116299246884273,0.029927758032460502,0.053961789698706214,0.39132656331680815,true,0.2226441765077572
naive,0.1,0.10641783544067589,0.18881186990788262,-0.033549827964608425,0.3001420260751385,true,0.13329609905526504
naive,0.1,0.050884285669742416,0.22740889383294338,-0.04180545004267194,0.2723329964116005,true,0.11526377318446429
naive,0.1,0.09247584111316534,0.03210793379833376,0.046399244315603244,0.35277550644110756,true,0.19958737537835539
naive,0.1,0.10953796164535304,0.001847922218012166,0.1395309068240145,0.4520437069089477,false,0.2957873068664811
naive,0.1,0.10937490848651837,0.0003855152032028711,0.21074249783996116,0.5746787046679787,false,0.3927106012539699
naive,0.1,0.08730322552258084,0.07378401009574455,0.01349342644765994,0.32369903904709546,true,0.1685962327473777
naive,0.1,0.1101134337200706,0.08583961232922822,0.006975403108647998,0.32170337791302683,true,0.16433939051083743
naive,0.1,0.0712579865716266,0.1262211084217149,-0.012520383053480244,0.3435379116286537,true,0.16550876428758673
naive,0.1,0.07434827772101704,0.03075858543059688,0.048775828366191404,0.36014662492452687,true,0.20446122664535912
naive,0.1,0.07286617761998343,0.019182148944719167,0.06639882514359963,0.37973537554489273,true,0.22306710034424618
naive,0.1,0.07762834765342831,0.14090278770842182,-0.018894763061111958,0.34161802895965043,true,0.16136163294926925
naive,0.1,0.06140097059024527,0.041218874379310114,0.04113273330779149,0.3824330913576965,true,0.211782912332744
naive,0.1,0.07519373229897582,0.27886390022098617,-0.053198052412782706,0.25821241283831853,true,0.1025071802127679
naive,0.1,0.10004978148270599,0.06525566226005193,0.019236472509939373,0.33780022724092856,true,0.17851834987543397
naive,0.1,0.0883653725816525,0.3575446620623892,-0.07236538289150564,0.25608518480821707,true,0.09185990095835571
naive,0.1,0.11517834300245902,0.029681415916282285,0.051311378751138725,0.370124275971781,true,0.21071782736145986
naive,0.1,0.0798011403083752,0.027664853860692982,0.060970770093617066,0.4209725172906301,true,0.2409716436921236
naive,0.1,0.0982921577099264,0.10141717914883072,-0.0006212415810342986,0.29851628212943937,true,0.14894752027420255
naive,0.1,0.13188113929181194,0.15791525166414003,-0.02421052115231162,0.31800390815576685,true,0.14689669350172763
naive,0.1,0.1546521957716378,0.008731537258135911,0.09948028440261797,0.4342615999754255,true,0.26687094218902174
naive,0.1,0.11672527007010508,0.015436652457583149,0.07563237145768983,0.39580136769157825,true,0.23571686957463406
naive,0.1,0.0700652777076109,0.16239806442483828,-0.02294976732950521,0.28172088963112757,true,0.12938556115081118
naive,0.1,0.11727458674783053,0.31505976062494595,-0.07281291134052724,0.3013454695400788,true,0.11426627909977578
naive,0.1,0.08284161422531872,0.1004850707311523,-0.00021304653655526695,0.2983964504462969,true,0.14909170195487084
naive,0.1,0.08820209112154535,0.07258248955347443,0.013222035201695848,0.30205671236623055,true,0.1576393737839632
naive,0.1,0.1558500265723619,0.017497205421619273,0.0739025599094878,0.40637762967276836,true,0.24014009479112808
naive,0.1,0.08749108810673478,0.012373146989941845,0.08615012530534172,0.4170549231200784,true,0.25160252421271007
naive,0.1,0.11264900822118087,0.003602227501266692,0.12868859290939488,0.46303613743256417,false,0.2958623651709795
naive,0.1,0.11810886624140358,0.3535703419221668,-0.07034129577045314,0.2523201623899711,true,0.090989433309759
naive,0.1,0.09825982405709179,0.12472531384845162,-0.011799783862627394,0.342327881789947,true,0.1652640489636598
naive,0.1,0.12481239896625318,0.22809834027959336,-0.04522518794272956,0.29322755360595937,true,0.1240011828316149
naive,0.1,0.09343494429753467,0.22966448918529145,-0.04402110710565624,0.28241429277554153,true,0.11919659283494266
naive,0.1,0.10628187990225263,0.005795453387475574,0.11143713175768566,0.4404343214790525,false,0.27593572661836907
naive,0.1,0.12294834468761869,0.08763682401418059,0.006800378592855066,0.36109110265557465,true,0.18394574062421484
naive,0.1,0.13045719240199855,0.0038145062290644055,0.11219054422711494,0.4078627887193147,true,0.2600266664732148
naive,0.1,0.10295770226238578,0.6825163747907181,-0.10766365648864053,0.17893258606125823,true,0.03563446478630884
naive,0.1,0.0683244342271187,0.2972640279670653,-0.05620597562085082,0.2506661121578378,true,0.0972300682684935
naive,0.1,0.10186861898240857,0.1773027389818072,-0.027765527741675455,0.2810810193483385,true,0.12665774580333153
naive,0.1,0.09914684333737131,0.18672965279128317,-0.03283640870423482,0.30001268562006633,true,0.13358813845791576
naive,0.1,0.12238523455453425,0.054283590482550895,0.02822232534787822,0.3601452920199521,true,0.19418380868391516
naive,0.1,0.09276753420348863,0.05237684143509142,0.030125568812982645,0.3658790853125432,true,0.1980023270627629
naive,0.1,0.07671680426147658,0.08686553475699033,0.006740427360818424,0.33614577564217846,true,0.17144310150149844
naive,0.1,0.10464731141014733,0.23676884032003362,-0.04251391844774294,0.26037241663957944,true,0.10892924909591825
naive,0.1,0.10108766838168402,0.18529673156023407,-0.030019553637762278,0.27836778629285797,true,0.12417411632754784
naive,0.1,0.06507440004710537,0.06648309256487914,0.02168193596992654,0.3964987173035588,true,0.20909032663674268
naive,0.1,0.11870662342911271,0.08721375860196807,0.006777313507123406,0.34753795170806784,true,0.17715763260759562
naive,0.1,0.049970811664490106,0.002005735867225297,0.14488986072854948,0.4748559198258169,false,0.3098728902771832
naive,0.1,0.1054248670286147,0.10767783923086874,-0.0034599704020778776,0.3115351798686179,true,0.15403760473327
naive,0.1,0.09558836239975109,0.1775276004202556,-0.031390750702721903,0.3169562265086417,true,0.1427827379029599
naive,0.1,0.06624474400910656,0.027610168227576445,0.049130009264655466,0.33881514504591026,true,0.19397257715528288
naive,0.1,0.10001664064339907,0.012272626550989449,0.08578328417620246,0.4141719950924123,true,0.24997763963430739
naive,0.1,0.06685051447445715,0.009811093899686074,0.08440762398394352,0.3805757131118437,false,0.2324916685478936
naive,0.1,0.11972922083973787,0.21049813653954044,-0.33666849801910065,0.04563094810732998,false,-0.14551877495588533
naive,0.1,0.08585409937377751,0.14167500714318915,-0.01825881406327734,0.3244443541166457,true,0.15309277002668417
naive,0.1,0.10018770099400735,0.08110426445297592,0.00967762345968809,0.32976879935990244,true,0.16972321140979527
naive,0.1,0.09398813031882024,0.05647851532309733,0.023948630429500073,0.32411082944004727,true,0.17402972993477367
naive,0.1,0.0783632166306634,0.21163418483534552,-0.04129154780407532,0.3019315092880813,true,0.130319980742003
naive,0.1,0.09080351799613333,0.17135414501211868,-0.023837904953976474,0.25927806044741475,true,0.11772007774671914
naive,0.1,0.10548259497503032,0.2621900044074608,-0.054763592179077836,0.2892930006936534,true,0.11726470425728777
naive,0.1,0.0963311783835722,0.12848308347622786,-0.01242190624695741,0.3151680454066391,true,0.15137306957984084
naive,0.1,0.11494137121002773,0.03127009353541511,0.04889132006306496,0.3650257540425911,true,0.20695853705282802
naive,0.1,0.049060271143849685,0.06913983842730585,0.017772923626119486,0.35641922566019807,true,0.18709607464315878
naive,0.1,0.12038266084895423,0.09659096137816942,0.0017062078524591184,0.33667516993551927,true,0.1691906888939892
naive,0.1,0.10800277982585342,0.007566379355086404,0.09782037807216226,0.41147300131700115,true,0.2546466896945817
naive,0.1,0.04166213003640943,0.20367770703933277,-0.04273192966225067,0.3334297479706262,true,0.14534890915418774
naive,0.1,0.05808522331229412,0.04359231423761803,0.03908564416228455,0.38367913393803527,true,0.2113823890501599
naive,0.1,0.09971298204067149,0.2888909302420213,-0.055674435763268804,0.2577842135205741,true,0.10105488887865266
naive,0.1,0.0635404315721553,0.04390155060935492,0.04395876483201028,0.434614801040552,true,0.23928678293628114
naive,0.1,0.0744605535763619,0.4046496882529338,-0.09666927948154742,0.29521068821871693,true,0.09927070436858475
naive,0.1,0.08347505445746932,0.0957854290843401,0.0021963996902857885,0.34982885181538137,true,0.17601262575283358
naive,0.1,0.07647037140089823,0.0652294875430612,0.02045979767784034,0.35897647938456434,true,0.18971813853120234
naive,0.1,0.10746958461490504,0.03555484194658713,0.04576083064713718,0.3750768506901745,true,0.21041884066865582
naive,0.1,0.05741797089363881,0.03667815512911919,0.04268623217159931,0.35862126009519313,true,0.20065374613339623
naive,0.1,0.1408021738050772,0.004671044899090661,0.10731944164577728,0.40549522458925263,true,0.25640733311751496
naive,0.1,0.09075291643139366,0.17461345541821638,-0.03158090512463707,0.33000183231876495,true,0.14921046359706394
naive,0.1,0.11492974675044303,0.1232062452248418,-0.009398596252651631,0.28962312777426047,true,0.14011226576080443
naive,0.1,0.1266633937442132,0.1480216819411346,-0.020517281292515566,0.3198569682347124,true,0.1496698434710984
naive,0.1,0.10108076716040866,0.0049641314448826655,0.10840865926467469,0.4146630217253131,false,0.2615358404949939
naive,0.1,0.0980169133251172,0.004875129309117481,0.10762603958541095,0.4101578024539544,false,0.25889192101968267
naive,0.1,0.12158532073778248,0.10740824689671513,-0.0032784115511968193,0.30573697523524734,true,0.15122928184202528
naive,0.1,0.11121781138433147,0.0016294289144466294,0.14663736576729997,0.4670088957496616,false,0.3068231307584808
naive,0.1,0.06670581937502178,0.13758182305794522,-0.30072225471051267,0.015373524411163964,false,-0.14267436514967435
naive,0.1,0.1169057282519074,0.2202345243557162,-0.04112514530642203,0.2818013344772662,true,0.12033809458542208
naive,0.1,0.12690152980650282,0.0797577852783399,0.01044478234606902,0.3308515021307733,true,0.17064814223842117
naive,0.1,0.0956934416876853,0.0667917631760871,0.017911555258344508,0.33097110996463974,true,0.1744413326114921
naive,0.1,0.11531326652074828,0.031412515797753754,0.05113360034182016,0.3829479365472239,true,0.21704076844452203
naive,0.1,0.06799959274397933,0.008994312992781693,0.09462873901909893,0.4164144613874985,false,0.2555216002032987
naive,0.1,0.10269498615695215,0.009478125243520668,0.0975896020595532,0.4357215685811597,true,0.26665558532035644
naive,0.1,0.0645333551226728,0.014460461177867222,0.08256144830843792,0.42174163643566986,false,0.2521515423720539
naive,0.1,0.11102272475965447,0.0261852305084565,0.05313822622884984,0.3552627057434032,true,0.2042004659861265
naive,0.1,0.11513233320686073,0.010264696278379544,0.10000829698174443,0.4568666353223483,true,0.27843746615204634
naive,0.1,0.08339381469876521,0.16060984967620778,-0.022359475520693062,0.28180490256427027,true,0.1297227135217886
naive,0.1,0.061339704857093454,0.4908518770322188,-0.10058363735247625,0.24557290290728487,true,0.07249463277740431
naive,0.1,0.09178182716967136,0.25161885434514014,-0.04573669258770016,0.25613338109268424,true,0.10519834425249203
naive,0.1,0.09563274710177826,0.01848913719862368,0.07149905099880982,0.4023997476968971,true,0.23694939934785347
naive,0.1,0.11704823136903149,0.07403946042132935,0.012156771450709036,0.2947557159358346,true,0.15345624369327182
naive,0.1,0.09571148299390828,0.017779008388484358,0.07222412083077132,0.39979164209923934,true,0.23600788146500534
naive,0.1,0.1274442299977049,0.02441624821835265,0.0644764678689331,0.4146863044378297,true,0.23958138615338143
naive,0.1,0.12300931811059664,0.06523870379700238,0.018509996601165035,0.32486370660760533,true,0.17168685160438518
naive,0.1,0.054611910441170204,0.32272855591808086,-0.07212213143756852,0.28956275593847036,true,0.10872031225045092
naive,0.1,0.09381321886679463,0.17052902871152667,-0.025497955615305323,0.28024839254221834,true,0.1273752184634565
naive,0.1,0.09677828785982855,0.2448379716031391,-0.3072020404314074,0.05272138439047433,false,-0.12724032802046656
naive,0.1,0.10537963012667521,0.18231739626785698,-0.03036276036268412,0.2906031644746905,true,0.13012020205600316
naive,0.1,0.06043863783858032,0.1573088295187778,-0.02253622617452619,0.29886088637298347,true,0.13816233009922863
naive,0.1,0.10383391105467109,0.14591803199099598,-0.01686536332444591,0.2739950922494081,true,0.12856486446248108
naive,0.1,0.10735597869391929,0.07028774232866636,0.01634785047816234,0.34189392346469716,true,0.17912088697142975
naive,0.1,0.09077513272072767,0.1234472324103007,-0.010943420172404572,0.3339254465679619,true,0.16149101319777867
naive,0.1,0.1027542539042788,0.3107086842241632,-0.07147150378645012,0.3010745301986881,true,0.11480151320611898
naive,0.1,0.10006394927561749,0.11823364357416795,-0.008936179186187526,0.3468660843465572,true,0.16896495258018482
naive,0.1,0.1541010869309729,0.008594286907890334,0.09754056168030509,0.42399261235403796,true,0.26076658701717154
naive,0.1,0.09421646352078729,0.05881198512296439,0.02286973602464215,0.3302732826854897,true,0.17657150935506594
naive,0.1,0.1290733751714162,0.007288666457929001,0.09577333496880955,0.3991575927044514,true,0.24746546383663046
naive,0.1,0.04370453918794408,0.0831801971880054,0.008844121065867738,0.3407049536643196,true,0.17477453736509366
naive,0.1,0.10579350732627493,0.01102459968776213,0.09522240575563745,0.444421199863376,true,0.26982180280950674
naive,0.1,0.09603151591676012,0.19251244163868123,-0.29823213289789874,0.034564463779816285,false,-0.13183383455904124
naive,0.1,0.08568403870962044,0.6217585474460832,-0.11396732366854531,0.2116263062677652,true,0.04882949129960996
naive,0.1,0.12216611497564156,0.18291265195152703,-0.029014067809032595,0.27591802227553963,true,0.12345197723325352
naive,0.1,0.07759759610223932,0.00017815615339971443,0.20262622064023872,0.5195508871150427,false,0.3610885538776407
naive,0.1,0.1180509853501801,0.026871668585526816,0.06528278350739355,0.44303553094428194,true,0.25415915722583776
naive,0.1,0.11332166502438228,0.03698693186322201,0.04106818796186679,0.3473846819072396,true,0.1942264349345532
naive,0.1,0.0805084476223895,0.06329717825494033,0.019923753029192498,0.32873401318205686,true,0.1743288831056247
naive,0.1,0.11444419321113995,0.0763647763221005,0.011995910309974933,0.32193333743148883,true,0.16696462387073188
naive,0.1,0.08980667040724319,0.0010158063295124383,0.1742114573797279,0.5233976217267421,false,0.348804539553235
naive,0.1,0.12905376146701691,0.008199013272129626,0.1154080329617346,0.49548133655622706,true,0.30544468475898084
naive,0.1,0.06807437156628102,0.08639324171853908,0.006609859424684006,0.31775880561827086,true,0.16218433252147743
naive,0.1,0.11190977872623568,0.1477628877697696,-0.020381615766184552,0.31932496437040825,true,0.14947167430211183
naive,0.1,0.12442616322241498,0.02004449761853945,0.06189770908975889,0.36105626310050937,true,0.21147698609513413
naive,0.1,0.09997461616980739,0.14932201253832764,-0.021430656103927526,0.325994238202268,true,0.15228179104917025
naive,0.1,0.08568802298339923,0.0025868675375856592,0.12123667557783621,0.41275215874597404,false,0.26699441716190514
naive,0.1,0.11274191611334862,0.12767412365724695,-0.012212299670072063,0.3184031624514526,true,0.15309543139069026
naive,0.1,0.09181047872180874,0.1514483311811221,-0.020562840501808205,0.3009179142993017,true,0.14017753689874674
naive,0.1,0.11330213413424942,0.027569797839307655,0.05494691820306555,0.37859796455730077,true,0.21677244138018317
naive,0.1,0.07278126614353854,0.2039451034563791,-0.045827345082443155,0.3567732348438324,true,0.15547294488069463
naive,0.1,0.10740367073955703,0.0355532302923746,0.04698763338906134,0.38511868252472525,true,0.2160531579568933
naive,0.1,0.13136544621309842,0.002018736488224303,0.13638219597889986,0.4473865817213508,false,0.29188438885012535
naive,0.1,0.08446756807523317,0.3001067959456649,-0.05751995016537788,0.25337142692804315,true,0.09792573838133263
naive,0.1,0.07276079995616888,0.19980733801674308,-0.0362546724900511,0.2925290162572241,true,0.1281371718835865
naive,0.1,0.1208549699820775,0.006498453889766402,0.10729742574617399,0.43514327206655123,true,0.2712203489063626
naive,0.1,0.060461248905588856,0.021204992860158364,0.06941825468676036,0.41570979144167675,false,0.24256402306421856
naive,0.1,0.10953883685354769,0.000958881331690238,0.16308101721245413,0.48676079950355977,false,0.32492090835800697
naive,0.1,0.07787293508065833,0.01167250993204042,0.08824865798235931,0.4192624655518951,false,0.2537555617671272
naive,0.1,0.11400528520026816,0.03480406693173541,0.04223008932393171,0.3404943015053057,true,0.1913621954146187
naive,0.1,0.0874632182680836,0.07860791161119283,0.010701330917845725,0.31959883104982967,true,0.1651500809838377
naive,0.1,0.08187792508297334,0.018249309691280535,0.07112919013445876,0.3980888718183405,true,0.23460903097639965
naive,0.1,0.08997425345424692,0.05255367569411252,0.02885193137582212,0.3520014065681555,true,0.1904266689719888
naive,0.1,0.08202359710238145,0.0005411453720245206,0.1764577378917292,0.496348660717651,false,0.3364031993046901
naive,0.1,0.15385285419908853,0.10273893804510267,-0.0012166121357158888,0.3034701747506532,true,0.15112678130746865
naive,0.1,0.13613379022885924,0.035565049559101745,0.04744854154504924,0.38899715762788567,true,0.21822284958646745
naive,0.1,0.11877591039728908,0.00681576120304875,0.11451268494617689,0.46961410773418216,true,0.2920633963401795
naive,0.1,0.09989255526759681,0.0009815831790948647,0.17531994984288427,0.5246757996430396,false,0.3499978747429619
naive,0.1,0.15562760892419092,0.1503118626991685,-0.020760937088360548,0.3101007307419299,true,0.1446698968267847
naive,0.1,0.07291182339744855,0.27049686490179364,-0.05879312256430187,0.297441626119358,true,0.11932425177752805
naive,0.1,0.06763017604971992,0.23777326672996688,-0.043781680790015834,0.2664363726638256,true,0.11132734593690487
naive,0.1,0.12148648703618713,0.032517724350157935,0.05555263964975776,0.42614524955256233,true,0.24084894460116005
naive,0.1,0.1007414967390793,0.08360566692375176,0.008877228648497132,0.35130301961299215,true,0.18009012413074463
naive,0.1,0.12881912698346437,0.004545949746050295,0.13084255139704964,0.491730133608047,false,0.31128634250254833
naive,0.1,0.06365756877455629,0.514265602711883,-0.09030912630041646,0.208983217395413,true,0.059337045547498274
naive,0.1,0.07505186912857974,0.08787094655417675,0.006096886456118417,0.3302060972383507,true,0.16815149184723457
naive,0.1,0.08071869692746768,0.12194835567218958,-0.00926579235404229,0.30111843646895503,true,0.14592632205745637
naive,0.1,0.09142654867582646,0.00403066639690666,0.12218627107721641,0.44874219813903155,false,0.285464234608124
naive,0.1,0.12067758501685569,0.017229777813282974,0.07543818827133339,0.41220698443600423,true,0.2438225863536688
naive,0.1,0.12480869189352074,0.021259342950669922,0.06538781111088718,0.39205297870479994,true,0.22872039490784354
naive,0.1,0.0850639566682146,0.005258153540385315,0.12552088751713691,0.4858649122184067,false,0.3056928998677718
naive,0.1,0.10941763574849908,0.007572952740173391,0.10460527049864887,0.44010839596304785,true,0.27235683323084836
naive,0.1,0.09426531842940146,0.030703519677432532,0.049502222325272904,0.36507401157207703,true,0.20728811694867497
naive,0.1,0.12420011712536866,0.05476151103849031,0.027208727861319032,0.351621550263712,true,0.18941513906251553
naive,0.1,0.06415389827699124,0.22978475926415284,-0.040510174926883344,0.2596803382412694,true,0.10958508165719304
naive,0.1,0.11259899320033398,0.0066617364856973995,0.10294701992098629,0.4199180060105677,true,0.261432512965777
naive,0.1,0.0909443235477228,0.41191897381169224,-0.08099550750877647,0.24223762319493902,true,0.08062105784308128
naive,0.1,0.10789821028731514,0.0625790228566329,0.02416081124902389,0.38990275947067754,true,0.20703178535985073
naive,0.1,0.11883438559380333,0.04736033670933657,0.03392960918234714,0.3639568775635711,true,0.1989432433729591
naive,0.1,0.11738168025989715,0.0005196160382559755,0.17676177040370786,0.4952874073454171,false,0.3360245888745625
naive,0.1,0.08971066926934441,0.007450755020728802,0.103274080153795,0.4327547832863644,false,0.2680144317200797
naive,0.1,0.10142134544517943,0.07108119647895457,0.015546292464790862,0.33497936911864035,true,0.17526283079171562
naive,0.1,0.05536901055043608,0.8693087651923465,-0.1374711350531571,0.16803084249611594,true,0.01527985372147942
naive,0.1,0.12600288277683158,0.09280041556130957,0.003706697333568959,0.34286712404128117,true,0.17328691068742505
naive,0.1,0.11415623674866551,0.009571915989487369,0.09486654443820305,0.4247403038450792,true,0.25980342414164115
naive,0.1,0.07196827422196479,0.03083778409076799,0.0513728547363366,0.3799742104728031,true,0.21567353260456984
naive,0.1,0.1052221592687005,0.1993710167287731,-0.038032532927366386,0.3080618740562767,true,0.13501467056445515
naive,0.1,0.12326703285375133,0.08369191765660951,0.006838219298473641,0.2721136016872052,true,0.13947591049283944
naive,0.1,0.037455477428960215,0.02661601897921346,0.05225710095662098,0.3526688075584741,false,0.20246295425754754
naive,0.1,0.09042835978351949,0.006961437645616137,0.11288926991452111,0.4652921658009468,false,0.28909071785773394
naive,0.1,0.07332054185853266,0.004247537920440143,0.11728928152160834,0.43503846890442166,false,0.276163875213015
naive,0.1,0.0871228624443084,0.15040430474740296,-0.022825305523148598,0.34036221511965464,true,0.15876845479825302
naive,0.1,0.1188395342619322,0.05099396838790446,0.027514912187560858,0.3226659523797725,true,0.1750904322836667
naive,0.1,0.13200145973940855,0.17593106985883716,-0.029998301591077248,0.308588135411845,true,0.13929491691038387
naive,0.1,0.1285644747402363,0.05208364302028017,0.030203111475887306,0.364085350650309,true,0.19714423106309814
naive,0.1,0.09158973967358904,0.16095907139432114,-0.02586270963285145,0.3242632726022129,true,0.14920028148468073
naive,0.1,0.09854675666785288,0.0361806015322205,0.04025778890038495,0.33453572701506223,true,0.1873967579577236
naive,0.1,0.06803888020412667,0.028422784260916396,0.044719285603715825,0.3138878078567203,true,0.1793035467302181
naive,0.1,0.12022259352175123,0.06826457550263884,0.0163890193367299,0.3185989731506198,true,0.16749399624367486
naive,0.1,0.07784494802149217,0.10422028568003762,-0.002078831395935593,0.3377433147441823,true,0.16783224167412333
naive,0.1,0.10522942122652656,0.04435546783380037,0.03541165730514237,0.35382100723692467,true,0.1946163322710335
naive,0.1,0.10875832202492139,0.017966896625503263,0.07032837153917854,0.39101730964724807,true,0.2306728405932133
naive,0.1,0.12552387522450822,0.05162486700624843,0.03037034537187208,0.361860602119615,true,0.19611547374574356
naive,0.1,0.10030931213342573,0.028943194443066065,0.04809771693831846,0.3414342452336453,true,0.1947659810859819
naive,0.1,0.09900786613766664,0.30381444160670146,-0.05948301604154228,0.2578906020151874,true,0.09920379298682254
naive,0.1,0.06520559918176355,0.18999850097353804,-0.030091095285726704,0.26604936203779195,true,0.11797913337603261
naive,0.1,0.08693795525593385,0.03388159203649009,0.05070675784727388,0.4006896295063026,true,0.22569819367678826
naive,0.1,0.05563630756772803,0.008137490322515793,0.0936035192600228,0.4010835046652852,false,0.247343511962654
naive,0.1,0.07972367375944091,0.0045218202970985855,0.12066826349020945,0.4530200090908888,false,0.2868441362905491
naive,0.1,0.1304539898592417,0.19201066606706213,-0.0367220441335068,0.31837770341650384,true,0.14082782964149854
naive,0.1,0.13938456945022673,0.001067121973301615,0.16620557390184304,0.5021918367557814,false,0.33419870532881224
naive,0.1,0.12597426994424193,0.08240758872304259,-0.33691012806055165,-0.009168681452023014,false,-0.17303940475628732
naive,0.1,0.12274272046551002,0.1115388513192458,-0.0052251881105075115,0.31583510258026926,true,0.15530495723488089
naive,0.1,0.08091749458739408,0.0017744509539792618,0.14329816135639675,0.4616580495410689,false,0.3024781054487328
naive,0.1,0.07521682779177818,0.20162214999417766,-0.037887947516369036,0.30089125406186296,true,0.13150165327274696
naive,0.1,0.13977398586678566,0.04562631794891997,0.04007754552303311,0.4125371592200015,true,0.2263073523715173
naive,0.1,0.1214890864864295,0.01783834491076333,0.07442718838957471,0.41256093345704414,true,0.24349406092330944
naive,0.1,0.08424370902984117,0.10477917885438437,-0.3372727597431052,0.0023476920633370146,false,-0.1674625338398841
naive,0.1,0.06805781049784214,0.0054537855978845536,0.1020059247455316,0.39790212499167166,false,0.24995402486860163
naive,0.1,0.07738598948007305,0.49544694830185626,-0.0865035726167408,0.20894554640012042,true,0.06122098689168982
naive,0.1,0.08450524559901867,0.002438312558127564,0.15136228524748746,0.5106142998576497,false,0.3309882925525686
naive,0.1,0.10613503335084423,0.17788070453346522,-0.032472298584183795,0.3265474254342674,true,0.14703756342504182
naive,0.1,0.13413630559705977,0.0022206076836224693,0.1530018251761999,0.5089220878009257,false,0.3309619564885628
naive,0.1,0.11837494095523442,0.19179584678781827,-0.03687377731274266,0.3203556448574279,true,0.14174093377234262
naive,0.1,0.08914240043449764,0.1239087603765673,-0.010725330117947879,0.3212537370255095,true,0.1552642034537808
naive,0.1,0.1085829684429592,0.0645172186321784,0.01924519460113272,0.32999699754758655,true,0.17462109607435963
naive,0.1,0.11230385419793965,0.0022889826748066673,0.1445352689701665,0.4829370186174487,false,0.3137361437938076
naive,0.1,0.1034096341314632,0.2190511598347229,-0.04208390771269395,0.2908747657387023,true,0.12439542901300417
naive,0.1,0.060291934969750625,0.11135922361878857,-0.00464375380853102,0.2850136007903432,true,0.1401849234909061
naive,0.1,0.14316632727835532,0.08690685954606334,0.006167596202715286,0.3085861493348297,true,0.1573768727687725
naive,0.1,0.1274418799581967,0.05731557556752737,0.026031601649197766,0.3604926251179671,true,0.19326211338358243
naive,0.1,0.10918853902231733,0.02146859958920765,0.06682502254997086,0.4025598914983806,true,0.23469245702417574
naive,0.1,0.07995164540921368,0.02259761801809283,0.06434467945238809,0.39752547683732803,true,0.23093507814485806
naive,0.1,0.06341097561267994,0.0033191685087457143,0.1311735164798971,0.46525536694489517,false,0.29821444171239614
naive,0.1,0.06879528833233235,0.026187825558844847,-0.3706557201786199,-0.055437488951096375,false,-0.21304660456485813
naive,0.1,0.11128971179394723,0.0053035068848044835,0.12063756690097249,0.4678051752852239,false,0.2942213710930982
naive,0.1,0.07998888600231098,0.5352375701989027,-0.23110014717811284,0.10456901655591304,true,-0.0632655653110999
naive,0.1,0.08507807239220169,0.11743314416673625,-0.007910343074539833,0.32059877493031386,true,0.156344215927887
naive,0.1,0.12088304151989544,0.211605812084503,-0.03388135277965185,0.24780199944083356,true,0.10696032333059086
naive,0.1,0.12432711470773755,0.036352757321353964,0.04300816431061602,0.358746550266984,true,0.2008773572888
naive,0.1,0.09527866769827456,0.11521163589875276,-0.006926822634127472,0.32019622474665926,true,0.1566347010562659
naive,0.1,0.05960321440180094,0.19020711122477335,-0.03181327352775909,0.28069921602176684,true,0.12444297124700388
naive,0.1,0.132877201497773,0.006350612568152964,0.09495308038821382,0.38304799618358626,true,0.23900053828590004
naive,0.1,0.09504361533282335,0.09883454260140759,0.0005221208699917879,0.3031036317351101,true,0.15181287630255094
naive,0.1,0.13642211194426826,0.32894197273487547,-0.0667926217981826,0.2618434295656179,true,0.09752540388371767
naive,0.1,0.11101755641902554,0.18517882803949315,-0.03238307414028996,0.3006540302134552,true,0.13413547803658263
naive,0.1,0.09210873899915042,0.3649364430033804,-0.072371921265197,0.24985979845463258,true,0.08874393859471778
naive,0.1,0.12376089590211388,0.3098981176563212,-0.06064929984814302,0.25633958207812735,true,0.09784514111499215
naive,0.1,0.13715106327147578,0.0418636340907427,0.037948692522076694,0.3580354275850749,true,0.19799206005357578
naive,0.1,0.13114870718722668,0.2614759811015971,-0.05593417909709231,0.2966074528133094,true,0.12033663685810855
naive,0.1,0.09861391382604262,0.22642979825907153,-0.04080020762697463,0.2675782530284294,true,0.11338902270072738
naive,0.1,0.0875530205514283,0.13749901994439603,-0.32313339802346097,0.01648530658196476,false,-0.1533240457207481
naive,0.1,0.11542290182348958,0.1533124206733613,-0.0208805275938386,0.2957763978518305,true,0.13744793512899595
naive,0.1,0.10509390057866129,0.1760322775999479,-0.027263260014914747,0.2801189560411823,true,0.12642784801313378
naive,0.1,0.14282471082026302,0.29382029919730396,-0.06482533154306012,0.29354303453804936,true,0.11435885149749463
naive,0.1,0.1415396036208662,0.05702442997155381,0.028989024246017736,0.39823610631047446,true,0.2136125652782461
naive,0.1,0.1125024858765117,0.014815249011930862,0.0769019492109971,0.3963231329835867,true,0.23661254109729188
naive,0.1,0.12414143687839609,0.014973597628257817,0.09754518002226417,0.5046880327141077,true,0.30111660636818594
naive,0.1,0.1078953871696614,0.09520706342204387,0.0020931686575225428,0.2927114205465786,true,0.14740229460205057
naive,0.1,0.09575376523910382,0.03224865986939563,0.0498325040124713,0.38003828160908315,true,0.21493539281077723
naive,0.1,0.10757074065067983,0.12283574492595535,-0.010406941729583175,0.3256528571803024,true,0.1576229577253596
naive,0.1,0.1419635637346848,0.020384389822038548,0.07558398717769013,0.44431218066535516,true,0.25994808392152263
naive,0.1,0.15965911972258623,0.0241830785993887,0.06417480102535136,0.4106337391731034,true,0.2374042700992274
naive,0.1,0.09293791016365169,0.05755832425947452,0.024171237462868228,0.33698962433018176,true,0.180580430896525
naive,0.1,0.0886230166893285,0.03820185763523539,0.04500109940022365,0.3910285122273832,true,0.21801480581380342
naive,0.1,0.14433270861539538,0.16937702545669317,-0.02705985295219862,0.3018539871323076,true,0.13739706709005448
naive,0.1,0.06819854334138514,0.010233476032617322,0.09181424482795994,0.4190589580142605,false,0.25543660142111024
naive,0.1,0.09915604831319103,0.0374267255068593,0.040935569354874746,0.3496434435638851,true,0.19528950645937992
naive,0.1,0.07956956731874709,0.015283571795876612,0.07298561109169971,0.3805178836227453,true,0.2267517473572225
naive,0.1,0.08934604023058815,0.05398700698796103,0.02958166511792265,0.3745637294769458,true,0.2020726972974342
naive,0.1,0.11802172237561387,0.057664092006057356,0.02721750834072731,0.3805775133241033,true,0.20389751083241528
naive,0.1,0.07791749870702457,0.04599951207471186,0.03421517763170376,0.35531000891264186,true,0.1947625932721728
naive,0.1,0.03712666577331716,0.34708794154150435,-0.07081207441495954,0.25980202917539097,true,0.0944949773802157
naive,0.1,0.10040051612037607,0.21399430770058026,-0.041434485621743955,0.29747258375383046,true,0.12801904906604325
naive,0.1,0.08764205737954382,0.031045573388465905,0.053415625257105165,0.39686741608899745,true,0.22514152067305132
naive,0.1,0.06480283176556699,0.2010936725983712,-0.035385521267497305,0.28231171518696985,true,0.12346309695973626
naive,0.1,0.07114690434097094,0.040247739174034514,0.041925659852564356,0.3813505481266638,true,0.21163810398961408
naive,0.1,0.06383453358248256,0.4928023994310951,-0.09992495403777794,0.2428544884776644,true,0.07146476721994323
naive,0.1,0.14894448221322526,0.02955853036677383,0.05734069596906424,0.4125151708793353,true,0.2349279334241998
naive,0.1,0.09830782309350565,0.08885251132593712,0.0055681406871289085,0.3290375512244741,true,0.1673028459558015
naive,0.1,0.09449655364579644,0.030742857856528957,0.05587657799825252,0.4124358529519855,true,0.234156215475119
naive,0.1,0.07539817586481844,0.06977285067944415,0.018653256899782034,0.38276750430542383,true,0.20071038060260293
naive,0.1,0.10878468415002888,0.08938056140410938,-0.29826873411234744,-0.0048012264933887105,false,-0.15153498030286808
naive,0.1,0.08908671240039519,0.21317213124745843,-0.044664720986116235,0.3227034661659597,true,0.13901937258992172
naive,0.1,0.032399197831936774,0.0793430161318789,0.01115510165648731,0.3458072576380896,true,0.17848117964728846
naive,0.1,0.09824193707185597,0.4418059109737533,-0.09214524419398501,0.2540105911985762,true,0.0809326735022956
naive,0.1,0.09992612411209903,0.04976480523575834,0.036433536150199286,0.4143763811287364,true,0.22540495863946786
naive,0.1,0.06325461133726844,0.024821932030400246,0.0648648921492635,0.42091905428902054,false,0.24289197321914202
naive,0.1,0.11652199053309369,0.08648346050479057,0.007287514179898424,0.35276652853295315,true,0.1800270213564258
naive,0.1,0.13414360465789515,0.04415679112111328,0.0388416505028035,0.38630359835573413,true,0.2125726244292688
naive,0.1,0.11527657008528668,0.018321905728215737,0.06670274450703634,0.37394771210944355,true,0.22032522830823995
naive,0.1,0.08253054538001235,0.024245189521241578,0.05979121339880708,0.383108096103042,true,0.2214496547509245
naive,0.1,0.09022548689989118,0.0016600502373548837,0.1547068594808654,0.4939346803090834,false,0.3243207698949744
naive,0.1,0.13226932339078384,0.17626670675360848,-0.031148225178357886,0.3191547601535982,true,0.14400326748762016
naive,0.1,0.11410370518488701,0.04640595934431008,0.03509401967093995,0.3679648524748514,true,0.20152943607289567
naive,0.1,0.09335060729434103,0.04058181803729824,0.03920165695292446,0.3592671166036706,true,0.19923438677829755
naive,0.1,0.09993072122930327,0.006656502086893179,0.10382018007377272,0.4234017005781465,false,0.2636109403259596
naive,0.1,0.11219919855227892,0.05702734325358943,0.029235022776427644,0.4016477065850466,true,0.21544136468073713
naive,0.1,0.09715951363408976,0.04782788598741233,0.028661245561939608,0.3109234353644004,true,0.16979234046317002
naive,0.1,0.11603560712134596,0.022689796391721456,0.06396541389230892,0.3959934826791809,true,0.2299794482857449
naive,0.1,0.08995720854656312,0.07500125884716581,0.012963950715903338,0.3274672991523062,true,0.17021562493410478
naive,0.1,0.1415454983115236,0.1046338968595513,-0.002100759153376569,0.31115142231313175,true,0.15452533157987758
naive,0.1,0.037843375147389446,0.04194936898694601,0.03590434254557573,0.33940986641172005,true,0.1876571044786479
naive,0.1,0.09649263557405002,0.034850183393730694,0.044578790390683826,0.35979410316172655,true,0.20218644677620518
naive,0.1,0.06481666965726225,0.001205736955693122,0.176990969691769,0.5425720269842049,false,0.35978149833798695
naive,0.1,0.06555400050055066,0.12166808187141007,-0.3555955696673162,0.010808634774122833,false,-0.1723934674465967
naive,0.1,0.08293373901773508,0.017286797175405048,0.07359586081575026,0.402683677370484,true,0.23813976909311713
naive,0.1,0.13370440755249155,0.073503731523617,0.015600125626409361,0.3699295019870861,true,0.19276481380674773
naive,0.1,0.03951124047002685,0.24149756553815344,-0.32189781052481836,0.05413553649611505,true,-0.13388113701435167
naive,0.1,0.12123840219210165,0.018403262315418677,0.08003235524944224,0.44952677567360483,true,0.26477956546152354
naive,0.1,0.07034808255985944,0.0276054354119793,0.06055996602424085,0.41759657031507824,true,0.23907826816965955
naive,0.1,0.07333240848538378,0.003665073936560734,0.14176847095102735,0.5116790377962519,false,0.3267237543736396
naive,0.1,0.08465159368572796,0.3600408096257932,-0.07185848004391976,0.25216054813064454,true,0.09015103404336239
naive,0.1,0.09947344085449046,0.051244724391910676,0.030451394380162117,0.35936038853789454,true,0.19490589145902834
naive,0.1,0.09679486377088184,0.04208366362419765,0.03630468756286981,0.34424697405790355,true,0.19027583081038668
naive,0.1,0.10963224733651923,0.056434850373035965,0.02815982753670168,0.38065015572403016,true,0.20440499163036593
naive,0.1,0.0856471644942318,0.043770226586555376,0.03765928452361286,0.3712018205225992,true,0.20443055252310605
naive,0.1,0.0838481412021997,0.016039261702692747,0.0847258990365467,0.4499451707495148,false,0.26733553489303075
naive,0.1,0.09264667960256234,0.0011845209440372218,0.17915982097021138,0.548048290306556,false,0.36360405563838366
naive,0.1,0.0808780909139887,0.04778274081342731,0.03315479980484695,0.3592789465996862,true,0.19621687320226655
naive,0.1,0.10165620768792547,0.09819408617650265,0.0008494927787743856,0.31773839036942036,true,0.15929394157409738
naive,0.1,0.06434392225971541,0.0637129750019209,0.02098656991831188,0.35080006438424155,true,0.18589331715127672
naive,0.1,0.09245830102249822,0.1404363256705602,-0.01580701215172925,0.28884948522748816,true,0.13652123653787945
naive,0.1,0.09737181163514791,0.7955603012769423,-0.1366857151240161,0.18779841223781815,true,0.02555634855690102
naive,0.1,0.11981138565398566,0.013859538814463892,0.08947046356113258,0.45015781985730957,true,0.2698141417092211
naive,0.1,0.12951907186122216,0.03563413812999801,0.048102681453930846,0.3949579176721455,true,0.22153029956303816
naive,0.1,0.0579555555538321,0.3054165108475941,-0.06073130189676716,0.26152508197490637,true,0.10039689003906961
naive,0.1,0.13393553811403383,0.003908352252736539,0.13390265531058643,0.4889698007257155,true,0.31143622801815096
naive,0.1,0.11553107361449254,0.18707306677448277,-0.034318236218777526,0.31245278115011654,true,0.13906727246566952
naive,0.1,0.08878601004929026,0.03872652796819781,0.04206438163527029,0.36980135606833275,true,0.2059328688518015
naive,0.1,0.08439996645714941,0.2005521091450546,-0.04125191929830846,0.33067631111781737,true,0.14471219590975445
naive,0.1,0.1167202304688381,0.08135559634133954,0.010282730000791829,0.3553855972901827,true,0.18283416364548727
naive,0.1,0.16062129275719622,0.34820163576676244,-0.06905487890765975,0.2523654002355538,true,0.09165526066394704
naive,0.1,0.09706963122788966,0.06669643486712672,0.01647356808732886,0.30342190072095576,true,0.1599477344041423
naive,0.1,0.0844737898076027,0.17329057681121782,-0.02952114811085657,0.3134662037694591,true,0.14197252782930128
naive,0.1,0.09063228185317657,0.05875562272334003,0.024983372829011946,0.3602203290378897,true,0.1926018509334508
naive,0.1,0.06360719259488425,0.006238065169603947,0.09914862751941894,0.3983474876767353,false,0.2487480575980771
naive,0.1,0.08703269105852732,0.01824328849114598,0.07475154915381763,0.41830338046095183,true,0.24652746480738474
naive,0.1,0.10335274532480726,0.04387675637081856,0.03737359267932591,0.36929578515888417,true,0.20333468891910506
naive,0.1,0.10013433774774394,0.08067645789886518,0.009289936393781811,0.3091418112212567,true,0.15921587380751925
naive,0.1,0.079266685355729,0.00014983613625352247,0.21093015343328939,0.5342017948373751,false,0.3725659741353322
naive,0.1,0.09066071137253734,0.16652066054097772,-0.02509308024919335,0.2907225378173308,true,0.13281472878406872
naive,0.1,0.07748112006428451,0.03413167598974906,0.047661980617451805,0.3786890711491492,true,0.2131755258833005
naive,0.1,0.07619746146834724,0.0224815613052718,0.06242274271674764,0.3846565254254471,true,0.22353963407109737
naive,0.1,0.07403468292121307,0.09168490403328373,0.003532399471003478,0.28205326592549795,true,0.14279283269825072
naive,0.1,0.10837790476890545,0.030424336756552123,0.05077916600977542,0.37223167596397755,true,0.2115054209868765
naive,0.1,0.10185914671755075,0.2065184919453841,-0.03736329841480987,0.2846911725856508,true,0.12366393708542045
naive,0.1,0.1391015057166882,0.10570622379658727,-0.0025710517918910436,0.3100398036797894,true,0.15373437594394918
naive,0.1,0.05970195425463111,0.021741043385939893,0.0693351562915939,0.4202420563347842,false,0.24478860631318902
naive,0.1,0.10412771101413282,0.0974793702192789,0.0011709966418879392,0.3132250596044417,true,0.15719802812316483
naive,0.1,0.13746598089522058,0.020267804329937265,0.05954935347313858,0.34912828196673695,true,0.20433881771993778
naive,0.1,0.10924476102179041,0.10037854667055905,-0.00018625964016374952,0.3342010328359323,true,0.16700738659788425
naive,0.1,0.05616942475707705,0.049256874630782176,0.03337677058046298,0.3748919711392793,true,0.20413437085987116
naive,0.1,0.10783448230108346,0.1756446313149193,-0.027874115041594566,0.2877088477830658,true,0.12991736637073562
naive,0.1,0.12329524978405015,0.06455885298058991,0.020151296606207125,0.3459945841083813,true,0.1830729403572942
naive,0.1,0.06012340540737127,0.026414037337150864,0.058106263441894124,0.3904206905255641,true,0.22426347698372912
naive,0.1,0.12717497511040343,0.011542267239629795,0.09056681679052342,0.4287547612007057,true,0.25966078899561457
naive,0.1,0.13804365336822993,0.027905950257496228,0.058346434784550566,0.4049683193626846,true,0.23165737707361758
naive,0.1,0.10677730804518146,0.2652654106364972,-0.05807265120279832,0.3018261407827011,true,0.12187674478995138
naive,0.1,0.09721162399420258,0.05171075305144133,0.02647155513582622,0.3160936988008537,true,0.17128262696833996
naive,0.1,0.05204273655761324,0.15140999447951406,-0.020229544043026848,0.29624262724067724,true,0.1380065415988252
naive,0.1,0.09397081681967527,0.012565733380498987,0.07853516180316927,0.38213113354192485,true,0.23033314767254706
naive,0.1,0.0867234366079324,0.17198512514314027,-0.034902786235047584,0.37663724089904393,true,0.1708672273319982
naive,0.1,0.11518078528111914,0.01934995215133442,0.06858408144047395,0.39374999514660525,true,0.2311670382935396
naive,0.1,0.07275760662284254,0.048432614447343654,0.033692914762105536,0.3709004069505356,true,0.20229666085632056
naive,0.1,0.10956638940004657,0.16523232008265112,-0.02711840816003591,0.31978386729340547,true,0.14633272956668478
naive,0.1,0.10056702460505125,0.05931092620464378,0.02398748627003186,0.3513845189675714,true,0.1876860026188016
naive,0.1,0.12576495637667368,0.1310750278947129,-0.015287605905125207,0.357306040219475,true,0.17100921715717488
naive,0.1,0.10845140912015433,0.025751914385060765,0.06328113253313702,0.4190901639046618,true,0.24118564821889943
naive,0.1,0.13836450612714338,0.000018744563866520565,0.3285071867093451,0.7387166203949179,false,0.5336119035521315
naive,0.1,0.12415603311930772,0.08552403826369878,0.008426628402549846,0.37981117671379605,true,0.19411890255817293
naive,0.1,0.12329911765096513,0.00047169000751490036,0.19028384222636485,0.5283790442255984,false,0.35933144322598165
naive,0.1,0.09945893957447564,0.022195807794551083,0.06602425292756767,0.4042654768035623,true,0.23514486486556496
naive,0.1,0.12163035059618188,0.19286636475693714,-0.03325758872774745,0.2859878281468199,true,0.12636511970953623
naive,0.1,0.14165607058077553,0.002322276193480283,0.13041232942994388,0.4366938857596756,true,0.28355310759480973
naive,0.1,0.0900525659295592,0.041146229168693586,0.03971484042617407,0.36864297526105855,true,0.2041789078436163
naive,0.1,0.09018585725917397,0.0033349562000737306,0.13791898690755325,0.4895814541614306,false,0.3137502205344919
naive,0.1,0.10351404794004412,0.016833997763536175,0.07784500953282722,0.4213743013598601,true,0.24960965544634367
naive,0.1,0.08476016860223196,0.024391434233128676,0.059534190453322505,0.3826906931192452,true,0.22111244178628386
naive,0.1,0.06744293793438223,0.1756622659366588,-0.02839218830054796,0.2929950963068594,true,0.1323014540031557
naive,0.1,0.10408875524171003,0.009550712504223353,0.09895287438517875,0.44275847181803185,true,0.2708556731016053
naive,0.1,0.09672585239907296,0.037246398215397734,0.044233206175732454,0.3763065222292773,true,0.21026986420250487
naive,0.1,0.1301775869799322,0.07168676489115126,0.016344771671350067,0.3604726894064394,true,0.18840873053889473
naive,0.1,0.13006710126953827,0.10029242060357857,-0.000133667356741779,0.3104074576873421,true,0.15513689516530016
naive,0.1,0.11367181922394023,0.00610030774822481,0.12095880686102764,0.4835317830071346,false,0.30224529493408114
naive,0.1,0.12479175225939045,0.24663274723526,-0.04688889096218815,0.27031232370092695,true,0.11171171636936938
naive,0.1,0.036200043046066055,0.08936190524974096,0.0057131190556783396,0.3542776843616927,true,0.17999540170868553
naive,0.1,0.13439538151670719,0.011847388720321454,0.0874392899137369,0.4173869172329781,true,0.2524131035733575
naive,0.1,0.09756598338346191,0.028735645818148418,0.05536267303460826,0.39124122259592053,true,0.22330194781526438
naive,0.1,0.10212978287884866,0.07805057081796964,0.011426014685716385,0.33198830567115856,true,0.17170716017843746
naive,0.1,0.09235393359589839,0.002484583933541153,0.1680752412062632,0.5686365023290315,false,0.36835587176764734
naive,0.1,0.13054127956094833,0.2620907543271558,-0.04692790809317307,0.24803177573947202,true,0.10055193382314948
naive,0.1,0.12920753878582994,0.08490326729388771,0.007439961280523183,0.32096509446324084,true,0.164202527871882
naive,0.1,0.10169232014520398,0.0011739930430798178,0.16550082204640412,0.5057240186435741,false,0.3356124203449891
naive,0.1,0.09689923898952034,0.010970693686333558,0.08574144894678448,0.3995725499037989,true,0.2426569994252917
naive,0.1,0.08419357721798443,0.06374374641638997,0.02502743783966513,0.418749615351218,true,0.22188852659544156
naive,0.1,0.10327772210538384,0.13159077024294952,-0.012747290879198792,0.29335721957223126,true,0.14030496434651624
naive,0.1,0.13831134535332043,0.11890885266472721,-0.008390392803596713,0.3145007806549556,true,0.15305519392567946
naive,0.1,0.07269067422430726,0.49315652627159334,-0.08863633200175455,0.2152410789836601,true,0.06330237349095277
naive,0.1,0.11906669430551894,0.020339505717684246,0.07055110775834147,0.41430437970063005,true,0.24242774372948575
naive,0.1,0.12515894704488637,0.011165736900125964,0.09308061766118136,0.43612658490969414,true,0.26460360128543775
naive,0.1,0.10732706339133992,0.18984158632099568,-0.3187169499279898,0.03599225065332015,false,-0.14136234963733485
naive,0.1,0.1035195799617952,0.0641447373039794,0.02195587261577328,0.37203720157322906,true,0.19699653709450118
naive,0.1,0.1315483945673451,0.03189222849420409,0.04962904777085386,0.3755690706011518,true,0.21259905918600283
naive,0.1,0.09458531863373884,0.11246359937260243,-0.005865048352722085,0.3288900334352626,true,0.16151249254127023
naive,0.1,0.12372682534977643,0.009452416951906215,0.09036818089785617,0.40317153157063923,true,0.24676985623424771
naive,0.1,0.11169766470202473,0.20821959289335767,-0.04283970522255201,0.32190749660839013,true,0.13953389569291907
naive,0.1,0.11913991652974044,0.033522043166898684,0.04874605322735401,0.38219021331155967,true,0.21546813326945685
naive,0.1,0.08719319433146094,0.14411781807692056,-0.020609969397484718,0.3474192683853807,true,0.16340464949394798
naive,0.1,0.054679701815115465,0.13968231079121943,-0.017527765036458254,0.32594211407005597,true,0.15420717451679886
naive,0.1,0.0685232753746415,0.014032249870263623,0.07700351101757766,0.3891329768340188,false,0.23306824392579822
naive,0.1,0.1368465389073381,0.12078191803833208,-0.009911598682489614,0.3393650555796317,true,0.16472672844857103
naive,0.1,0.13143897869552276,0.3090432148729189,-0.2807280741231557,0.06618536600086752,false,-0.10727135406114408
naive,0.1,0.13278938990791797,0.2042227177743883,-0.03821195216421888,0.29678894565684755,true,0.12928849674631435
naive,0.1,0.12557888611319093,0.14860567279427472,-0.02244620562028965,0.3460616450842633,true,0.16180771973198682
naive,0.1,0.07196178040007413,0.13184179253172598,-0.01615074088314697,0.3689275470257264,true,0.1763884030712897
naive,0.1,0.08173805755299988,0.18355373814130227,-0.03417265565970257,0.32275388083996276,true,0.1442906125901301
naive,0.1,0.11700499114126627,0.1757267056587781,-0.031022598333234758,0.3198958573213829,true,0.1444366294940741
naive,0.1,0.08588848807908958,0.0733146531252561,0.014851446256833295,0.34945735243407494,true,0.1821543993454541
naive,0.1,0.08818255588696611,0.25501074237174925,-0.050424986073981284,0.2770255902286874,true,0.11330030207735305
naive,0.1,0.09215260601282566,0.1259004098156645,-0.011708399938773373,0.32502896179944196,true,0.1566602809303343
naive,0.1,0.0617025718743536,0.25645887767667136,-0.05499771228962905,0.2997229953127867,true,0.12236264151157883
naive,0.1,0.1272338631684088,0.026069417473861784,0.06011351866713835,0.4008824561734141,true,0.23049798742027622
naive,0.1,0.08313114572372522,0.06533101897585791,0.019815058322132678,0.3488156142389257,true,0.1843153362805292
naive,0.1,0.08586808074155788,0.0066639075162793675,0.09419847212661231,0.3842622365029394,false,0.23923035431477585
naive,0.1,0.08051605917656635,0.31803950139608483,-0.06321021129023169,0.2585044012134261,true,0.09764709496159721
naive,0.1,0.12382810824975984,0.08467787647124318,0.007683766948347159,0.32638987149761906,true,0.1670368192229831
naive,0.1,0.11411233917704301,0.043756247297493125,0.039259170367323376,0.38684645798856543,true,0.21305281417794442
naive,0.1,0.06632919624602358,0.01103931969657045,0.09758868449893937,0.45565124579897237,false,0.27661996514895587
naive,0.1,0.07732886799633075,0.14020921716577572,-0.015000537448791873,0.27554946443690553,true,0.13027446349405683
naive,0.1,0.1371269779198754,0.15674759986926032,-0.024295540600461907,0.3250916146350943,true,0.1503980370173162
naive,0.1,0.10963143631136547,0.041796436176604806,0.03922569910657789,0.36951782746784556,true,0.20437176328721174
naive,0.1,0.05750247482554743,0.09935364645763642,0.000287285796958886,0.3011149003856187,true,0.1507010930912888
naive,0.1,0.05416742958794506,0.015515051404784043,0.07725247919444972,0.40505654617704007,false,0.2411545126857449
naive,0.1,0.12427804705381018,0.024657343421663442,0.056638288065688575,0.36620959687279864,true,0.21142394246924362
naive,0.1,0.1772286646284104,0.05701940437356068,0.027460010296976284,0.37717914325560786,true,0.20231957677629206
naive,0.1,0.08100656293914765,0.0024261356179488816,0.14310344987127432,0.48238350329786606,false,0.3127434765845702
naive,0.1,0.1381868548753222,0.02034293777794123,0.07188124215295144,0.42214837490212,true,0.2470148085275357
naive,0.1,0.11320353962290024,0.033728442146158936,0.046977457834096126,0.369983374657817,true,0.20848041624595656
naive,0.1,0.15007700725904793,0.39614196386546924,-0.07580056685195795,0.23734119765143663,true,0.08077031539973935
naive,0.1,0.07217251660518179,0.010635189426257331,0.08963737591606108,0.41382147787197704,false,0.25172942689401906
naive,0.1,0.12788156210080964,0.015758202071336214,0.08051946343939417,0.4246988760704664,true,0.2526091697549303
naive,0.1,0.10237278363848788,0.03512838519176733,0.04920354858528503,0.39954479890204514,true,0.22437417374366508
naive,0.1,0.09856162340041,0.09037293462836658,0.004948918741438074,0.3400755451088946,true,0.17251223192516635
naive,0.1,0.07205637022664506,0.02183592471098048,0.06842766472068543,0.4156241088697521,true,0.24202588679521878
naive,0.1,0.0963678544212567,0.13391063802075182,-0.015413616888330428,0.3318986214159216,true,0.15824250226379558
naive,0.1,0.0749524973055025,0.41970726989522905,-0.07685610031673948,0.22488241575245235,true,0.07401315771785644
naive,0.1,0.09162176849876046,0.07573989381050225,0.013025225871877127,0.3398586162488516,true,0.17644192106036438
naive,0.1,0.15895307738142986,0.032974130663057405,0.050127497419446276,0.38836285742003046,true,0.21924517741973837
naive,0.1,0.07319362692903873,0.01118397850232509,0.09434822238748072,0.442288654220124,false,0.26831843830380236
naive,0.1,0.10183310520811693,0.08270077003844215,0.009877244045564976,0.3694253449880941,true,0.18965129451682955
naive,0.1,0.07470066381151677,0.027717299904477313,0.05393787189869054,0.37283851963907266,true,0.2133881957688816
naive,0.1,0.08481368317528593,0.018910399773353882,0.07040491008318114,0.4001297187300742,true,0.23526731440662768
naive,0.1,0.1469728750745752,0.11616787475649365,-0.007625442724656567,0.33233210800326085,true,0.16235333263930216
naive,0.1,0.1058939805099198,0.33076904220520875,-0.06209219154323266,0.24174373831857598,true,0.08982577338767166
naive,0.1,0.09870840913212767,0.015038218752321584,0.06953147233570534,0.3603236242179609,true,0.2149275482768331
naive,0.1,0.12492338608345262,0.14961219954972016,-0.021212221205314574,0.3209385456807482,true,0.1498631622377168
naive,0.1,0.1135083354864478,0.17458396689740371,-0.028824481081560716,0.301305542433265,true,0.13624053067585215
naive,0.1,0.08446856376629716,0.22845902526942263,-0.03921382340025663,0.2536292579924447,true,0.10720771729609403
naive,0.1,0.11019245981218827,0.0644565696325331,0.019300122037266942,0.3302979280248264,true,0.17479902503104666
naive,0.1,0.11269706177760505,0.006734034577564857,0.10434016440674984,0.4266802312562149,true,0.2655101978314824
naive,0.1,0.12879268975560937,0.15201678403727975,-0.02112287367076618,0.3060189935161931,true,0.14244805992271345
naive,0.1,0.07871630626531759,0.09291519595280848,0.0037386372666474155,0.35153318968083924,true,0.17763591347374333
naive,0.1,0.0778063171752108,0.037546291629889275,0.03876811493192556,0.3320076035446306,true,0.18538785923827808
naive,0.1,0.10275376963388515,0.04726122327199892,0.03729751848313953,0.39913358442353575,true,0.21821555145333763
naive,0.1,0.09748332395491496,0.059021405935602345,0.02247007686428537,0.32644205756544115,true,0.17445606721486326
naive,0.1,0.08697789985896272,0.019003930580957604,0.07373374546086603,0.4199546370970748,true,0.24684419127897042
naive,0.1,0.13410173176435117,0.002315562153440218,0.13668808702892488,0.45750926777984047,false,0.29709867740438267
naive,0.1,0.09300587418920826,0.0016030880368276949,0.1505423619453598,0.47840953010537407,false,0.31447594602536694
naive,0.1,0.09638234145617193,0.12870530276014608,-0.01238528517521903,0.31194122658406187,true,0.14977797070442142
naive,0.1,0.06665909531577963,0.13780524430585117,-0.017195381177631808,0.33450725067107395,true,0.15865593474672107
naive,0.1,0.06139709457857196,0.21973410493831855,-0.03855242785567427,0.2651369512260063,true,0.113292261685166
naive,0.1,0.08141305441841422,0.003690593743004161,0.1290980786843505,0.466529652554202,false,0.29781386561927625
naive,0.1,0.12452200410749396,0.2481188633255066,-0.047760150098211426,0.2729369615863994,true,0.112588405744094
naive,0.1,0.08065470086080251,0.03583122338494542,0.047905760510392276,0.39504564693137967,true,0.22147570372088599
naive,0.1,0.11649214540817442,0.16649665415561396,-0.026064725375468695,0.30207814901289975,true,0.13800671181871554
naive,0.1,0.0638058642994079,0.020879048531452945,0.06495675633716785,0.38614301777333293,false,0.2255498870552504
naive,0.1,0.12737946017216342,0.000038861495744858785,0.2750498350285102,0.6414840998547097,false,0.45826696744160994
naive,0.1,0.05841205813891258,0.059017091457415065,0.02379618030706876,0.345664957112972,true,0.1847305687100204
naive,0.1,0.1396242166235041,0.37561996537458514,-0.08576185379329902,0.2860222430704111,true,0.10013019463855603
naive,0.1,0.02635515078423266,0.020599591509387696,0.0655143454626183,0.387003255433719,false,0.22625880044816865
naive,0.1,0.11471995117158643,0.2135435417767667,-0.038954484381568746,0.28064013657596437,true,0.1208428260971978
naive,0.1,0.07081694300197468,0.024323154388167144,0.057625324581349474,0.36986437662130345,true,0.21374485060132645
naive,0.1,0.12286292145146355,0.015877511477587286,0.07510398044297514,0.3972858197357917,true,0.2361949000893834
naive,0.1,0.12786615155757355,0.020453587028057683,0.06285366901089293,0.37005919038450563,true,0.21645642969769927
naive,0.1,0.12118227269474668,0.06483883564750027,0.02190390767518194,0.3794841368682733,true,0.2006940222717276
naive,0.1,0.12038056935922364,0.05560506554621999,0.026349942925547265,0.3482772769345892,true,0.18731360993006824
naive,0.1,0.10728993740264486,0.1600156485834328,-0.023147551006175104,0.29435724777518907,true,0.13560484838450698
naive,0.1,0.041762265983058,0.13822470828042185,-0.017120045014072216,0.3296368451426707,true,0.15625840006429925
naive,0.1,0.08442398312169616,0.12992447409228206,-0.012612187687539217,0.30543444326564917,true,0.146411127789055
naive,0.1,0.09482413600820219,0.07526587476940545,0.014124279770811626,0.3609094462157545,true,0.18751686299328305
naive,0.1,0.1125448479812725,0.03345785784507079,0.050390504171426376,0.3945316182780758,true,0.2224610612247511
naive,0.1,0.08946840242439896,0.0004649388778330267,0.19980991450797245,0.5540953253031906,false,0.37695261990558154
naive,0.1,0.061021496631833455,0.036994302916366,0.041266888018691994,0.34912221476916555,true,0.19519455139392877
naive,0.1,0.07263118653099587,0.0016907610242089784,0.13039802749734808,0.41734995712870737,false,0.2738739923130277
naive,0.1,0.07486831569156657,0.422929175897722,-0.08458643172539373,0.24530489151400817,true,0.08035922989430722
naive,0.1,0.0519282091951121,0.0023162263054220494,0.14418395879240317,0.4826195496700758,false,0.3134017542312395
naive,0.1,0.1233961754526491,0.0011110997054531824,0.16086096895080632,0.4883441076156109,false,0.3246025382832086
naive,0.1,0.09900926257447956,0.17311683411055914,-0.028862587355100805,0.307126628299904,true,0.13913202047240159
naive,0.1,0.08466920972987822,0.12887544522376035,-0.010555938001867132,0.26438738077566515,true,0.12691572138689902
naive,0.1,0.12219245497096966,0.021571429965431637,0.0625216611573367,0.377506656138622,true,0.22001415864797935
naive,0.1,0.09126096578968568,0.12412223819803508,-0.01134316500487531,0.33689824219555925,true,0.16277753859534197
naive,0.1,0.13514515572856445,0.06600622348447244,0.01843863360697584,0.3318701621107831,true,0.17515439785887946
naive,0.1,0.07394031589253335,0.043047626789401015,0.03982681957971557,0.38607593579494554,true,0.21295137768733055
naive,0.1,0.12605511778568484,0.04864161998708304,0.03496570432626664,0.38687420963490193,true,0.2109199569805843
naive,0.1,0.06507897158841801,0.020496105069820005,0.06982068880358427,0.4114751169869143,false,0.2406479028952493
naive,0.1,0.11978589333614026,0.009749077515629022,0.09341708345968633,0.42043447476567974,true,0.25692577911268305
naive,0.1,0.06882044931011098,0.1800447652320163,-0.030154871661070032,0.29590964914311046,true,0.1328773887410202
naive,0.1,0.13306585082753228,0.03961761287182901,0.04523322841244845,0.40565567125042545,true,0.22544444983143697
naive,0.1,0.12862760647818083,0.0343904793172075,0.04978128024400444,0.3977678317950678,true,0.2237745560195361
naive,0.1,0.06166652473056474,0.007092662854979431,0.10649486718983855,0.44091082185087005,false,0.2737028445203543
naive,0.1,0.16425594474765992,0.0217293082881076,0.07170296192436737,0.4344791085545386,true,0.253091035239453
naive,0.1,0.10814591458485641,0.2514579188672746,-0.04423683250044419,0.24796208693001215,true,0.10186262721478398
naive,0.1,0.1397306207390148,0.030288302609606087,0.048497452798870355,0.3544590286365331,true,0.20147824071770173
naive,0.1,0.09123312199652842,0.17820496098782382,-0.02873598954724732,0.287903283672544,true,0.12958364706264833
naive,0.1,0.10732521264745752,0.0047989048004087285,0.11064980394175819,0.4203421498419696,false,0.2654959768918639
naive,0.1,0.15844718373846217,0.006959204706962092,0.10882547403366594,0.4485081295447727,true,0.2786668017892193
naive,0.1,0.11740374890467399,0.07728662135818057,0.013006179270013435,0.36429757765862814,true,0.18865187846432077
naive,0.1,0.09712649735852766,0.07566817633452114,0.013915925971929699,0.36194364936500883,true,0.18792978766846927
naive,0.1,0.13980974506598542,0.03740584446153533,0.047048060971068784,0.40166661084298916,true,0.22435733590702897
naive,0.1,0.06312497587398856,0.2590139644221624,-0.05138196996320872,0.2761169308996555,true,0.11236748046822338
naive,0.1,0.12435685958944194,0.01704387078572558,0.06965253655807604,0.3789176061830791,true,0.22428507137057757
naive,0.1,0.12382892851709153,0.008382295983707991,0.1047318047535627,0.4522517010497191,true,0.2784917529016409
naive,0.1,0.05171610196774621,0.00028698520437240373,0.22043253810213023,0.5863195022106379,false,0.4033760201563841
naive,0.1,0.08917380362504902,0.004815791416008002,0.10672252112035674,0.40570974229878565,false,0.2562161317095712
naive,0.1,0.08747067075993167,0.2971006378688838,-0.050842492048976465,0.2269087095986833,true,0.08803310877485342
naive,0.1,0.12773509586910517,0.11598333716129218,-0.007524554577640646,0.3315889190438386,true,0.16203218223309898
naive,0.1,0.10233761171595619,0.08468390532368858,0.007695013572400267,0.3270020888204001,true,0.16734855119640019
naive,0.1,0.13643861908462834,0.03740242939277607,0.043937339614650184,0.37508091076751987,true,0.20950912519108503
naive,0.1,0.07485955955329791,0.050902008504525795,-0.3348701899633816,-0.028621559192389567,false,-0.18174587457788557
naive,0.1,0.14210531766735332,0.17773476056669496,-0.033266127620208474,0.33509171544535304,true,0.15091279391257229
naive,0.1,0.09583436368628859,0.29016398182982683,-0.05795501140909429,0.26678988014590643,true,0.10441743436840609
naive,0.1,0.10936365682695674,0.013805197247255598,0.08693819360091598,0.4368128620555017,true,0.26187552782820883
naive,0.1,0.12207657330896383,0.004586898817164857,0.11929953888189587,0.44914139477607024,true,0.28422046682898305
naive,0.1,0.12009298241580482,0.2984155357357842,-0.05149330670264862,0.22849563475394896,true,0.08850116402565017
naive,0.1,0.1379881256317586,0.003950881481716029,0.12592880310648247,0.46077178635614713,true,0.2933502947313148
naive,0.1,0.0992845097366962,0.053160223509695105,0.029990899897023665,0.37165905030341917,true,0.2008249751002214
naive,0.1,0.10580238567054027,0.0740976775902909,0.014164765222034637,0.3442809941595439,true,0.17922287969078926
naive,0.1,0.09946053741638275,0.0007383051829751946,0.15837719299852848,0.45952584420938314,false,0.3089515186039558
naive,0.1,0.09954841089342063,0.2879906043441334,-0.054601699022143735,0.2538637055716173,true,0.09963100327473678
naive,0.1,0.1038989313305457,0.07804202166499558,0.010947714300746592,0.3179585445353915,true,0.16445312941806906
naive,0.1,0.07488135713930547,0.006005916926184231,0.10675290799336626,0.4252585931522773,false,0.2660057505728218
naive,0.1,0.11782697681916966,0.019283940792317905,0.06997244722751547,0.40111156350525423,true,0.23554200536638484
naive,0.1,0.10645114939955139,0.027997273438927044,0.06260863442954787,0.4354138976218632,true,0.24901126602570556
naive,0.1,0.08875071995042956,0.04792732165544114,0.03704777500082601,0.40286848549876814,true,0.21995813024979707
naive,0.1,0.13000065343606837,0.18574702728041834,-0.03137068192087494,0.28953802678583074,true,0.1290836724324779
naive,0.1,0.13209446940828157,0.08202002710352951,0.009778096207018694,0.3511451920688226,true,0.18046164413792065
naive,0.1,0.10802834323785208,0.0030418539224509856,0.15003032045743123,0.5243267803044803,false,0.3371785503809558
naive,0.1,0.08096434380129708,0.11870894275861604,-0.008156992948234743,0.3088886256812078,true,0.15036581636648652
naive,0.1,0.1040880853224475,0.12794116191746444,-0.013110858722364144,0.3387410263885676,true,0.16281508383310173
naive,0.1,0.08251638272773532,0.21354276125903876,-0.039713215832571286,0.286107995286065,true,0.12319738972674688
naive,0.1,0.13667995855716206,0.0023539446572235054,0.1388938882259685,0.4660467392258405,false,0.3024703137259045
naive,0.1,0.12758151541918358,0.02311614620305478,0.06468295296261392,0.404244031317886,true,0.23446349214024997
naive,0.1,0.11654677535151349,0.11474714308708674,-0.006824928522953022,0.3250927768049801,true,0.15913392414101354
naive,0.1,0.10896405067792846,0.004427519070706071,0.12147491104276525,0.45417713106497576,false,0.2878260210538705
naive,0.1,0.11582497454133643,0.10078360522563257,-0.0004409306887732112,0.38257897120256756,true,0.19106902025689718
naive,0.1,0.11688546783506187,0.1815156571576896,-0.030164782205691604,0.29123782359259187,true,0.13053652069345012
naive,0.1,0.09896245948247512,0.03820847878874521,0.03547584220958183,0.3083059345477626,true,0.17189088837867222
naive,0.1,0.0881149446335222,0.011271865058420776,0.08720395148229121,0.40978892657243143,true,0.24849643902736132
naive,0.1,0.1468030978275236,0.11483949782547866,-0.00728584512919167,0.34495755165923503,true,0.16883585326502168
naive,0.1,0.10506554861819764,0.2068747623844166,-0.03902402421182921,0.2964740178006531,true,0.12872499679441193
naive,0.1,0.11809076541714092,0.054312379403703155,0.029056334461086852,0.37106916364035913,true,0.200062749050723
naive,0.1,0.12038320420007477,0.013087947941779119,0.08278266115819777,0.4083371278954476,true,0.2455598945268227
naive,0.1,0.11416126033246811,0.03185448634539053,0.051400826278696965,0.3886585412250901,true,0.22002968375189352
naive,0.1,0.11488131570731712,0.1600655141884501,-0.024420514075354505,0.3103109366860294,true,0.14294521130533744
naive,0.1,0.08266818027912319,0.03152222463623537,0.052799679077610184,0.39636768406842204,true,0.22458368157301611
naive,0.1,0.04839747313939452,0.013447244308727516,0.08966307434127962,0.44639850001584136,false,0.2680307871785605
naive,0.1,0.10361106734581636,0.010875605260047796,0.09429031300139792,0.4382487351673098,true,0.26626952408435384
naive,0.1,0.0608484003278506,0.026332162653495646,0.053550847106096144,0.3591706816267268,true,0.20636076436641146
naive,0.1,0.11912827790192176,0.13101901287567078,-0.01310375718135992,0.30678478753078575,true,0.14684051517471292
naive,0.1,0.1424887576789956,0.011513651781106206,0.09793069887706318,0.46325471919183214,true,0.28059270903444766
naive,0.1,0.15517811953140773,0.044334264666771296,0.03478548730201306,0.3473930779375486,true,0.19108928261978084
naive,0.1,0.07348169914864822,0.08106547848455277,0.010520960129613843,0.357728764132391,true,0.18412486213100243
naive,0.1,0.06976104617679388,0.04584231889194885,0.033885063015461125,0.3505769116721079,true,0.19223098734378452
naive,0.1,0.13879917378248513,0.11731856966502853,-0.008090624385604928,0.3299937950451009,true,0.160951585329748
naive,0.1,0.08800898001273866,0.10612004117120914,-0.002924220384245446,0.3291075908805548,true,0.16309168524815468
naive,0.1,0.12972487622461173,0.036896469334142944,0.04483519617342879,0.37849264760939116,true,0.21166392189140998
naive,0.1,0.12651110291000467,0.004421051261616611,0.13408605237573254,0.5011860979363716,false,0.3176360751560521
naive,0.1,0.11338033421716973,0.06587883365095508,0.017456670345944086,0.3128745233316408,true,0.16516559683879242
naive,0.1,0.07789642757745328,0.004108757010820158,0.12378444355837939,0.456249190507769,false,0.2900168170330742
naive,0.1,0.12348489926247153,0.09704338566261662,0.0016058329659024984,0.36578554895208937,true,0.18369569095899593
naive,0.1,0.0945589964341685,0.14592246093591774,-0.0184369162106659,0.29949994795917,true,0.14053151587425206
naive,0.1,0.10934709719051883,0.061284409778889444,0.023373586385515316,0.3627274856748747,true,0.19305053603019498
naive,0.1,0.1144213513577636,0.3495932004766432,-0.07150643390194776,0.2600559733266449,true,0.09427476971234856
naive,0.1,0.07130093180586503,0.30127367293124635,-0.06335198695003676,0.27766129451841337,true,0.1071546537841883
naive,0.1,0.1153298230367395,0.338369571080436,-0.06827911345562016,0.2584565148163687,true,0.09508870068037428
naive,0.1,0.10305441615342807,0.0018247224517438554,0.1408072240580084,0.4553806133237869,false,0.29809391869089763
naive,0.1,0.1148676837141268,0.1344372903329698,-0.014613731631342303,0.3101665698661288,true,0.14777641911739323
naive,0.1,0.07276535657606199,0.05218068606678939,0.029950012969644363,0.361928682027543,true,0.19593934749859368
naive,0.1,0.16348201828114156,0.0844133788677844,0.008077384564845885,0.33702379644156044,true,0.17255059050320318
naive,0.1,0.14313050500252802,0.012696943422989285,0.08486089567675023,0.41433801589275454,true,0.2495994557847524
naive,0.1,0.10042184752313883,0.07474073799498393,0.014177871757956206,0.3541310119688553,true,0.18415444186340577
naive,0.1,0.1364832142804509,0.006006964548935143,0.10557306302148858,0.42057492856007284,true,0.2630739957907807
naive,0.1,0.06992673605610289,0.005496186353698701,0.11500375210509378,0.4493456696237779,false,0.28217471086443585
naive,0.1,0.11580002301279406,0.08380333973969996,0.008330293912850506,0.33387919461253635,true,0.17110474426269343
naive,0.1,0.10818531613641853,0.04598573138295542,0.03575070605718522,0.3711348169406533,true,0.20344276149891927
naive,0.1,0.09001924048589877,0.15658698658316422,-0.023112851415494823,0.3100657871379743,true,0.14347646786123971
naive,0.1,0.1253657866933394,0.020208065523058313,0.06584514082983872,0.38551533076796696,true,0.22568023579890284
naive,0.1,0.07590514394699713,0.0016782486378989034,0.16161873778176816,0.5167576655933831,false,0.33918820168757563
naive,0.1,0.10935543124240779,0.2701681422029545,-0.04823917594218026,0.2444556736489229,true,0.09810824885337131
naive,0.1,0.08668152417707915,0.030337551538373163,0.05288230157154883,0.38691992604385045,true,0.21990111380769964
naive,0.1,0.06789548193109383,0.07653526733043996,0.01327502264740607,0.3590483008962584,true,0.18616166177183224
naive,0.1,0.08862502506604761,0.048120264237351856,0.03651716550071657,0.3989560023706038,true,0.21773658393566017
naive,0.1,0.07799412245516434,0.054474280841304006,0.03231099685818223,0.4143981946901808,true,0.2233545957741815
naive,0.1,0.1273779864744945,0.22367183430968882,-0.041837638198397156,0.2797126141373681,true,0.11893748796948546
naive,0.1,0.08220715434295607,0.11662298677180206,-0.007952250338169348,0.33741769693380874,true,0.16473272329781968
naive,0.1,0.06439699020254346,0.06457099778187882,0.01925534829786743,0.33073988778926,true,0.1749976180435637
naive,0.1,0.11151763085801207,0.0050633400484004654,0.11068520502219992,0.4250922634053709,true,0.2678887342137854
naive,0.1,0.12672346102746213,0.03199679398761111,0.0519628738544789,0.39412391216723835,true,0.22304339301085863
naive,0.1,0.05196178172217556,0.08454089882357879,0.008053689673421988,0.338934924977938,true,0.17349430732567997
naive,0.1,0.12291621890038616,0.07059011233169923,0.01651667587053096,0.3493465021376114,true,0.1829315890040712
naive,0.1,0.09189059090900045,0.08682219509821895,0.006281032346184295,0.3121665236325092,true,0.15922377798934673
naive,0.1,0.09467629065138548,0.07431108710441411,0.014137624219560663,0.3467232344289636,true,0.18043042932426212
naive,0.1,0.13096730869020945,0.08472282536981565,0.007527964541359566,0.32075511635390785,true,0.1641415404476337
naive,0.1,0.07636311615140741,0.00822781690078138,0.10480172262102308,0.4503559972524952,false,0.2775788599367591
naive,0.1,0.08965704537448214,0.240453806359858,-0.04874575585275233,0.2917195136562721,true,0.12148687890175987
naive,0.1,0.06284947856295221,0.0299375411085824,0.056127455069187926,0.40711811945181714,true,0.23162278726050253
naive,0.1,0.11299802388166347,0.11389634287123489,-0.006304307245720425,0.31808379709208945,true,0.1558897449231845
naive,0.1,0.11088202755373333,0.054984807638355865,0.02815470707735751,0.3660107505872869,true,0.1970827288323222
naive,0.1,0.04735115566048305,0.03730744218108335,0.04528082658100255,0.3857389928269199,true,0.21550990970396122
naive,0.1,0.10205558938694578,0.10643210786277098,-0.0029666233317234836,0.3179156654334614,true,0.15747452105086895
naive,0.1,0.09223978372045818,0.012519653163386052,0.07775391120584874,0.37787025279734704,true,0.2278120820015979
naive,0.1,0.10089779557064568,0.07759926121708988,0.010853538369674148,0.30855563488599935,true,0.15970458662783674
naive,0.1,0.08957934114219653,0.054490412052256035,0.02862896192642364,0.3673313754006292,true,0.1979801686635264
naive,0.1,0.07685658186403448,0.11573938306263602,-0.0077071862748070985,0.3447188449690743,true,0.1685058293471336
naive,0.1,0.10039575074619704,0.04531314873928056,0.0387308152466056,0.39574788218137036,true,0.21723934871398798
naive,0.1,0.09969017272064275,0.09675025162198067,0.001453655531639425,0.3010250191628514,true,0.15123933734724543
naive,0.1,0.11834526356798597,0.09755761367840324,0.0010783006758110503,0.29773025837350725,true,0.14940427952465915
naive,0.1,0.12925698410062464,0.08650960809061817,0.006348293008217043,0.3079205887657511,true,0.15713444088698408
naive,0.1,0.07236993074508481,0.0912992800933765,0.0043587419975260056,0.3322580263926292,true,0.1683083841950776
naive,0.1,0.121509527194551,0.19950255283672524,-0.03367497698212385,0.2724478684251482,true,0.11938644572151216
naive,0.1,0.06702203214635398,0.4008490694742907,-0.08012830572512596,0.24742606489258495,true,0.0836488795837295
naive,0.1,0.11533958744885328,0.07461157952768806,0.01313279600847847,0.3262185547743427,true,0.1696756753914106
naive,0.1,0.09780821950921952,0.18009151178792232,-0.03149843150858844,0.308932986396477,true,0.13871727744394427
naive,0.1,0.11383496219844516,0.013522397005009843,0.07535302079476422,0.3758786119887514,true,0.2256158163917578
naive,0.1,0.10016486637430054,0.11199703114816828,-0.005594822286175499,0.3255975896542732,true,0.16000138368404884
naive,0.1,0.0951595760995284,0.11969135188731322,-0.010372231886458527,0.3739527021944165,true,0.181790235153979
naive,0.1,0.14668358935711437,0.1003793551195419,-0.00020293353021783034,0.3633433358150672,true,0.1815702011424247
naive,0.1,0.08336814982960014,0.19772408979777198,-0.03907954749769288,0.32124441598376025,true,0.14108243424303368
naive,0.1,0.11288680838539897,0.058923605226281796,0.023958144467862125,0.3470917368801505,true,0.18552494067400632
naive,0.1,0.10144686054564027,0.0018250536444585277,0.15445761119636445,0.4995394769470656,false,0.326998544071715
naive,0.1,0.08792147135794937,0.2118141024286214,-0.0378137796153923,0.27611131514652354,true,0.11914876776556561
naive,0.1,0.11676853608886104,0.0031472716046051,0.13813376704708435,0.4855170955347341,false,0.3118254312909092
naive,0.1,0.10594305844477067,0.0013744519144236612,0.154657412334285,0.48182255774891525,false,0.3182399850416001
naive,0.1,0.0930632383268844,0.08895171660745949,0.0053684115304571955,0.3201730089227982,true,0.1627707102266277
naive,0.1,0.07788574480081586,0.015683932797228007,0.07727648683348717,0.4068570315227146,true,0.2420667591781009
naive,0.1,0.09456843856601307,0.006827579077888533,0.1061489853245157,0.4354933859424224,false,0.270821185633469
naive,0.1,0.07579516146079007,0.2603279598485742,-0.05069942462098613,0.27051451877032545,true,0.10990754707466967
naive,0.1,0.08944268180596839,0.14578250704365892,-0.018472582331542975,0.3009249194757522,true,0.1412261685721046
naive,0.1,0.10462102071259767,0.04541459271069079,0.0327617114261356,0.33555522251218023,true,0.1841584669691579
naive,0.1,0.09328167666046851,0.047511597222780956,0.03754654228056964,0.4042214274764926,true,0.22088398487853111
naive,0.1,0.09762006649904316,0.017479565218110813,0.07176311897969531,0.3944489788276965,true,0.23310604890369588
naive,0.1,0.10850839544885227,0.010204552828467993,0.09665525826539062,0.44078856017820994,true,0.2687219092218003
naive,0.1,0.08826096838205368,0.04760966054768489,0.03765740451319155,0.40637261586301604,true,0.2220150101881038
naive,0.1,0.10321139990815131,0.01999091420250274,0.06642718379690787,0.38700411552705977,true,0.22671564966198382
naive,0.1,0.0754929085749705,0.04844666411802052,0.03482767835748052,0.38352312634147445,true,0.20917540234947749
naive,0.1,0.11039381197511282,0.2699155549039534,-0.04481821296644134,0.22741171825780782,true,0.09129675264568324
naive,0.1,0.07544570006451631,0.2578970094266046,-0.05550031733124315,0.30007442999181766,true,0.12228705633028726
naive,0.1,0.12595260457528518,0.013493994526411361,0.07950162612060951,0.39628397536913096,true,0.23789280074487024
naive,0.1,0.09674903702283291,0.0001624950070283383,0.18915087690022858,0.48179594030767836,false,0.33547340860395347
naive,0.1,0.06554388330518103,0.029555159791088626,0.0521460362789595,0.37511681660024376,true,0.21363142643960165
naive,0.1,0.06643815091201935,0.09037942157102184,0.004649107930971286,0.31969456984360817,true,0.16217183888728973
naive,0.1,0.11310583208249578,0.38990525281746313,-0.07792266992271926,0.24860183456922721,true,0.08533958232325398
naive,0.1,0.15076547720190075,0.0021408730346374645,0.15129913309072543,0.5005571238004707,false,0.32592812844559804
naive,0.1,0.11944220308467725,0.041570374717948895,0.04202712252555213,0.3938778426737852,true,0.21795248259966865
naive,0.1,0.06843596973111163,0.0012848908822404948,0.16487301231071955,0.5093575985675418,false,0.33711530543913065
naive,0.1,0.03203857825347319,0.18249129929239827,-0.343347320975694,0.035941084590233374,true,-0.1537031181927303
naive,0.1,0.078386750965173,0.0012554241681029168,0.14418157510724555,0.4441673182955644,false,0.29417444670140497
naive,0.1,0.10076374342242962,0.07447911131800751,0.013257768070105563,0.32746903964151997,true,0.17036340385581275
naive,0.1,0.13397952484778092,0.00003550213965092786,0.23476814198342102,0.5449233454832979,false,0.38984574373335945
naive,0.1,0.1366006954491386,0.07676897035511408,0.0122888992851925,0.33597498982618673,true,0.17413194455568962
naive,0.1,0.12060932582913102,0.22853068433312657,-0.048563734364258315,0.3139504936795476,true,0.13269337965764463
naive,0.1,0.04840272552456059,0.09451157282388069,0.002791756527543432,0.3403042060950036,true,0.17154798131127352
naive,0.1,0.08833039761883096,0.0076636919664129785,0.10333085709436424,0.43604440976222697,false,0.2696876334282956
naive,0.1,0.10694671318752988,0.08238136086586187,0.008049097005716016,0.29530638469516757,true,0.15167774085044178
naive,0.1,0.09105433015042033,0.20312466918822794,-0.03493079564069505,0.2738448057822649,true,0.11945700507078492
naive,0.1,0.08059833632508119,0.046121462687694674,0.03144983373941912,0.3275372258821161,true,0.1794935298107676
naive,0.1,0.10998514901939117,0.05264613309720364,0.026980589165002677,0.3299525241845901,true,0.17846655667479638
naive,0.1,0.10556548863603997,0.2798014025995924,-0.054274713088111756,0.2622501957193856,true,0.10398774131563694
naive,0.1,0.1108588592579067,0.015552584636644358,0.07227636958680994,0.37931340402581676,true,0.22579488680631335
naive,0.1,0.08874877701457592,0.013654623453782712,0.0819396053538973,0.4101199233638815,true,0.2460297643588894
naive,0.1,0.1313958334536823,0.004216521232655084,0.10719820111044884,0.39705482808850723,true,0.25212651459947805
naive,0.1,0.1303023684631416,0.04881351140988433,0.034829337320693876,0.386984342024607,true,0.21090683967265045
naive,0.1,0.08554019564432001,0.07799979335615956,0.012293156246939413,0.35630140281025946,true,0.18429727952859942
naive,0.1,0.09670180707555776,0.05783340721847991,0.024710337253969705,0.3471545424309691,true,0.1859324398424694
naive,0.1,0.12207302623016567,0.0316363961390405,0.05237879692677555,0.3941833293796775,true,0.22328106315322652
naive,0.1,0.13917987530721548,0.1466719295286924,-0.019522796366590017,0.31244412803579424,true,0.1464606658346021
naive,0.1,0.09021003777393907,0.4246732863479727,-0.22212858780787503,0.07696275603598614,false,-0.07258291588594444
naive,0.1,0.08251093829127466,0.14246532558067293,-0.017919824720095734,0.31292770023779864,true,0.14750393775885146
naive,0.1,0.16411904486227552,0.07793798101773185,0.010577521161997644,0.3056566480532479,true,0.15811708460762278
naive,0.1,0.08663519135149077,0.19928054621625035,-0.036292822838544486,0.2942065236264224,true,0.12895685039393895
naive,0.1,0.07467445231904628,0.02013474101992711,0.07096410146325921,0.414793411170705,true,0.2428787563169821
naive,0.1,0.09538031904578528,0.23153936049219287,-0.31411196783677486,0.04957797014591095,false,-0.13226699884543197
naive,0.1,0.08437681924636832,0.0001298465975456736,0.21859310686198583,0.5481722488698427,false,0.3833826778659143
naive,0.1,0.08882067630721037,0.036689801588753866,0.04770367395927949,0.4008773207018974,true,0.22429049733058845
naive,0.1,0.15626216337516552,0.07040997283847963,0.014933109515367388,0.3137312173216311,true,0.16433216341849927
naive,0.1,0.10769226400487829,0.010329867145382017,0.09100638339746259,0.4165184940162584,true,0.2537624387068605
naive,0.1,0.09860460682263443,0.20523918812157477,-0.03372729808388561,0.2597304945047435,true,0.11300159821042896
naive,0.1,0.10514693060763393,0.002119467681636138,0.1401120177827767,0.46286631129211,false,0.30148916453744334
naive,0.1,0.10499079261385943,0.428709051560221,-0.08381092077820237,0.2392461831658033,true,0.07771763119380046
naive,0.1,0.06612632766426983,0.05531863614185297,0.025571943993589974,0.3354085769477434,true,0.18049026047066669
naive,0.1,0.1012367611963949,0.10713539830641633,-0.0036920330958672143,0.3572477584570901,true,0.17677786268061146
naive,0.1,0.047399846737909,0.0076180447031329096,0.10175142571297352,0.4287369125117036,false,0.26524416911233856
naive,0.1,0.08546173828177181,0.11713119339653016,-0.0077867907016725135,0.32094619444853023,true,0.15657970187342884
naive,0.1,0.15754165027742886,0.00043112738219401944,0.1977782985555358,0.5447076056717022,false,0.371242952113619
naive,0.1,0.09529883951866616,0.023616346651224664,0.05069909947414186,0.3203772101889739,true,0.1855381548315579
naive,0.1,0.1355017257092885,0.17092157466082178,-0.028850246370317745,0.3155152775351835,true,0.14333251558243287
naive,0.1,0.1452638886362328,0.23643577908909408,-0.04475422151260759,0.2746746565801396,true,0.11496021753376602
naive,0.1,0.11977184524299996,0.0003898698016439895,0.20323983984441757,0.5547654102838147,false,0.37900262506411614
naive,0.1,0.10266952318954639,0.043421074240317235,0.041293371152066466,0.40375121217628285,true,0.22252229166417467
naive,0.1,0.12512498294647226,0.36826040316816755,-0.07570385392884312,0.2585302759810519,true,0.09141321102610438
naive,0.1,0.15462141228546983,0.007633677635594086,0.1040136521218713,0.43849399383260934,true,0.2712538229772403
naive,0.1,0.13064407554685148,0.06536324490507034,0.01935034876890579,0.34099329663665134,true,0.18017182270277857
naive,0.1,0.1393839420110942,0.008043757645877078,0.0990207700790239,0.4230289233728627,true,0.2610248467259433
naive,0.1,0.09300760779682196,0.007197077783784772,0.10424943291351707,0.4331453671906106,false,0.26869740005206383
naive,0.1,0.055052747812844714,0.12252829152464177,-0.00973186656248523,0.3084904594417549,true,0.14937929643963485
naive,0.1,0.13384325454516996,0.007233181197649978,0.10513301244823425,0.4373490960514378,true,0.271241054249836
naive,0.1,0.07525679634990853,0.015964419009752377,0.0798331665025507,0.4231938119530667,false,0.2515134892278087
naive,0.1,0.08841246638610814,0.12893749370052035,-0.01351609965882239,0.3378433715048697,true,0.16216363592302366
naive,0.1,0.04585762279948889,0.002360102207675577,0.14755333792934597,0.49529863356483883,false,0.3214259857470924
naive,0.1,0.17046129220522105,0.161701292874077,-0.02651362989375225,0.3287971867622629,true,0.1511417784342553
naive,0.1,0.10714306031021488,0.027431775303860293,0.055419164340036714,0.3807079402238702,true,0.21806355228195345
naive,0.1,0.08635791677254041,0.02431109274762483,0.06141991978409003,0.3941151279603683,true,0.22776752387222918
naive,0.1,0.09344789713816308,0.16267775397514161,-0.026502400458060904,0.32401653840470523,true,0.14875706897332217
naive,0.1,0.11433297668718487,0.08829741022227451,0.005839092169779403,0.3281661995364515,true,0.16700264585311544
naive,0.1,0.07074972825311357,0.008810941834981162,0.08415698543886097,0.3682677881340014,false,0.22621238678643119
naive,0.1,0.10407420545890382,0.012601938047789925,0.07782793962757464,0.3790513040059277,true,0.22843962181675115
naive,0.1,0.0851112163311413,0.21353313962929082,-0.04041507819918069,0.29118607614888004,true,0.12538549897484966
naive,0.1,0.16190945915338906,0.0014682716017856959,0.16594115784480146,0.521336707158169,false,0.34363893250148525
naive,0.1,0.1021857308194429,0.03487573601061653,0.044371796601910984,0.3583236293531042,true,0.2013477129775076
naive,0.1,0.12335612143405633,0.004292633433900742,0.11584797774659114,0.4305611589130146,true,0.2732045683298029
naive,0.1,0.09395449036771385,0.0545909178258659,0.028210385654004355,0.36292315727354024,true,0.1955667714637723
naive,0.1,0.12769173247904264,0.006233522052085385,0.10969027749384619,0.44062766802177833,true,0.27515897275781226
naive,0.1,0.0944006621014969,0.017964739520157612,0.07013886351526546,0.38994396513230445,true,0.23004141432378494
naive,0.1,0.10929309244014035,0.29552177691443665,-0.05654327758812991,0.25411234275755556,true,0.09878453258471281
naive,0.1,0.09066106850492,0.0058541495737201065,0.10712187444879703,0.424316923049174,false,0.26571939874898554
naive,0.1,0.04119724654607428,0.024396340599212637,0.05718803925098717,0.3676491103794005,false,0.21241857481519383
naive,0.1,0.09809857984099564,0.026876359309018008,0.05602796356596279,0.38026738990145453,true,0.21814767673370866
naive,0.1,0.11044911863337756,0.11641099908953863,-0.007501000972605504,0.322234868117489,true,0.15736693357244178
naive,0.1,0.09045355811502838,0.11794431651313561,-0.007833045408895373,0.30875916959700556,true,0.1504630620940551
naive,0.1,0.08556202953185499,0.29456254039761226,-0.06603980413321177,0.29805572992984514,true,0.11600796289831668
naive,0.1,0.09321617350979093,0.01162824853538457,0.08658596125308696,0.410869078570811,true,0.24872751991194897
naive,0.1,0.07149327555007019,0.01879867525894218,0.07762943967704161,0.44005002985254815,false,0.2588397347647949
naive,0.1,0.08013167768940208,0.3198557457956754,-0.06528896360571429,0.26509377956112035,true,0.09990240797770303
naive,0.1,0.08210237216241952,0.03536123040555873,0.044128972231476354,0.3601698233474907,true,0.20214939778948354
naive,0.1,0.12304284623988357,0.23669126535948096,-0.04152459838589867,0.2544389106697539,true,0.1064571561419276
naive,0.1,0.0915779170408618,0.01942540867558515,0.0668144621195953,0.3842558356266338,true,0.22553514887311454
naive,0.1,0.08958774962363204,0.0018737584102918267,0.14801493134751448,0.4804575574252062,false,0.31423624438636033
naive,0.1,0.1101747696263724,0.3236561023754399,-0.06545961141316148,0.26186847501884086,true,0.09820443180283969
naive,0.1,0.11272353949718693,0.0012275243016996687,0.15954876038121532,0.4901637740997836,false,0.3248562672404995
naive,0.1,0.08190351157770971,0.1827759908435314,-0.03076102096213562,0.29296134058166334,true,0.13110015980976386
naive,0.1,0.08056577931248433,0.01934985405996508,0.06721150854957433,0.38586900853094674,true,0.22654025854026053
naive,0.1,0.13664385488625877,0.21683019294438077,-0.0385606948699424,0.27094896440423827,true,0.11619413476714793
naive,0.1,0.1460250800380755,0.04511516707025571,0.03703223121587587,0.3766378921564466,true,0.20683506168616123
naive,0.1,0.08818606199648824,0.008018781725480451,0.09571922295589788,0.40859740974435566,false,0.25215831635012675
naive,0.1,0.10864641931484535,0.12898349023648728,-0.013516875875376921,0.3373567189130424,true,0.16191992151883275
naive,0.1,0.09766914114952667,0.048664850683753355,0.03152766161490028,0.349031883328552,true,0.19027977247172614
naive,0.1,0.08758400139539965,0.021315778361847205,0.07293580751220127,0.437865017254774,true,0.25540041238348765
naive,0.1,0.0638059509479263,0.0015176658750195116,0.16689554082034624,0.5265826983434421,false,0.3467391195818942
naive,0.1,0.07769466724297594,0.09435897873577621,0.002905787124071052,0.34448282422840415,true,0.1736943056762376
naive,0.1,0.13072972070727584,0.003316517362685242,0.12039985676218704,0.4269837774594044,true,0.2736918171107957
naive,0.1,0.13528125510166075,9.214418700151968e-6,0.3079057258614248,0.6709622173668397,false,0.4894339716141322
naive,0.1,0.14010760057228291,0.1173782279864262,-0.007496172150703889,0.3047370693718676,true,0.14862044861058185
naive,0.1,0.04142027021496009,0.17396851220103848,-0.028644609640860685,0.3016575500174425,true,0.1365064701882909
naive,0.1,0.04365639490361919,0.07724376818186107,-0.3520635473302323,-0.012594851116335626,false,-0.18232919922328397
naive,0.1,0.13736858956945486,0.0335548847382353,0.04718370305747499,0.3702053955823053,true,0.20869454931989015
naive,0.1,0.12717633397571157,0.08693880128626032,0.007568536040431034,0.3796410074820621,true,0.19360477176124655
naive,0.1,0.10692627455031886,0.004527938115144204,0.1153570657575779,0.4331951965308112,false,0.2742761311441945
naive,0.1,0.12342530503861032,0.22301459268235926,-0.04636855516559396,0.31145009957126435,true,0.1325407722028352
naive,0.1,0.08130697253971923,0.073970616424475,0.012468186935142206,0.30143724381003323,true,0.15695271537258773
naive,0.1,0.11854771180561785,0.04949773513928368,0.03120479669480028,0.35257756657525174,true,0.19189118163502603
naive,0.1,0.07974495810980395,0.004890228964924033,0.11671109256648296,0.44505937234646464,false,0.2808852324564738
naive,0.1,0.11233920795877847,0.013221904961883092,0.08767679296008746,0.4339815023608148,true,0.2608291476604511
naive,0.1,0.09387146267055019,0.027836175329336504,0.05736132143994316,0.3975279611629544,true,0.22744464130144879
naive,0.1,0.09503719241977707,0.0017250043912086066,0.1477716685458717,0.4742396598552853,false,0.3110056642005785
naive,0.1,0.14450840094741987,0.05321027240065098,0.031075640640473523,0.3856007854084464,true,0.20833821302445996
naive,0.1,0.07312063617134293,0.011642518035128608,0.09492700084113712,0.45062375077584615,false,0.27277537580849165
naive,0.1,0.067337596084531,0.01903890275919116,0.06697593737988347,0.38177316900750524,true,0.22437455319369437
naive,0.1,0.08545521675269653,0.09020909964162177,0.004973798712425592,0.33591316678426336,true,0.17044348274834448
naive,0.1,0.11666779581521171,0.07535750128695294,0.01274851690444831,0.3270654206712096,true,0.16990696878782896
naive,0.1,0.1253371111669824,0.05343141747983883,0.029795544758475595,0.3718433710159613,true,0.20081945788721847
naive,0.1,0.15822742215758143,0.004562750570770479,0.12176489705417232,0.45794664311498084,true,0.2898557700845766
naive,0.1,0.061291886491925136,0.0015476972782313577,0.17518424785447512,0.5541490574196173,false,0.3646666526370462
naive,0.1,0.10375415983731802,0.05842569678306445,0.024256572710745744,0.346490962043309,true,0.18537376737702738
naive,0.1,0.09002808888892262,0.21664667456454487,-0.0385411595408444,0.27118445017720094,true,0.11632164531817828
naive,0.1,0.11012559830778965,0.04830445019091655,0.034166082468950115,0.374940341612659,true,0.20455321204080457
naive,0.1,0.06071598700475942,0.009735833678141615,0.09133480504227623,0.41090354431549403,false,0.2511191746788851
naive,0.1,0.11286008334917239,0.03177894917625359,0.0518602741198996,0.39149025821282224,true,0.22167526616636093
naive,0.1,0.07002767529798976,0.15098152466021883,-0.01957812714768714,0.2889100552009639,true,0.13466596402663839
naive,0.1,0.04945104519451695,0.1885554802463795,-0.030957379302919724,0.27766092054765956,true,0.12335177062236993
naive,0.1,0.0866224376431527,0.04963732845824579,0.027902957764609437,0.3163569832353875,true,0.17212997049999848
naive,0.1,0.1305138628339351,0.07574018236689682,0.013275493688335221,0.34639313704161434,true,0.1798343153649748
naive,0.1,0.1543395655733545,0.10278683792210432,-0.0013502947246626096,0.33106543154014034,true,0.16485756840773888
naive,0.1,0.12667620377428748,0.1543830480062849,-0.022843480724814652,0.31775767772683405,true,0.14745709850100971
naive,0.1,0.09810285509976797,0.04186123500524025,0.04019195391608488,0.3791792605313553,true,0.2096856072237201
naive,0.1,0.09650990016121436,0.0340879642295437,0.05273741285007402,0.41861559725765085,true,0.23567650505386245
naive,0.1,0.12762375542111298,0.17298374310026,-0.03020896857832553,0.3219793726633845,true,0.1458852020425295
naive,0.1,0.1229517661600102,0.019687000877769728,0.06650020587029998,0.38474879638872683,true,0.2256245011295134
naive,0.1,0.13315894993235064,0.10845104874328483,-0.0042612363934466935,0.349204789577803,true,0.17247177659217816
naive,0.1,0.11803053650036292,0.12545145822530807,-0.011451854935387973,0.32322531525095727,true,0.15588673015778465
naive,0.1,0.15235511038257402,0.009299811953813979,0.10551085723144543,0.4685943991698241,true,0.28705262820063476
naive,0.1,0.10285857050685773,0.004393499393794616,0.11101966888956066,0.4144661869304563,false,0.2627429279100085
naive,0.1,0.1067922666948686,0.018028160822295598,0.06453387676417915,0.3593156103406506,true,0.2119247435524149
naive,0.1,0.10260778458049183,0.060320758487650124,0.02343348032006251,0.3534557812643466,true,0.18844463079220455
naive,0.1,0.10708483143249992,0.17851828786704768,-0.030646644646636967,0.30595086912310915,true,0.1376521122382361
naive,0.1,0.13732788462342238,0.05182726384338688,0.028694011843245715,0.34364589076372803,true,0.18616995130348687
naive,0.1,0.11359004266572459,0.01569109638592727,0.07654480407893505,0.40307514195352157,true,0.2398099730162283
naive,0.1,0.08660214395934986,0.06779348444066569,0.01730876422659844,0.3309914958076787,true,0.17415013001713858
naive,0.1,0.07819892050281206,0.3731232746505231,-0.06909511631442074,0.23228126875270239,true,0.08159307621914082
naive,0.1,0.09089182593695082,0.053963423331416675,0.03072476011445824,0.3887973945904834,true,0.20976107735247082
naive,0.1,0.10262712210944586,0.2040466024871299,-0.03903971568415568,0.3036695866592293,true,0.1323149354875368
naive,0.1,0.0736922872233733,0.4090030717368376,-0.0801540920445969,0.24172346997826788,true,0.08078468896683548
naive,0.1,0.1128211148211686,0.08691291341230321,0.005887222442157336,0.2946994771622952,true,0.15029334980222628
naive,0.1,0.08435989298930585,0.2503401731925899,-0.05911908433961005,0.3335170157146867,true,0.13719896568753834
naive,0.1,0.09162666987008805,0.14007636432309517,-0.01600389546559214,0.29488533400640804,true,0.13944071927040796
naive,0.1,0.06618017796630594,0.22345160339521808,-0.047028919641814576,0.31490932539085903,true,0.13394020287452224
naive,0.1,0.11007410238409361,0.026633102467756353,0.05615310548838709,0.3791029503000764,true,0.21762802789423175
naive,0.1,0.12330101586751788,0.02844625709968743,0.05347044238303772,0.37550401393306443,true,0.21448722815805107
naive,0.1,0.10805725197607098,0.09617303991590624,0.002003164010733166,0.35172291857888804,true,0.17686304129481062
naive,0.1,0.07054574700463921,0.00014128668076235823,0.2215148018972557,0.5587205256341561,false,0.3901176637657059
naive,0.1,0.09514637801013383,0.26241275311263534,-0.059666016081210804,0.31481620427228935,true,0.12757509409553927
naive,0.1,0.08141191952426856,0.00035564452670973216,0.189296444069637,0.512602876137274,false,0.35094966010345546
naive,0.1,0.06043599910303058,0.07300119676781427,0.014965661777028127,0.3476870534347954,true,0.18132635760591176
naive,0.1,0.08690339362491419,0.12493630513394674,-0.009915479065268823,0.28534857605337804,true,0.1377165484940546
naive,0.1,0.07416296710620754,0.1664446409908284,-0.025244567743521296,0.2927795341663376,true,0.13376748321140816
naive,0.1,0.11867266176009718,0.014684233149239261,0.08649218819083712,0.44429715478208953,true,0.26539467148646334
naive,0.1,0.08373194222776294,0.0651325655634075,0.01933732614553027,0.3382155743815576,true,0.1787764502635439
naive,0.1,0.0968140708166395,0.038020770161067946,0.047416501041645354,0.41036371243781694,true,0.22889010673973115
naive,0.1,0.08914213629225584,0.34156428021224267,-0.07380806784738382,0.27617148257514496,true,0.10118170736388056
naive,0.1,0.054860487882032426,0.22076437835094173,-0.04173939795244448,0.28491362578286267,true,0.12158711391520909
naive,0.1,0.1086726459377531,0.3335054162929498,-0.07683383448633414,0.2960927414031074,true,0.10962945345838661
naive,0.1,0.12491702009609343,0.016489735257452103,0.08213034274801143,0.44092328734243114,true,0.2615268150452213
naive,0.1,0.10782764971092114,0.27982305816605924,-0.286731377928792,0.05934746342662363,false,-0.11369195725108418
naive,0.1,0.16709647222540866,0.008816584403819511,0.10062855349161748,0.44042289622231334,true,0.2705257248569654
naive,0.1,0.10271418531216961,0.034412542172074005,0.04512774737818037,0.36075840245561996,true,0.20294307491690017
naive,0.1,0.09940082523480458,0.08226132534528444,0.00854343996017845,0.31120856269222785,true,0.15987600132620314
naive,0.1,0.07872350851407459,0.027817320110956435,0.051010794464027176,0.3533724953896102,true,0.20219164492681868
naive,0.1,0.09853211112358572,0.008891846810166056,0.09477786195174406,0.41577186480087325,true,0.25527486337630867
naive,0.1,0.08692423866730524,0.09719989110709823,0.0013118274794199636,0.31564467100453286,true,0.15847824924197643
naive,0.1,0.10814766439064198,0.11214695836514814,-0.005229899271834287,0.3007049142567614,true,0.14773750749246353
naive,0.1,0.1103467680074182,0.0026000755533235743,0.14431217006771369,0.4917055637641301,false,0.3180088669159219
naive,0.1,0.10661186328165703,0.05459625100493639,0.02932602339924631,0.3773289081335227,true,0.20332746576638452
naive,0.1,0.11841799468759204,0.23111569727015993,-0.0470770878544208,0.2991061108613099,true,0.12601451150344456
naive,0.1,0.07706601847529831,0.05229866085556272,0.03103052979924023,0.37611736280288055,true,0.2035739463010604
naive,0.1,0.1275853305484514,0.0652189496124155,0.018944378712783733,0.3322738725540222,true,0.17560912563340295
naive,0.1,0.08723381729122481,0.04196237718246353,0.04629257434371384,0.4377413536341267,true,0.24201696398892028
naive,0.1,0.0685082928975993,0.08165025321608138,0.009296175647133975,0.3267427205283386,true,0.16801944808773628
naive,0.1,0.0907601344835454,0.1176866402806881,-0.008539496044991296,0.34132211266209234,true,0.1663913083085505
naive,0.1,0.14085179509278847,0.023489847145163303,0.06210274385608111,0.39134323211322464,true,0.22672298798465287
naive,0.1,0.13923112323349243,0.08772828468547787,0.00603473170943164,0.3229087968459401,true,0.16447176427768587
naive,0.1,0.13710305899872494,0.015909586521231107,0.07818099782156904,0.41388483326295855,true,0.24603291554226378
naive,0.1,0.07929684490296986,0.09176618870752344,0.0045161058048179825,0.3642405699009868,true,0.1843783378529024
naive,0.1,0.10136423236477816,0.19968509236327564,-0.03604774807416747,0.2911738589570275,true,0.12756305544143004
naive,0.1,0.08690555508051047,0.04565891905488447,0.03839941511993167,0.3955671984673393,true,0.21698330679363548
naive,0.1,0.08583967306375521,0.014006991431501092,0.07764085825892694,0.39210297370601244,true,0.2348719159824697
naive,0.1,0.05835675857478146,0.12364159510436445,-0.009365552515256781,0.2835411256058717,true,0.13708778654530746
naive,0.1,0.11483446087561185,0.22815200109354888,-0.04669112629941616,0.3026218061082129,true,0.12796533990439837
naive,0.1,0.12791076790825207,0.09028112094939438,0.0047391047025504285,0.3224990672875815,true,0.16361908599506594
naive,0.1,0.11256154832788735,0.0004055252987853575,0.20558001882277496,0.5631054963783998,false,0.3843427576005874
naive,0.1,0.07155534158421856,0.09456868132880672,0.002630018831909914,0.324009031488663,true,0.16331952516028647
naive,0.1,0.1060028489162669,0.0028779771173905364,0.1303378147187208,0.4513658326971674,false,0.2908518237079441
naive,0.1,0.10466792028451095,0.1076446085187201,-0.3712376180328362,0.004105510918756494,false,-0.18356605355703987
naive,0.1,0.08719432361578926,0.012600740196965752,0.08272978286732283,0.40291241541786715,true,0.242821099142595
naive,0.1,0.09283752920291304,0.18106741531549506,-0.02844673337701456,0.2760039480227766,true,0.12377860732288104
naive,0.1,0.11576598248944125,0.017796668494611936,0.0661778091169978,0.3664746729100913,true,0.21632624101354456
naive,0.1,0.10991694294307343,0.23837480268232544,-0.04676669080369619,0.28352613329888743,true,0.11837972124759563
naive,0.1,0.04748397403714688,0.03681094078036864,0.04194057860850589,0.35338952198886475,true,0.1976650502986853
naive,0.1,0.09952290949978808,0.01384399908414696,0.07832040844341179,0.39390226216537394,true,0.23611133530439285
naive,0.1,0.10473165768177599,0.045448376683012257,0.038253523066808626,0.39211543251245495,true,0.2151844777896318
naive,0.1,0.0848425924327333,0.06445652226933743,0.020784768931160852,0.355705301424869,true,0.1882450351780149
naive,0.1,0.060100910162367786,0.24573838220936328,-0.04744513516708482,0.27497493748450097,true,0.11376490115870808
naive,0.1,0.0833841104223771,0.19517110000026977,-0.03208532690606053,0.26998944920321366,true,0.11895206114857657
naive,0.1,0.12908348851962356,0.002378759129893033,0.1257774018333407,0.42270694072659054,true,0.27424217127996564
naive,0.1,0.04944009902435104,0.019983380621350223,0.07442834237700607,0.43354428785245186,false,0.25398631511472897
naive,0.1,0.11974322170869951,0.07911361095160283,0.011167637221341342,0.34214652518290184,true,0.1766570812021216
naive,0.1,0.10800247413097154,0.001504790171168613,0.13805486002457254,0.4351041957307178,false,0.2865795278776452
naive,0.1,0.0897837975174469,0.3185678012739781,-0.05684093150909997,0.2319698166960834,true,0.08756444259349172
naive,0.1,0.0940511637684427,0.08141047714125625,0.009621252733500396,0.33356182494947684,true,0.17159153884148862
naive,0.1,0.09939503659288017,0.046700938424431127,0.0355275618469765,0.37513440687946786,true,0.2053309843632222
naive,0.1,0.05670170962439873,0.24854481672745413,-0.050175420527623305,0.28602630001953366,true,0.11792543974595518
naive,0.1,0.13247623557295563,0.018950572762370096,0.07354998565457296,0.4183921981066212,true,0.24597109188059707
naive,0.1,0.07510225691553031,0.2547238499107833,-0.047243313225095285,0.25996299908648024,true,0.10635984293069248
naive,0.1,0.11583815024320866,0.004520547443245304,0.14109731529620698,0.5296867524974136,false,0.33539203389681027
naive,0.1,0.11663790213108094,0.022553003963881095,0.059454222655352634,0.36694739446505475,true,0.21320080856020368
naive,0.1,0.11318144963994269,0.003953893167412925,0.12536524071828703,0.4587744238823991,false,0.29206983230034306
naive,0.1,0.07765966848559622,0.012336553510382493,0.08416706972939444,0.40705954882253914,false,0.2456133092759668
naive,0.1,0.13183106709223452,0.00025389271039692144,0.2055915384516729,0.5415009673242014,false,0.37354625288793714
naive,0.1,0.09256393057905939,0.357877560912903,-0.07012612686703705,0.2478815158188259,true,0.08887769447589443
naive,0.1,0.0933557619519241,0.015371217039871791,0.08194878414751516,0.42816900965712745,true,0.2550588969023213
naive,0.1,0.07927487408364518,0.6780544912084114,-0.23343274762095084,0.13935145367343882,true,-0.047040646973756
naive,0.1,0.13702655047548484,0.039096795253300606,0.045270033982311136,0.40128369467928715,true,0.22327686433079913
naive,0.1,0.1145848666931507,0.23868111827105,-0.05396083553547282,0.32651299783180626,true,0.13627608114816672
naive,0.1,0.06857284391591448,0.0033814948859688175,0.12232936038366685,0.43528547741273915,false,0.278807418898203
naive,0.1,0.09282945716265054,0.07177113077526293,0.017386564811267602,0.38470667479334225,true,0.20104661980230493
naive,0.1,0.08883663334033197,0.18329357756927436,-0.030215616263845474,0.28617393203098707,true,0.12797915788357078
naive,0.1,0.10502863634120367,0.05670159535451334,0.02371096523980426,0.3228557615733232,true,0.17328336340656372
naive,0.1,0.07600197877996977,0.21571258227223208,-0.043209676082363535,0.3061800140116138,true,0.13148516896462514
naive,0.1,0.11621580142894211,0.005484048367320824,0.12453489115841437,0.4863561952172036,false,0.305445543187809
naive,0.1,0.10524116820501171,0.0015387886924191363,0.1656132021411838,0.5234784817220011,false,0.34454584193159243
naive,0.1,0.15472770526723817,0.002626559314340893,0.134962430990033,0.4605822372647037,true,0.29777233412736837
naive,0.1,0.07127346496905441,0.31797320473586915,-0.06343663599354432,0.2594987340386178,true,0.09803104902253673
naive,0.1,0.10293937664527181,0.04631056113722562,0.03132481408537641,0.3277011330209,true,0.1795129735531382
naive,0.1,0.12628453958503832,0.5009168992742142,-0.08218442155916003,0.1960220600999509,true,0.05691881927039544
naive,0.1,0.08623409918351028,0.1330648709693946,-0.015309372035732877,0.3375511344204397,true,0.1611208811923534
naive,0.1,0.07295937588199099,0.24956392458963766,-0.051375819339747275,0.2911377474237394,true,0.11988096404199605
naive,0.1,0.06561516146166282,0.1819297043514882,-0.030418630632219806,0.29236530295289875,true,0.13097333616033946
naive,0.1,0.1086454134858353,0.0011588737542424135,0.16434722986921438,0.5014218894971852,false,0.3328845596831998
naive,0.1,0.09678363152371881,0.1175543088889583,-0.007689672649981855,0.30958427474345407,true,0.1509473010467361
naive,0.1,0.1177616275352538,0.09743153178372213,0.0012062470947909743,0.31660548971045144,true,0.15890586840262122
naive,0.1,0.08609499424095451,0.000439607099915201,0.17137876859003953,0.47283069862077864,false,0.3221047336054091
naive,0.1,0.11948547647316815,0.017873019293629087,0.0619795402097881,0.34384138713749224,true,0.20291046367364018
naive,0.1,0.09151414469536875,0.04277581182901774,0.04109168804735455,0.3958577444316289,true,0.21847471623949175
naive,0.1,0.11660482159780201,0.07608789174432994,0.013579262176839135,0.3598808111001522,true,0.18673003663849566
naive,0.1,0.11560277762070709,0.02561475684737973,0.05880198832276312,0.3882603808203396,true,0.22353118457155136
naive,0.1,0.14031020713386524,0.2586176272185655,-0.05428489107683601,0.29234780307412833,true,0.11903145599864615
naive,0.1,0.06595645925031769,0.07247796143403577,0.01675961934067141,0.38128237247836183,true,0.19902099590951663
naive,0.1,0.1725153454427455,0.01353493795596835,0.09283885791002905,0.4632510212357113,true,0.2780449395728702
naive,0.1,0.08382103887904642,0.003808913708871637,0.12342434029987406,0.4485826309207467,false,0.28600348561031036
naive,0.1,0.10259231081297979,0.0821410104349437,0.009933999024349216,0.359292767619259,true,0.1846133833218041
naive,0.1,0.05756164711510488,0.07894028798318575,0.009787156019637366,0.29722204687256165,true,0.1535046014460995
naive,0.1,0.06914398815837865,0.10688158375030359,-0.0031191442441821093,0.312759245974227,true,0.15482005086502243
naive,0.1,0.10038545882219116,0.21745735721327103,-0.04131814408469392,0.2889677444992582,true,0.12382480020728215
naive,0.1,0.11319544434466981,0.2570123601722959,-0.04681693463356952,0.25436065960192494,true,0.1037718624841777
naive,0.1,0.10510669110796883,0.16307659147469547,-0.026339655990349015,0.3201830540018301,true,0.14692169900574056
naive,0.1,0.1444011765440021,0.006604565873889418,0.11647194186646126,0.47413020827166896,true,0.2953010750690651
naive,0.1,0.061557316033331096,0.04246933878043721,0.03537869897808549,0.3384361813333746,true,0.18690744015573005
naive,0.1,0.12617580673607395,0.02448626567182284,0.05117205376325923,0.32962480838008573,true,0.19039843107167248
naive,0.1,0.10483621124487029,0.058827656065294935,0.025355658105119083,0.36633683063524514,true,0.1958462443701821
naive,0.1,0.048129748118829425,0.12437875115100026,-0.011863384320009968,0.348822202683193,true,0.1684794091815915
naive,0.1,0.08069619791440881,0.04307089100068896,0.040660092245473095,0.3943645526021843,true,0.2175123224238287
naive,0.1,0.11044453932743833,0.044452111804076766,0.03559482764325053,0.3564524022967587,true,0.19602361497000462
naive,0.1,0.11737475437789749,0.009776137495098657,0.09880670040186484,0.4450432777105103,true,0.27192498905618756
naive,0.1,0.07309317865651208,0.0002293586466117856,0.20699871937768363,0.540900642865248,false,0.3739496811214658
naive,0.1,0.08598963318363022,0.21382541981600653,-0.03702122631386916,0.2661336631185464,true,0.11455621840233864
naive,0.1,0.11995540402881426,0.0012707882032313056,0.1754558420651744,0.5413171218243141,false,0.35838648194474426
naive,0.1,0.06612437690261831,0.022879651647720843,0.058212423161075555,0.36190175655835183,true,0.2100570898597137
naive,0.1,0.12199273773017448,0.007255296700067745,0.09929990140075554,0.4133913906797664,true,0.25634564604026094
naive,0.1,0.12628369442197246,0.0031569383959484986,0.13453671690940078,0.4731191350491382,false,0.3038279259792695
naive,0.1,0.09874640052772168,0.06421579772986108,0.01916285426149536,0.32544330842672875,true,0.17230308134411207
naive,0.1,0.07999210572662012,0.0729209167409175,0.01503022455382988,0.34805686918833834,true,0.18154354687108412
naive,0.1,0.030379688524322514,0.03204102735075871,0.0562089684748206,0.42673894151847896,false,0.24147395499664978
naive,0.1,0.13638952711371397,0.2125076995560411,-0.03911952672220653,0.2841015187970489,true,0.1224909960374212
naive,0.1,0.09319689780132322,0.054952366800747596,0.02607180200583284,0.3386406809493022,true,0.18235624147756754
naive,0.1,0.09410838631161578,0.061637777034408474,0.020148748062489397,0.3160058576113049,true,0.16807730283689715
naive,0.1,0.022727525511024357,0.21297818924304185,-0.04343065936178006,0.31425928546404747,true,0.13541431305113372
naive,0.1,0.12071519181727595,0.0014830984828680103,0.15760708714730096,0.4957947312007803,false,0.32670090917404065
naive,0.1,0.09479963305585677,0.06572373781157792,0.021227591529916323,0.3785195801718344,true,0.19987358585087536
naive,0.1,0.1166278455570831,0.4259079183975465,-0.2582665686543632,0.08978669654640521,false,-0.08423993605397899
naive,0.1,0.11585607435891135,0.042792381472728167,0.03486449301034955,0.33599565028977596,true,0.18543007165006276
naive,0.1,0.06331694345034539,0.03041629586059472,0.05651071167537128,0.41417400819476347,true,0.23534235993506736
naive,0.1,0.06742310895712567,0.04421784727524918,0.037156372743352456,0.37006716303457443,true,0.20361176788896343
naive,0.1,0.10731332931583802,0.11761872433024043,-0.007729992959133958,0.31011243666410426,true,0.15119122185248515
naive,0.1,0.15685626954513596,6.119779169725119e-10,0.41648598756850724,0.7181103736364094,false,0.5672981806024583
naive,0.1,0.08425119373703668,0.04969307741628128,0.029486334652696483,0.3347690534064861,true,0.18212769402959128
naive,0.1,0.14997911866263083,0.11522745983502589,-0.007021966851080447,0.3242682023142788,true,0.15862311773159918
naive,0.1,0.13049578646316704,0.03098458810100057,0.04878543816226316,0.36198704011490734,true,0.20538623913858525
naive,0.1,0.08334034020726055,0.01920366119455412,0.066413828995017,0.3800093796979096,true,0.2232116043464633
naive,0.1,0.0741364544802102,0.39449491731680686,-0.08094692913067404,0.25470381208399256,true,0.08687844147665925
naive,0.1,0.07168463925041017,0.16525295682635105,-0.025078276765397922,0.2956418883685058,true,0.13528180580155394
naive,0.1,0.11905170741201133,0.041792474437282644,0.04119370589548704,0.38802204744585533,true,0.2146078766706712
naive,0.1,0.07904500031673493,0.04551536764706834,0.039573893282335515,0.406289760693537,true,0.22293182698793626
naive,0.1,0.09205812022812296,0.04850932223854696,0.037065178739504184,0.40878489231468507,true,0.22292503552709464
naive,0.1,0.14278479416445228,0.005309759607084652,0.11507189811019894,0.44633339267911964,true,0.2807026453946593
naive,0.1,0.10046290402616943,0.06885073722585243,0.016484619110442855,0.3271768604342045,true,0.1718307397723237
naive,0.1,0.06180666760665795,0.051967008321349956,0.03316677604872664,0.39862572654993594,true,0.2158962512993313
naive,0.1,0.08766903100751496,0.020606619076244455,0.06615298022682942,0.39083798733876396,true,0.2284954837827967
naive,0.1,0.10916665852573161,0.03206163557751805,0.04978588338028264,0.3781439742397088,true,0.21396492880999574
naive,0.1,0.06939909525108065,0.05931708036496313,-0.3215230324569655,-0.021945099110218635,false,-0.17173406578359207
naive,0.1,0.09379902336998136,0.0824549854383782,0.008329456816178915,0.3069430810361042,true,0.15763626892614155
naive,0.1,0.1255591492097856,0.032464613099777044,0.043528202283570405,0.3335205054688451,true,0.18852435387620775
naive,0.1,0.14967703779662936,0.06044516642569408,0.025730500375491155,0.3895188558182824,true,0.20762467809688678
naive,0.1,0.08233429262371161,0.4584673697814816,-0.08779269265266006,0.23187351610386048,true,0.0720404117256002
naive,0.1,0.1047426871757569,0.007182736195532913,0.09561903458764073,0.3970943980104539,true,0.24635671629904732
naive,0.1,0.10411288133484743,0.17542925416671118,-0.02975278311224258,0.3078850510451202,true,0.13906613396643883
naive,0.1,0.13380275250056825,0.006948863490077553,0.10347509815145356,0.42630575627710304,true,0.2648904272142783
naive,0.1,0.11805567319436244,0.011877644162539485,0.08252108140896552,0.3942314854680074,true,0.23837628343848646
naive,0.1,0.12016184458599836,0.004125340839503293,0.13363894128281106,0.492944995915514,false,0.31329196859916253
naive,0.1,0.06172366942218521,0.005591983074217509,0.12662356333793837,0.49658501754320394,false,0.31160429044057114
naive,0.1,0.09973285625693672,0.0050118976180930745,0.10590469363479907,0.40587981251018435,false,0.2558922530724917
naive,0.1,0.08661203798311523,0.015600580738233115,0.07645739503603696,0.40172666703602544,true,0.2390920310360312
naive,0.1,0.191982020120971,0.005148779249372596,0.1290932223025896,0.49750737237593323,true,0.3133002973392614
naive,0.1,0.06518500199274299,0.08981082051980996,0.006170609095312085,0.4000079231126306,true,0.20308926610397135
naive,0.1,0.1256662313257736,0.0018016880558811802,0.13703997686903827,0.4424208433301723,false,0.28973041009960526
naive,0.1,0.06346756506093428,0.029746062053106453,0.05595608943514621,0.4041939811318551,true,0.23007503528350068
naive,0.1,0.09115924762925051,0.041552718082644886,0.04476437243836734,0.4193630541035783,true,0.23206371327097283
naive,0.1,0.12013634289059906,0.21179456077757958,-0.03849010438492369,0.28109282012069103,true,0.12130135786788367
naive,0.1,0.10826713510531813,0.059725626118728205,0.02307970707462681,0.3421479177579453,true,0.18261381241628605
naive,0.1,0.13914305091349333,0.010417196507731609,0.08341396442267582,0.382720616819061,true,0.23306729062086842
naive,0.1,0.09001348640798718,0.05927719035742183,0.02454468008467614,0.35919906273716123,true,0.1918718714109187
naive,0.1,0.09518827917852257,0.028571057049915506,0.054516403832640364,0.38388756891039655,true,0.21920198637151847
naive,0.1,0.11354219194002338,0.03870240108929472,0.04711690376794772,0.41399710505145415,true,0.23055700440970092
naive,0.1,0.1894515633195631,0.0089286648017243,0.11455022785215285,0.5030737877856193,true,0.30881200781888607
naive,0.1,0.11587184423522376,0.1013307578132837,-0.0006197837946087248,0.31708841831693513,true,0.15823431726116322
naive,0.1,0.09113311151828446,0.4984424863369777,-0.09761709995386643,0.2341609396987671,true,0.06827191987245033
naive,0.1,0.08708314715268359,0.09093995510104745,0.0043313900656339055,0.31676485422239187,true,0.1605481221440129
naive,0.1,0.09618473725033272,0.01136755469883694,0.08931547864739253,0.4208160976309817,true,0.2550657881391871
naive,0.1,0.07323398234051721,0.03852803440890965,0.049962156275187714,0.4372962236957212,true,0.24362918998545446
naive,0.1,0.12276874289218621,0.2770846322949031,-0.05453419061545328,0.2669959080470102,true,0.10623085871577845
naive,0.1,0.11527335601560064,0.008256887963972065,0.09753686136958806,0.4195228139130589,true,0.2585298376413235
naive,0.1,0.14752972599081307,0.005004034849992167,0.10499054599063476,0.4022468759702025,true,0.2536187109804186
naive,0.1,0.07923641016803486,0.2740213417621248,-0.05148646225969179,0.2559071373725021,true,0.10221033755640514
naive,0.1,0.09534357575466972,0.08398356876082694,0.00886277658955087,0.359411287435364,true,0.18413703201245743
naive,0.1,0.10692587795466689,0.02425739805008634,0.06687520275214337,0.428613435142727,true,0.24774431894743518
naive,0.1,0.12162840815699237,0.02638469375178515,0.06055917595070573,0.4066417611718285,true,0.23360046856126712
naive,0.1,0.09531443763364712,0.03720443665347627,0.049090662328630214,0.4172435170265454,true,0.23316708967758779
naive,0.1,0.08928827215145506,0.06686819585044931,0.01870853830189867,0.34659285961228065,true,0.18265069895708966
naive,0.1,0.12125720234993297,0.026121662768726465,0.06014750808903624,0.4015667745860743,true,0.23085714133755528
naive,0.1,0.10208340345802652,0.11855221449668822,-0.32976472729380735,0.008638194823124973,false,-0.16056326623534117
naive,0.1,0.1296776880930839,0.0019411590874563987,0.14528117500599444,0.47392958235267757,false,0.309605378679336
naive,0.1,0.03134669117961486,0.12714599956034106,-0.011983255893139644,0.31817916766509025,true,0.1530979558859753
naive,0.1,0.09816490510872972,0.04147585612399276,0.0366871819481574,0.34309457875013416,true,0.18989088034914578
naive,0.1,0.11669883223773628,0.2376746759483384,-0.04219449787968248,0.2569373049829497,true,0.10737140355163362
naive,0.1,0.11019681828703025,0.002323808103015779,0.13912328131046564,0.4659093195122111,false,0.30251630041133837
naive,0.1,0.10684352005156643,0.06829962074912198,0.016739353973194565,0.3258103696059984,true,0.1712748617895965
naive,0.1,0.09493350855533986,0.735017752989618,-0.2247103693530999,0.14801531024745135,true,-0.038347529552824264
naive,0.1,0.07399565580661864,0.1142023091020941,-0.006463881488293438,0.31932431528016136,true,0.15643021689593395
naive,0.1,0.12892075469960046,0.007462521563703534,0.10394251836867058,0.4357259590370501,true,0.26983423870286033
naive,0.1,0.0915878963007573,0.019812736156256876,0.0731367619230312,0.42436432344284225,true,0.24875054268293673
naive,0.1,0.0907870505892891,0.013523821361586374,0.0804616541102123,0.40137633850763665,true,0.24091899630892447
naive,0.1,0.11686940442930574,0.38304092939142764,-0.07536773719839528,0.2455679546198633,true,0.08510010871073402
naive,0.1,0.1107112797482481,0.07575069645344981,0.012301364807606602,0.32112575232399854,true,0.16671355856580258
naive,0.1,0.09553858559762934,0.05625724339206874,0.02723726842082025,0.36640487097670105,true,0.19682106969876065
naive,0.1,0.1359632438558501,0.40211667563717945,-0.08457084231185938,0.2601763768601576,true,0.08780276727414912
naive,0.1,0.09577748271095493,0.05111264257926618,0.032009760324840264,0.37649749325365284,true,0.20425362678924655
naive,0.1,0.09287579772034366,0.14444071512028364,-0.017801762060566245,0.29806718923985087,true,0.1401327135896423
naive,0.1,0.11290494228559152,0.04271164778171774,0.03916266519208261,0.3767195385387375,true,0.20794110186541007
naive,0.1,0.08567906699538415,0.04984795375539273,0.027659902907550965,0.3152367289709932,true,0.1714483159392721
naive,0.1,0.11325704335713868,0.022587848712389336,0.06418545571907089,0.3964555854296603,true,0.23032052057436558
naive,0.1,0.11702356729234746,0.001233124572216124,0.14940954828711808,0.45926809775624444,false,0.30433882302168125
naive,0.1,0.09730742244475135,0.007798550230311855,0.0931023644231718,0.39461327962916626,true,0.24385782202616904
naive,0.1,0.09209212668123885,0.03362124243552224,0.04547861387959959,0.3573432980285399,true,0.20141095595406974
naive,0.1,0.0589203473336213,0.33194122213845967,-0.06407924819765574,0.24838549400554677,true,0.09215312290394552
naive,0.1,0.12699631451919094,0.021137364546617344,0.06425938085432811,0.3842301988514637,true,0.2242447898528959
naive,0.1,0.09694555940539329,0.0399979602347097,0.04364885603194635,0.39480125907337704,true,0.2192250575526617
naive,0.1,0.09011072450085947,0.0760034233211127,0.014095830643948676,0.3721533170012469,true,0.1931245738225978
naive,0.1,0.10958712294231711,0.004036012229711727,0.13580428348328677,0.49887923041658366,false,0.3173417569499352
naive,0.1,0.08511518203753361,0.022281809976815434,0.06733880691967722,0.4131065149347113,true,0.24022266092719424
naive,0.1,0.0955113692146683,0.11987210004924573,-0.009926175820903771,0.35475028375739376,true,0.172412053968245
naive,0.1,0.06333689749775091,0.09636192741312381,0.001959655083662054,0.36212657027307094,true,0.18204311267836648
naive,0.1,0.0896795297709629,0.04372356616142268,0.037042046132190865,0.36472372947276344,true,0.20088288780247715
naive,0.1,0.10110141256986838,0.15302957994282165,-0.021150785132208305,0.3010651488038181,true,0.13995718183580488
naive,0.1,0.1116116595117032,0.005960133170951741,0.11370432099124503,0.4521800463040859,false,0.2829421836476655
naive,0.1,0.09687228163574657,0.018465713714619223,0.06623047046609873,0.3725450154672133,true,0.219387742966656
naive,0.1,0.08706902862064442,0.02074112736339019,0.06665983938224296,0.3950335982150985,true,0.23084671879867072
naive,0.1,0.13424334310645147,0.04937996587939802,0.030035234750821205,0.3383810660167348,true,0.184208150383778
naive,0.1,0.10244386803508883,0.1495896108803693,-0.020718197404745786,0.3135950728263474,true,0.1464384377108008
naive,0.1,0.11719452512379347,0.3862674332576177,-0.08108573245426633,0.2615813770079704,true,0.09024782227685203
naive,0.1,0.10773461468057764,0.03279104981227304,0.04990728396056704,0.38512058327928184,true,0.21751393361992444
naive,0.1,0.08170635973875365,0.03611764268353702,0.05036580572782759,0.41795293153045177,true,0.2341593686291397
naive,0.1,0.07715211524256278,0.693051640445805,-0.12277128584675828,0.20029871398915639,true,0.03876371407119905
naive,0.1,0.09544157336871457,0.07142262703775136,0.015326283974882615,0.3345807016296854,true,0.174953492802284
naive,0.1,0.08018338206130471,0.2129307016063284,-0.04320201015908087,0.31271999019292407,true,0.1347589900169216
naive,0.1,0.07993585717299163,0.0549303835941151,0.02637234780073519,0.3423442505853127,true,0.18435829919302396
naive,0.1,0.0497288199445899,0.001957498357295531,0.13658788034269667,0.4460994312524841,false,0.29134365579759036
naive,0.1,0.12613095191504925,0.06214771010562231,0.02131112583683284,0.3394216597190418,true,0.1803663927779373
naive,0.1,0.09584543613419882,0.003140071050781816,0.12578113658889906,0.44192879764129517,false,0.2838549671150971
naive,0.1,0.12859963501390173,0.0457468401450696,0.03189654265002112,0.3292606155236066,true,0.18057857908681385
naive,0.1,0.11498699633515715,0.037981491685801026,0.04391637824254213,0.3797410242636766,true,0.21182870125310937
naive,0.1,0.11029878590114474,0.025383295290152336,0.058221903095968364,0.3824884400671926,true,0.2203551715815805
naive,0.1,0.15597264049708726,0.4067671067985867,-0.08657659545850392,0.2627752246273509,true,0.08809931458442351
naive,0.1,0.12009100007227516,0.06335503472942172,0.02298045939052426,0.3798520883988241,true,0.20141627389467417
naive,0.1,0.08771444252545896,0.19447893229077678,-0.03681602515576263,0.31180260355951617,true,0.13749328920187676
naive,0.1,0.1458505834252758,0.3728077965080727,-0.07797519755764215,0.26239935092221534,true,0.09221207668228659
naive,0.1,0.06173685557699367,0.1347810809128386,-0.013206594965313734,0.27770758222050607,true,0.13225049362759617
naive,0.1,0.08553854164891736,0.008862241328822268,0.09334509686636325,0.40911649507807535,false,0.2512307959722193
naive,0.1,0.13869006915616222,0.07928840306096901,0.01105084792511779,0.3416134761243408,true,0.1763321620247293
naive,0.1,0.07118497550030602,0.09310820335900903,0.003564469822987054,0.3447223742670841,true,0.17414342204503558
naive,0.1,0.08716180320332251,0.05993919142818237,0.02221318105370193,0.3313454858115158,true,0.17677933343260885
naive,0.1,0.08440329550373891,0.006728217768921337,0.10271963277843804,0.4199679641740243,false,0.2613437984762312
naive,0.1,0.12089836136198778,0.043410824227437,0.03675245042438399,0.3592667978631595,true,0.19800962414377177
naive,0.1,0.13435830635744714,0.1152911012438418,-0.006718989961661093,0.3090285094527982,true,0.15115475974556855
naive,0.1,0.07381430198342571,0.1964842563273808,-0.029644994249997933,0.24645259527816343,true,0.10840380051408276
naive,0.1,0.1207123381424228,0.26919200007241545,-0.04984193041862589,0.25383787825103665,true,0.10199797391620538
naive,0.1,0.12760733427107124,0.11729813135979007,-0.008191156797290405,0.33447433134400095,true,0.1631415872733553
naive,0.1,0.09308938703380075,0.18121502937252268,-0.03127511498951602,0.302954380048707,true,0.1358396325295955
naive,0.1,0.10499267985212372,0.02198955863384003,0.06264977479645631,0.3818400417777932,true,0.22224490828712473
naive,0.1,0.12637107478426252,0.26462127645175926,-0.0556996179757306,0.2904725916518187,true,0.11738648683804405
naive,0.1,0.11216364952080121,0.03553945914866995,0.04339989699486868,0.35560559920044,true,0.19950274809765434
naive,0.1,0.06210232349947127,0.05271806625505612,0.02924736626481944,0.3583352191232403,true,0.19379129269402987
naive,0.1,0.10334416357708917,0.08470628186005758,0.007520293097689951,0.32006600672113705,true,0.16379314990941352
naive,0.1,0.09084027115316616,0.21082873355949913,-0.04113573007573823,0.30270821712092666,true,0.13078624352259421
naive,0.1,0.06991586106829985,0.017610989110048807,0.07302736261437007,0.4026435844954386,false,0.2378354735549043
naive,0.1,0.1177193909610466,0.021686120660341493,0.05594419436040168,0.3386619491274845,true,0.19730307174394307
naive,0.1,0.09856812615563086,0.23207847892624378,-0.04555049585083182,0.28756916483707196,true,0.12100933449312007
naive,0.1,0.14115296209080724,0.039411158609281544,0.04715670682634143,0.42095520348862303,true,0.23405595515748223
naive,0.1,0.13086417298099093,0.15213332353775302,-0.019015613678643906,0.2749262166956557,true,0.1279553015085059
naive,0.1,0.09244200146360855,0.16419215461807332,-0.02473367119795397,0.2959303476419639,true,0.13559833822200498
naive,0.1,0.07944477728188892,0.2509245858324333,-0.04850870683527886,0.27274017018667057,true,0.11211573167569586
naive,0.1,0.13066927510069024,0.011941751756684835,0.08478175189154741,0.40573089318755173,true,0.24525632253954957
naive,0.1,0.09656028435618284,0.04915564619782452,0.03151525611707792,0.3531052728766363,true,0.19231026449685712
naive,0.1,0.08044471036137193,0.02412918548805314,0.05675402467832538,0.3627198336040477,true,0.20973692914118652
naive,0.1,0.09678535046652062,0.12031500798500408,-0.009599774441241327,0.33591604864447433,true,0.1631581371016165
naive,0.1,0.09554653347090039,0.0016252900341450394,0.15906931370650923,0.5064306437133315,false,0.33274997870992035
naive,0.1,0.08591277205814861,0.05849603354077066,0.023049175950596884,0.329898419005455,true,0.17647379747802597
naive,0.1,0.0429761282058458,0.07701551079456138,0.012263287257768901,0.3391413496246636,true,0.17570231844121625
naive,0.1,0.12166204636863,0.004506910286577247,0.11617795117469754,0.4358801824511368,true,0.27602906681291717
naive,0.1,0.04146151183916016,0.23163275542662026,-0.047322919061477065,0.29963937433332494,true,0.12615822763592394
naive,0.1,0.10276456629652612,0.002072847091108972,0.13543130824394825,0.44596145815339583,false,0.290696383198672
naive,0.1,0.11294839178751893,0.004409741222210538,0.12007710348885176,0.44860057172101225,false,0.284338837604932
naive,0.1,0.07038731070931507,0.03420188927772679,0.04642030955623039,0.36938903185068334,true,0.20790467070345686
naive,0.1,0.08281128555152117,0.042181893062144496,0.04198037619360448,0.39895825155484954,true,0.220469313874227
naive,0.1,0.12641768381492433,0.15395863887257613,-0.0197966510395306,0.27735287993755464,true,0.12877811444901202
naive,0.1,0.08482265578475291,0.023634376068854587,0.06644306123133398,0.42003356543559167,true,0.24323831333346282
naive,0.1,0.07607306819288825,0.09030374127896683,0.005150704591534494,0.35134846349719834,true,0.17824958404436642
naive,0.1,0.08365985847946299,0.018510331152177043,0.07133033880444095,0.40164802513278464,true,0.2364891819686128
naive,0.1,0.11073222238121463,0.05745665384131953,0.026279013172229443,0.3653434271756497,true,0.19581122017393957
naive,0.1,0.08859909218132973,0.05761696271260331,0.027216543342935356,0.38006542105669605,true,0.2036409821998157
naive,0.1,0.08877784384808816,0.030424164469632715,0.05043605349975963,0.36971514271232053,true,0.2100755981060401
naive,0.1,0.107972870733825,0.10263756815120341,-0.0012475683211237154,0.3230717144539988,true,0.16091207306643754
naive,0.1,0.09667824261234167,0.008643085574697543,0.08587972843669567,0.37386942725703554,true,0.2298745778468656
naive,0.1,0.08854169522972617,0.4059787422063201,-0.254915328907163,0.08379608077816053,false,-0.08555962406450124
naive,0.1,0.12169858261198949,0.013321138357424862,0.07967819872659349,0.39540199534028186,true,0.23754009703343767
naive,0.1,0.06871477251353145,0.046533030335160264,0.03438559315589529,0.36162770569956404,true,0.19800664942772966
naive,0.1,0.0761487051981175,0.031157774719919172,0.05640069228128064,0.42006670971756294,true,0.2382337009994218
naive,0.1,0.0740590774616483,0.05378431057029226,0.02840665900466452,0.3577838760769688,true,0.19309526754081666
naive,0.1,0.1073318403614162,0.03230382241800462,0.0512906581879764,0.3916275214852675,true,0.22145908983662196
naive,0.1,0.10489219448616019,0.1704827377189304,-0.028674545494616288,0.3153484392269053,true,0.1433369468661445
naive,0.1,0.09079435177044828,0.0117135974126918,0.08477448805966922,0.40320583970474755,true,0.24399016388220837
naive,0.1,0.07620183618914018,0.09439215150681586,0.00249635239323423,0.2977209909853368,true,0.15010867168928552
naive,0.1,0.08570064549622763,0.414329138673776,-0.07684755904371965,0.22826928929008855,true,0.07571086512318445
naive,0.1,0.056703620315569955,0.05339325209526108,0.032153555807380246,0.4008734168774134,true,0.2165134863423968
naive,0.1,0.07136893068527893,0.10229035252524786,-0.001082989453547567,0.3226934661931322,true,0.16080523836979232
naive,0.1,0.12001605635140676,0.18806646291574544,-0.032056771520049904,0.2889380202267171,true,0.1284406243533336
naive,0.1,0.12307071606856379,0.11226894986304055,-0.005792698212977204,0.32984276714315497,true,0.1620250344650889
naive,0.1,0.09389133471493212,0.3007728937409993,-0.06578135646022477,0.2889307029172082,true,0.1115746732284917
naive,0.1,0.09642597868204207,0.017591893268409174,0.07939090300117482,0.43753274667788444,true,0.2584618248395296
naive,0.1,0.08306259106289023,0.14014436520116974,-0.35903667929220406,0.01951619316203143,false,-0.16976024306508633
naive,0.1,0.10694715637211787,0.11377281605431995,-0.005753251887886113,0.29280391165718117,true,0.14352532988464753
naive,0.1,0.1478181661869518,0.14908023088293257,-0.01759392232870277,0.26884184594553995,true,0.1256239618084186
naive,0.1,0.12928496572792686,0.11928567965090818,-0.008752989575807085,0.32193721315922175,true,0.15659211179170732
naive,0.1,0.11542314918019218,0.019739757346455868,0.06775846634719612,0.39250218019956584,true,0.23013032327338098
naive,0.1,0.11286208392240286,0.29966786703389253,-0.05971793997452113,0.2635534802432545,true,0.10191777013436668
naive,0.1,0.1335892527601079,0.04851721865721171,0.038148986638906035,0.42081883530241865,true,0.22948391097066234
naive,0.1,0.13033890688787952,0.06006450994286066,0.024118232769496678,0.3610750577616031,true,0.1925966452655499
naive,0.1,0.0991924038862556,0.16358770377511467,-0.024005161670953845,0.2896819701163532,true,0.13283840422269969
naive,0.1,0.11283312891339786,0.250722541246988,-0.0497905179172104,0.28027248132249954,true,0.11524098170264457
naive,0.1,0.08749411458579762,0.08827449594746223,0.006374107186860184,0.35751157446378345,true,0.18194284082532183
naive,0.1,0.11892952897753473,0.02285247414947442,0.0627010187025886,0.38957178175130347,true,0.22613640022694603
naive,0.1,0.08918091112675684,0.09969380829261001,0.00016140181192678127,0.3574178721266065,true,0.17878963696926664
naive,0.1,0.06828783929977951,0.06157234321548366,0.022895923583328454,0.3583871333576035,true,0.19064152847046598
naive,0.1,0.09878008361012702,0.025051504134820275,0.05918227351757546,0.38598220105119996,true,0.22258223728438772
naive,0.1,0.11687739201926227,0.0034360809918704844,0.13363864381820173,0.47685622597230953,false,0.30524743489525563
naive,0.1,0.1235005715423488,0.1880318596729865,-0.035928553153733195,0.32394862480734987,true,0.14401003582680832
naive,0.1,0.1196311546800565,0.057038292517288425,0.02637228097809241,0.3624269046286375,true,0.19439959280336497
naive,0.1,0.08531295284094473,0.011794717204118545,0.08531304650219979,0.4066588244210482,false,0.245985935461624
naive,0.1,0.08349199397709578,0.30536093783566515,-0.06734984095678147,0.2900941668904429,true,0.11137216296683071
naive,0.1,0.07397365272042837,0.05214130938533093,0.030820828721151466,0.3720781271851221,true,0.20144947795313678
naive,0.1,0.10551729616893694,0.13724876643885786,-0.2857013540684848,0.014484945526818616,false,-0.1356082042708331
naive,0.1,0.08709941504776793,0.016543807137026998,0.07701980737190295,0.414023751286469,true,0.24552177932918598
naive,0.1,0.05964248904787226,0.017992084130305508,0.06214710647172883,0.3457343256841718,false,0.2039407160779503
naive,0.1,0.0717685047852486,0.08583658384973746,0.006975121506828524,0.32161876662501043,true,0.16429694406591946
naive,0.1,0.137671167202857,0.004846390074349003,0.10575917974613133,0.4025615694743768,true,0.2541603746102541
naive,0.1,0.1364025539337487,0.1031955457469238,-0.0016807903052181716,0.35974834359305835,true,0.1790337766439201
naive,0.1,0.11923291389404167,0.0019355981116675775,0.13370314673997336,0.435983618026411,false,0.2848433823831922
naive,0.1,0.11907893613754977,0.012178056381558387,0.08050500325570856,0.38770990996772214,true,0.23410745661171536
naive,0.1,0.06752547385261322,0.04722600894066483,0.0318405706623229,0.3404493635339535,true,0.1861449670981382
naive,0.1,0.14548857477621557,0.005274387226269753,0.12419984659861755,0.4810622229710409,true,0.3026310347848292
naive,0.1,0.12573967651152215,0.036445391753226045,0.04580835820509771,0.3828836539743782,true,0.21434600608973794
naive,0.1,0.08431966874222455,0.14093129401543536,-0.01590721074322765,0.28741715256994793,true,0.13575497091336014
naive,0.1,0.1283366412193306,0.19299769398156238,-0.03151778397356539,0.27068818877715806,true,0.11958520240179635
naive,0.1,0.11913036999323333,0.0020007300637282194,0.1559608829476274,0.5109572134155551,false,0.3334590481815913
naive,0.1,0.06444190671957048,0.06761296776114087,0.01693768797453954,0.32187868309293377,true,0.16940818553373665
naive,0.1,0.11808017925809978,0.011793186485024941,0.08659259593056207,0.412740939789453,true,0.24966676786000752
naive,0.1,0.05986134120446248,0.029866610682676754,0.059099239275827636,0.42801524285246684,true,0.24355724106414725
naive,0.1,0.05733316882990418,0.004893338512784179,0.12430095108936351,0.4740632232973075,false,0.2991820871933355
naive,0.1,0.05998253720789922,0.00014721449298090556,0.21976388773801708,0.5558880885201027,false,0.3878259881290599
naive,0.1,0.09595465097573803,0.029887806761307357,0.05014929922539604,0.3633638792122408,true,0.20675658921881843
naive,0.1,0.08076074465877327,0.03451678416464987,0.046875550671162614,0.37558463922208674,true,0.21123009494662467
naive,0.1,0.08448858864174186,0.020375755857829553,0.06369493958038286,0.3743503152710198,true,0.21902262742570133
naive,0.1,0.10613084893849957,0.009648461729990848,0.09640859987324998,0.43261901756644516,true,0.2645138087198476
naive,0.1,0.09339915114067024,0.12819654087966334,-0.01269445936246652,0.3251744676450409,true,0.15624000414128716
naive,0.1,0.09497144896807574,0.011632055315477717,0.08917746163541318,0.42321007685471235,true,0.25619376924506276
naive,0.1,0.12096153738307011,0.005666197492726037,0.1181189070795502,0.46455376600472365,true,0.2913363365421369
naive,0.1,0.05289283207724077,0.014762197926837292,0.09455765408416339,0.4866717509016335,false,0.29061470249289845
naive,0.1,0.11482139066714658,0.114955734317607,-0.006904956674759599,0.32446553179200716,true,0.15878028755862378
naive,0.1,0.1002574135139383,0.17540594906277382,-0.02628124822803106,0.2720365025226303,true,0.12287762714729962
naive,0.1,0.07968384612595315,0.27133167451616447,-0.28516406069602857,0.05660495710804393,false,-0.11427955179399231
naive,0.1,0.09174946196653809,0.08119873958243594,0.009866117322749973,0.3379792887147315,true,0.17392270301874074
naive,0.1,0.11134287284881186,0.02026832899729015,0.06509404277998643,0.3816404560672682,true,0.22336724942362732
naive,0.1,0.08102307624960177,0.0020683452793138443,0.14020623541181237,0.4615397736626477,false,0.30087300453723004
naive,0.1,0.08151459447966028,0.1254392250862087,-0.011135459854137941,0.31443860426614423,true,0.15165157220600314
naive,0.1,0.0726585482289623,0.059836110868384154,0.020915514198818208,0.3110575112971973,true,0.16598651274800774
naive,0.1,0.14919708784208963,0.08048468622824531,0.011997139596003265,0.3950719298148597,true,0.20353453470543148
naive,0.1,0.10680257223019467,0.2242666973678506,-0.04845697029153148,0.3226134448711999,true,0.1370782372898342
naive,0.1,0.12390814105452264,0.003495351085809513,0.12317995479842386,0.440857630832911,true,0.28201879281566744
naive,0.1,0.06218678402532261,0.012965519227547795,0.08872400332972077,0.436252786062577,false,0.2624883946961489
naive,0.1,0.08196049939744669,0.38432646901334366,-0.07540470216458195,0.2447126972608547,true,0.08465399754813638
naive,0.1,0.1097688527053093,0.20501824200877222,-0.032745456456825264,0.2526358804495175,true,0.10994521199634612
naive,0.1,0.11600552320561687,0.06669659612867869,0.02071336565376744,0.3815155839507198,true,0.20111447480224362
naive,0.1,0.1291937971331628,0.07731968427115932,0.012515288737768887,0.35109631639381833,true,0.18180580256579362
naive,0.1,0.10716947709505985,0.03042789150826923,0.05181276824018405,0.37983766356209425,true,0.21582521590113915
naive,0.1,0.07001883991947692,0.11932180597839141,-0.00845704661048996,0.3104943854061716,true,0.1510186693978408
naive,0.1,0.061034229972597144,0.1166834038912419,-0.007972036401378974,0.33707613019335336,true,0.16455204689598718
naive,0.1,0.10280996214294176,0.03253408003561646,0.04371620864283346,0.3354669803457596,true,0.18959159449429655
naive,0.1,0.10312174474973342,0.008760394098070404,0.08888961070738419,0.3883746205497567,true,0.23863211562857042
naive,0.1,0.11095187548272553,0.006009170230695419,0.12208652680481638,0.4863999460230397,false,0.30424323641392803
naive,0.1,0.12691566417400127,0.09034382946331147,0.004728999134589407,0.32395764932367893,true,0.16434332422913417
naive,0.1,0.10468893761264954,0.0009641715905702107,0.18368299703554347,0.5485929634864384,false,0.3661379802609909
naive,0.1,0.07820055262767905,0.16194218898871302,-0.024721950910911478,0.305497880722594,true,0.14038796490584127
naive,0.1,0.09978208793930796,0.025626692147841672,0.062298101203578204,0.41145203617434123,true,0.23687506868895972
naive,0.1,0.15261084770596858,0.06344705227501463,0.0195723389471944,0.3244478073535064,true,0.1720100731503504
naive,0.1,0.09604730814277505,0.06603516083717248,0.01831175977234495,0.32990295326539665,true,0.1741073565188708
naive,0.1,0.12325307909951207,0.004007255171498056,0.10460782900845322,0.38376655809397275,true,0.244187193551213
naive,0.1,0.07905149336527381,0.011187132763862236,0.08860642041348762,0.4154082171692116,false,0.25200731879134963
naive,0.1,0.07462558073922892,0.10599493990355764,-0.0026079943212510837,0.29955400169479557,true,0.14847300368677224
naive,0.1,0.09927383453979705,0.03115000574075961,0.05388408378609566,0.4012556515104989,true,0.22756986764829729
naive,0.1,0.10891945603945023,0.030011301183576942,0.049559744710150594,0.36005472146500384,true,0.20480723308757723
naive,0.1,0.16672322490064378,0.06967411904588883,0.015837802706880816,0.32382264569485775,true,0.1698302242008693
naive,0.1,0.11329596465571158,0.0001567928891150209,0.21509761824598,0.5464985657531052,false,0.3807980919995426
naive,0.1,0.0923176544464517,0.33523235306209426,-0.06430406130842439,0.24622683630457395,true,0.09096138749807478
naive,0.1,0.11336516568090785,0.3526357458564619,-0.07991786597930303,0.28759592699067704,true,0.10383903050568699
naive,0.1,0.14032555351624137,0.028996403386941972,0.05201099098947773,0.36963994388340804,true,0.2108254674364429
naive,0.1,0.06564975472200457,0.3738648823960684,-0.07875165536427368,0.2641164067900814,true,0.09268237571290387
naive,0.1,0.09915228023677104,0.08812041013621412,0.005791707714721539,0.32049216795012514,true,0.16314193783242334
naive,0.1,0.10624403511344495,0.07208106376145933,0.014682939951852214,0.32884164147579875,true,0.17176229071382548
naive,0.1,0.09193057541461853,0.16476198908146916,-0.02809082444150554,0.33342340844305196,true,0.1526662920007732
naive,0.1,0.11785614345723,0.02881090560040094,0.05255085019121847,0.37197716616411963,true,0.21226400817766905
naive,0.1,0.061462708830109375,0.006340641610638151,0.10570188314263115,0.42625631272930375,false,0.26597909793596747
naive,0.1,0.13887429507356708,0.04887592934303316,0.033640151190364787,0.3743416814231939,true,0.20399091630677935
naive,0.1,0.1433828684031437,0.023037392666733016,0.06458397714500613,0.4029212297569064,true,0.23375260345095628
naive,0.1,0.1226646630841782,0.03260261728842862,0.051934608348235434,0.39912684903114326,true,0.22553072868968935
naive,0.1,0.12473981435496505,0.020234992819170534,0.06590012526238082,0.38607366604945864,true,0.22598689565591973
naive,0.1,0.14432880334256257,0.17010707144373466,-0.028131759471714063,0.3108695691716157,true,0.1413689048499508
naive,0.1,0.12592832543787985,0.00145013446166823,0.15357067505165276,0.48170352135693273,false,0.31763709820429276
naive,0.1,0.09447675549574863,0.18284236108196264,-0.0286129546306068,0.27230914612909635,true,0.12184809574924478
naive,0.1,0.08589153379678036,0.0953118554129648,0.002191220774214492,0.313359039555145,true,0.15777513016467976
naive,0.1,0.09811192063990362,0.16384127029489734,-0.025205541087995026,0.3030745708211756,true,0.1389345148665903
naive,0.1,0.14495945507639177,0.05183891517694991,0.030284200162180946,0.36279764264941394,true,0.19654092140579746
naive,0.1,0.10512362632585301,0.0005989037343298373,0.180677316533888,0.5132403216995296,false,0.3469588191167088
naive,0.1,0.1108126583795648,0.01892988172088495,0.07008523042129272,0.39849225843483604,true,0.23428874442806438
naive,0.1,0.09941914510618442,0.13771199808593748,-0.2977828678088943,0.015272383147243912,false,-0.1412552423308252
naive,0.1,0.07219017370983923,0.04385819949211535,0.03662254870028189,0.3617190231034917,true,0.19917078590188678
naive,0.1,0.09089722295243853,0.25046711954077633,-0.05198387595707188,0.29304959533982106,true,0.12053285969137459
naive,0.1,0.11122506792217647,0.04762235301915823,0.03383749527619859,0.3652623984138339,true,0.19954994684501626
naive,0.1,0.06370923141383976,0.14885413961723895,-0.0202550517529419,0.3108202986173551,true,0.1452826234322066
naive,0.1,0.12013985811797616,0.5184578380403411,-0.0943365941589569,0.21627366346133636,true,0.06096853465118974
naive,0.1,0.11485804387120467,0.17181825136188117,-0.025729143920977804,0.27822343535876715,true,0.12624714571889467
naive,0.1,0.12071965957639785,0.011696347784199687,0.08701643890266261,0.4136756232406863,true,0.25034603107167447
naive,0.1,0.057776705534844534,0.1443950130604003,-0.021430321678684222,0.3591637981619644,true,0.1688667382416401
naive,0.1,0.10114559935086756,0.023069410957926414,0.059872015547770635,0.3737899641003538,true,0.2168309898240622
naive,0.1,0.13873840886108238,0.07924778360216578,0.011639623278637684,0.3590640871732723,true,0.18535185522595501
naive,0.1,0.09655920411145287,0.17515413553595197,-0.03136455323711301,0.32562778488161814,true,0.14713161582225256
naive,0.1,0.1101182116129967,0.0004942969015297995,0.18806133183780113,0.5244807578222113,false,0.3562710448300062
naive,0.1,0.11465623834249865,0.05554785622614426,0.028813845636353058,0.38025885082016797,true,0.20453634822826053
naive,0.1,0.1419388556761931,0.0034121306262380434,0.12436281048905501,0.4432161850080774,true,0.2837894977485662
naive,0.1,0.10278410557614757,0.12980369319471619,-0.013374382831119025,0.32512971482277464,true,0.1558776659958278
naive,0.1,0.0757083747952016,0.00604404885725118,0.10056880622514688,0.40118978316470366,false,0.25087929469492526
naive,0.1,0.11320988343097543,0.04352386235736105,0.038936586770895926,0.3816119355826011,true,0.2102742611767485
naive,0.1,0.1367825652147513,0.22912618783920727,-0.048701754246639056,0.3135771409129573,true,0.1324376933331591
naive,0.1,0.1348054348921217,0.07702171620554425,0.012835220368944411,0.3550611393657693,true,0.18394817986735684
naive,0.1,0.1307173038499741,0.04408093409393083,0.035682968268735016,0.35426399006324294,true,0.19497347916598898
naive,0.1,0.08578131465312626,0.1102861394874117,-0.0045827709821074925,0.309858486776626,true,0.15263785789725923
naive,0.1,0.1176402011182858,0.033534036206633665,0.04975772468560091,0.39022406119886704,true,0.21999089294223398
naive,0.1,0.07199766906232444,0.22380942112472252,-0.04101635003872944,0.2739557673902498,true,0.11646970867576018
naive,0.1,0.0734760891813749,0.11252258408205718,-0.00616313011723757,0.3440228012699822,true,0.1689298355763723
naive,0.1,0.08284168107795407,0.06678920639435498,0.01905664497467502,0.35209974066370936,true,0.1855781928191922
naive,0.1,0.06577031407466369,0.10079587293092443,-0.00041140630311789494,0.3514702632831368,true,0.17552942849000944
naive,0.1,0.15477757476796566,0.005010201598067756,0.11950025588341598,0.4579530358571048,true,0.28872664587026037
naive,0.1,0.11129322064209946,0.048312350189611004,0.034165331753289785,0.3750039911551883,true,0.20458466145423904
naive,0.1,0.08187493627401377,0.03393191845386634,0.0461194990771879,0.3648407318198468,true,0.20548011544851733
naive,0.1,0.1286666778254169,0.0013709881149735388,0.1683503870758115,0.5243154475589876,false,0.34633291731739957
naive,0.1,0.1569992903482299,0.1348444430806883,-0.01472002078232934,0.309005238577333,true,0.14714260889750183
naive,0.1,0.08340325147623201,0.10272861588345494,-0.001184799824408972,0.2966454464335192,true,0.1477303233045551
naive,0.1,0.12425451193638627,0.004856436658082412,0.12697091762185556,0.48350420484965884,false,0.3052375612357572
naive,0.1,0.13289484415045397,0.031367508802928115,0.05388055853239554,0.40312660692605756,true,0.22850358272922655
naive,0.1,0.10534471343828648,0.20708683822010898,-0.03471575321666712,0.26328420228940674,true,0.11428422453636983
naive,0.1,0.11009051072515481,0.026103948238346882,0.05361542542029957,0.35781783544798834,true,0.20571663043414395
naive,0.1,0.13984740934724135,0.47940329920021263,-0.08646334131844562,0.21690889103527178,true,0.06522277485841309
naive,0.1,0.08120837776962778,0.14692425604346926,-0.016999876839344535,0.2707196572619648,true,0.1268598902113101
naive,0.1,0.09111850312254874,0.06890792598254239,0.017190824280556405,0.3418907905398149,true,0.17954080741018566
naive,0.1,0.07022751279782195,0.06672279546639633,0.02245665934419913,0.41399063536771863,true,0.21822364735595887
naive,0.1,0.06676035747666309,0.06346275908421477,-0.3665564893137065,-0.02210170646678128,false,-0.19432909789024388
naive,0.1,0.10398774060790038,0.032201009074956766,0.05098819763191767,0.38844978898082483,true,0.21971899330637124
naive,0.1,0.054431683612333366,0.03435951834785833,0.048835686027441594,0.3899485761561381,true,0.21939213109178984
naive,0.1,0.07468604371163519,0.2206847021664138,-0.04225831366558669,0.2886221258171077,true,0.12318190607576052
naive,0.1,0.08322641274378773,0.08172196292765031,0.008810022605502121,0.3109383503266986,true,0.15987418646610035
naive,0.1,0.07655555694677117,0.2246017156530476,-0.2858753821968492,0.04303985763239537,false,-0.12141776228222692
naive,0.1,0.10694160537829667,0.04335066742015126,0.03784313938319536,0.36941564855802067,true,0.203629393970608
naive,0.1,0.07962982193565828,0.028180543275071964,0.0491899776524323,0.3434573420356627,true,0.19632365984404748
naive,0.1,0.07573066080135973,0.13477478280400368,-0.015049753972878666,0.31651905297238747,true,0.1507346494997544
naive,0.1,0.14858167545184273,0.028421266436445713,0.05032867675286126,0.35324888298566104,true,0.20178877986926116
naive,0.1,0.128661854008444,0.016112974116859288,0.07250492469913142,0.3857317284992773,true,0.22911832659920436
naive,0.1,0.14034278845951642,0.060415331362473255,0.022982956552334094,0.34762132984142813,true,0.1853021431968811
naive,0.1,0.08465046237234614,0.07105638086941637,-0.3312027864742728,-0.01538554103327297,false,-0.1732941637537729
naive,0.1,0.1181410231423238,0.007261817323443421,0.11432448685094398,0.47604406511767994,true,0.29518427598431196
naive,0.1,0.16153972648733111,0.00310794480008643,0.13658285104129847,0.47905023606264424,true,0.30781654355197136
naive,0.1,0.1236491876061641,0.14172965331889717,-0.018151213607672523,0.3221409437330338,true,0.15199486506268065
naive,0.1,0.08687180958246304,0.1268349897479539,-0.011283858965831034,0.30289522269514413,true,0.14580568186465656
naive,0.1,0.07808375747208311,0.34343932562853374,-0.07015808524942478,0.26075530763843574,true,0.09529861119450549
naive,0.1,0.058195778304458136,0.013722608847703065,0.09142918598762378,0.45841170077823906,false,0.2749204433829314
naive,0.1,0.1259497490434719,0.034330745538177845,0.04501054876927987,0.3591795284860856,true,0.20209503862768272
naive,0.1,0.06440369725175567,0.03958117786589466,0.04264303632460659,0.3821145692157772,true,0.2123788027701919
naive,0.1,0.1047106640087464,0.010625999483188365,0.09005432458797136,0.4156386508063207,true,0.252846487697146
naive,0.1,0.09391834997371534,0.0028218541965200038,0.13386699522944817,0.4621064679753462,false,0.2979867316023972
naive,0.1,0.16010332514865952,0.0007914970367063982,0.15207889294057408,0.4444955804330216,true,0.29828723668679785
naive,0.1,0.15775861783623502,0.0030788324218964935,0.13164778489717094,0.46101278786956207,true,0.2963302863833665
naive,0.1,0.08276709150280306,0.13864690255381434,-0.017209781184549855,0.3279940751896675,true,0.15539214700255882
naive,0.1,0.13379187143974197,0.2112720107776533,-0.043201833820903396,0.31680125361637634,true,0.13679970989773646
naive,0.1,0.07124307043695784,0.04008212774079579,0.0393541989462754,0.35663016071025805,true,0.19799217982826672
naive,0.1,0.1232827263817326,0.03249394635874972,0.048528528635385454,0.3720709019847268,true,0.21029971531005612
naive,0.1,0.09704224173425395,0.0052628406794424315,0.11303533999578247,0.4376176840289508,false,0.27532651201236663
naive,0.1,0.09668632714312388,0.06791761168950934,0.016835611817744484,0.3233348246549731,true,0.17008521823635878
naive,0.1,0.12358965204487751,0.0367731761223965,0.040957449060254475,0.3448185172353351,true,0.1928879831477948
naive,0.1,0.12356444801865962,0.08737684008780311,0.006867926109146022,0.35690136757934365,true,0.18188464684424485
naive,0.1,0.16717107289057426,0.03674528800061298,0.05015808832958418,0.42201869366253975,true,0.23608839099606196
naive,0.1,0.0948192779800686,0.06661507433374741,0.022622364270718065,0.41553454051183597,true,0.21907845239127702
naive,0.1,0.11921179628264082,0.03534047573238917,0.047961490071996016,0.39127194712102076,true,0.2196167185965084
naive,0.1,0.08089361107615345,0.03580834200160335,0.04752720617096365,0.3917271870813832,true,0.21962719662617344
naive,0.1,0.13929413063438198,0.15003836793731948,-0.01964630964882849,0.29492266599872596,true,0.13763817817494872
naive,0.1,0.07594929326592482,0.04792526415730315,0.031450900955402705,0.34198941762164753,true,0.18672015928852512
naive,0.1,0.08763021405944742,0.39721645238131215,-0.0839025611981836,0.26187212152333206,true,0.08898478016257425
naive,0.1,0.1413538300144499,0.04136592909648746,0.035118485501942825,0.3276059234469455,true,0.18136220447444415
naive,0.1,0.09175492879899025,0.05550894861498139,0.02837514832702484,0.37407849133213433,true,0.20122681982957957
naive,0.1,0.06813319948223809,0.17619179680767683,-0.02708523807231336,0.2777682788153001,true,0.12534152037149338
naive,0.1,0.09955834853224069,0.0041979786423650845,0.12249455046377297,0.453331639495392,false,0.2879130949795825
naive,0.1,0.054059925056353764,0.18807370497514125,-0.03346475731807108,0.3016066349811188,true,0.13407093883152385
naive,0.1,0.10094030985138956,0.06362242772253042,0.02132851120544557,0.35550445371232153,true,0.18841648245888357
naive,0.1,0.1359837598159267,0.16743475623566556,-0.02784403035206648,0.31864809089621626,true,0.14540203027207488
naive,0.1,0.12381415856672759,0.08232071695541122,0.00903817174026797,0.3303955034935996,true,0.16971683761693376
naive,0.1,0.13035274990657583,0.00291801938569865,0.13807128104790223,0.4792288178400247,false,0.30865004944396346
naive,0.1,0.12252628513001569,0.1433302074217796,-0.016143322246976705,0.27669471042954064,true,0.13027569409128198
naive,0.1,0.05241531979575052,0.07465744688849826,0.013676967434872123,0.3404025709304228,true,0.17703976918264747
naive,0.1,0.10365342705964442,0.19741267902668658,-0.034435617911776004,0.28386868824081907,true,0.12471653516452154
naive,0.1,0.07031671223203266,0.026403217860095408,0.06819849828447563,0.4581231531115675,true,0.26316082569802157
naive,0.1,0.08899247540733936,0.09719351379430505,0.001304451414474661,0.3131514999076267,true,0.15722797566105068
naive,0.1,0.0645933295209926,0.08013260174121137,0.01092399081980322,0.3529714742377146,true,0.1819477325287589
naive,0.1,0.08459792175765969,0.10099124182625477,-0.0004946029999699786,0.3394297492498992,true,0.16946757312496463
naive,0.1,0.0797747303612395,0.033619296177337936,0.046729155261672706,0.36715372611364455,true,0.20694144068765863
naive,0.1,0.09880460020502425,0.047759702528453005,0.03598244535677542,0.38970387884594637,true,0.2128431621013609
naive,0.1,0.08882523206124268,0.0052512276534573766,0.10560263218076144,0.40865272071980235,false,0.2571276764502819
naive,0.1,0.09096319445106822,0.01735030012292583,0.0732797773038519,0.4015571510565542,true,0.23741846418020304
naive,0.1,0.14105869873047827,0.02482887277812762,0.055938458003778585,0.36304923398782574,true,0.20949384599580217
naive,0.1,0.15063244769368347,0.05488958450769189,0.02965565205307208,0.384548265908012,true,0.20710195898054204
naive,0.1,0.06993106472978732,0.0286730440393425,0.053215243076576574,0.3755552408452564,true,0.21438524196091646
naive,0.1,0.13785162211183746,0.002795044546590742,0.14190515177773047,0.48909902119537163,false,0.31550208648655104
naive,0.1,0.09209834577916186,0.35850799666979555,-0.0767215621928031,0.27061803114155214,true,0.09694823447437453
naive,0.1,0.1073428807658736,0.0008211482932946029,0.18930587938087204,0.5554824026068993,false,0.3723941409938857
naive,0.1,0.115736938540216,0.04581915074850604,0.03339384603885881,0.3453057800425393,true,0.18934981304069906
naive,0.1,0.12291428587914965,0.008148416463324147,0.09633226906851436,0.41291945987641687,true,0.2546258644724656
naive,0.1,0.11439892112899974,0.06012464475682348,-0.3385130007570634,-0.022571633283197445,false,-0.18054231702013043
naive,0.1,0.12110677763276403,0.016249023336196038,0.0717838389259878,0.3831519615775433,true,0.22746790025176555
naive,0.1,0.10169120056129728,0.004666464965340991,0.10874945985949039,0.4108183048930124,false,0.2597838823762514
naive,0.1,0.10370060398486176,0.031294145172250216,0.04790993178966929,0.35788529066255326,true,0.20289761122611127
naive,0.1,0.126546304033212,0.08887191633849965,0.006206721048514552,0.3674327892716615,true,0.18681975516008803
naive,0.1,0.11650454420141097,0.07361991384451348,0.014054369113621956,0.33487351221275613,true,0.17446394066318904
naive,0.1,0.09247786363454193,0.04172758409158827,-0.36241938294308984,-0.03853249985742127,false,-0.20047594140025557
naive,0.1,0.09974360597639537,0.015377901814571115,0.068105014615501,0.35589594533083635,true,0.21200047997316868
naive,0.1,0.08142239895618632,0.0065938291146581405,0.11603789100178882,0.47218424052941943,false,0.29411106576560414
naive,0.1,0.1278445962557914,0.07562420018297462,0.014562769459323638,0.37802967620005046,true,0.19629622282968703
naive,0.1,0.07786160473190631,0.31415795467306096,-0.06579588441476213,0.27329719766846533,true,0.10375065662685161
naive,0.1,0.06426314729110967,0.15161124729335768,-0.021954986333265397,0.3203617167310746,true,0.1492033651989046
naive,0.1,0.05662369679210842,0.02285025918500984,0.0591082289669255,0.36723111969620914,false,0.2131696743315673
naive,0.1,0.05202431739046289,0.004074508320107671,0.11260104908844015,0.4143771134828096,false,0.26348908128562487
naive,0.1,0.11514002205906683,0.044392699751254476,0.041042016180837665,0.41043316110579076,true,0.2257375886433142
naive,0.1,0.10382322464316268,0.16132373182870532,-0.022696193676760817,0.2830271683462434,true,0.1301654873347413
naive,0.1,0.11585018353728944,0.05473097924628873,0.030177067320581036,0.3896662743818652,true,0.2099216708512231
naive,0.1,0.11000898537658388,0.17789413774405757,-0.03103900563090517,0.31208584962630487,true,0.14052342199769985
naive,0.1,0.090643953567184,0.09552237028247289,0.0021085496554303917,0.3158881579260062,true,0.1589983537907183
naive,0.1,0.12733421022833086,0.12645770945454535,-0.011815540217078396,0.32144990331562495,true,0.15481718154927326
naive,0.1,0.11163910622773245,0.3108713217466158,-0.05810952485879292,0.24462361907598043,true,0.09325704710859375
naive,0.1,0.0920103917790666,0.0003237474460447876,0.19203861757552299,0.515903156020806,false,0.3539708867981645
naive,0.1,0.09185239082871596,0.0804345155269718,0.009994166699940216,0.32821804692550116,true,0.1691061068127207
naive,0.1,0.09492916424312192,0.0824792763413506,0.009334881501173897,0.3444955450667023,true,0.1769152132839381
naive,0.1,0.1064838355386135,0.05329800277407947,0.02649938292400822,0.3295647596181055,true,0.17803207127105686
naive,0.1,0.08840413483552499,0.06453129202294125,0.02120001705780078,0.3636799996662557,true,0.19244000836202824
naive,0.1,0.09716494399252203,0.01568470759127996,0.07013059909021702,0.36924124675658565,true,0.21968592292340133
naive,0.1,0.05393312216147649,0.13192389165417473,-0.013160171091491701,0.29988826777769984,true,0.14336404834310407
naive,0.1,0.15254714180477247,0.1571237917425242,-0.025427294051516308,0.33819448943067265,true,0.15638359768957816
naive,0.1,0.09721287830788183,0.04026697427614884,0.039388836843476493,0.35843103708977475,true,0.19890993696662562
naive,0.1,0.08962636864561771,0.014724880671400467,0.07910747829739476,0.4067745537853984,true,0.2429410160413966
naive,0.1,0.15065271961084517,0.21344973616520835,-0.03731383131358787,0.26901508444512656,true,0.11585062656576933
naive,0.1,0.07409580006899946,0.005806231560188811,0.09833706155308441,0.38881705074727896,false,0.2435770561501817
naive,0.1,0.13833447224967488,0.03283654528848866,0.050841476168641486,0.39271772760472523,true,0.22177960188668336
naive,0.1,0.12610380965831847,0.001370346692602576,0.14883083808167205,0.4634959114202982,false,0.30616337475098515
naive,0.1,0.08501550991667672,0.12508661326373663,-0.010836345547061893,0.3100743630657381,true,0.14961900875933812
naive,0.1,0.09763389975064482,0.003639032626165005,0.13327612283255444,0.48041376621166165,false,0.30684494452210803
naive,0.1,0.09223161874580588,0.0015733263856292114,0.1599420857067804,0.5070257121660147,false,0.3334838989363975
naive,0.1,0.0814338322576574,0.018862067743508355,0.0629384985840592,0.3572966597401724,true,0.2101175791621158
naive,0.1,0.12271923414873653,0.013399988050244062,0.0911450593053709,0.4532256898901261,true,0.2721853745977485
naive,0.1,0.09050034881484421,0.14588529112158985,-0.019154929395674203,0.31139612688005974,true,0.14612059874219277
naive,0.1,0.057496478990652924,0.07109965164974526,0.014973042126836061,0.32285416949366275,true,0.1689136058102494
naive,0.1,0.10202596420757111,0.0068152210383224015,0.09317723203842024,0.38211069608424986,true,0.23764396406133506
naive,0.1,0.1536805101238951,0.04230771872287776,0.038080719311938405,0.3629398486086674,true,0.2005102839603029
naive,0.1,0.10489768637322774,0.008685236508439609,0.08814235422934807,0.38421949527711496,true,0.23618092475323152
naive,0.1,0.10262235345841027,0.04831635234457672,0.04007527442802136,0.4399151678874085,true,0.23999522115771493
naive,0.1,0.10001624384448833,0.042850911108476414,0.042473233560384877,0.40987283524013374,true,0.2261730344002593
naive,0.1,0.12168137209152434,0.0467999411457086,0.03578746450951115,0.3787718332508701,true,0.20727964888019063
naive,0.1,0.11970318728322699,0.002889716663613553,0.13004997826431675,0.45066839402865344,false,0.2903591861464851
naive,0.1,0.11651242261525104,0.000400793647210354,0.18874822413222042,0.5164645364340759,false,0.3526063802831481
naive,0.1,0.08681454453275313,0.24138003622579568,-0.04784269131961298,0.284685025952663,true,0.11842116731652501
naive,0.1,0.15423176362264823,0.00007253843680909608,0.24378811707629525,0.5890353064824341,false,0.41641171177936465
naive,0.1,0.09803704905938401,0.015758527031501365,0.08613606948367589,0.454327186551599,true,0.27023162801763745
naive,0.1,0.12352207722933049,0.011790557652625216,0.09289761858534307,0.44276218561757463,true,0.26782990210145885
naive,0.1,0.10374366721582384,0.1994888045510111,-0.032524964571951046,0.26317574197438875,true,0.11532538870121885
naive,0.1,0.11602331440944909,0.004004482073637473,0.12551010855738745,0.46038978590091706,false,0.29294994722915224
naive,0.1,0.11728118944694302,0.011177657461647112,0.0883314971326013,0.4140109961878011,true,0.2511712466602012
naive,0.1,0.08933737757757478,0.028609449527951077,0.06755175408906289,0.4760748399206084,true,0.27181329700483564
naive,0.1,0.1055077719352956,0.028588534125609157,0.06057044756848154,0.4266800236153113,true,0.24362523559189642
naive,0.1,0.07810468645757539,0.034793410632143786,0.04929088993150593,0.3973318022274841,true,0.22331134607949502
naive,0.1,0.10895786813516074,0.18430206286507125,-0.03546925984010463,0.332352006351668,true,0.1484413732557817
naive,0.1,0.1107267371228506,0.03365852827610018,0.04649237342443949,0.36560564068941137,true,0.20604900705692542
naive,0.1,0.11031794972980137,0.24712087531870214,-0.046547695759787525,0.267572724305122,true,0.11051251427266724
naive,0.1,0.12204587348701626,0.020595724285880718,0.07195552625018625,0.42501505590044886,true,0.24848529107531755
naive,0.1,0.11483199505996877,0.06197880835757835,0.02221201059847308,0.3519642361311417,true,0.1870881233648074
naive,0.1,0.05276925357903854,0.5115991683310832,-0.09604266607558713,0.22358403017631467,true,0.06377068205036378
naive,0.1,0.07946490246666396,0.02887275749983269,0.056894357538466084,0.4032629850549503,true,0.2300786712967082
naive,0.1,0.12148425010202449,0.026174039829110932,0.06255425353825375,0.4181127077185114,true,0.24033348062838256
naive,0.1,0.05451986900767004,0.01644234519673608,-0.384109032426631,-0.071629080874687,false,-0.227869056650659
naive,0.1,0.10739761975201896,0.00017874809284408602,0.21982306912189054,0.5637811720909631,false,0.39180212060642683
naive,0.1,0.08660373838558087,0.49386044008634356,-0.25101115254073075,0.10353615800750043,true,-0.07373749726661516
naive,0.1,0.11618389023673399,0.01750582511996042,0.07716660423831814,0.4244123547049836,true,0.25078947947165087
naive,0.1,0.09207314843385858,0.008559531996373668,0.10901555316503525,0.4733616238243285,false,0.2911885884946819
naive,0.1,0.09485814879469573,0.21640389068112578,-0.03868965247075011,0.2727260490447069,true,0.11701819828697839
naive,0.1,0.1495454199881934,0.009570952217930745,0.09291466218414254,0.4159894246067153,true,0.25445204339542893
naive,0.1,0.08334169161998238,0.0073302805949569195,0.10601444673371291,0.4424567424796045,false,0.2742355946066587
naive,0.1,0.10258367307518598,0.00273369214418143,0.1501176038829434,0.5155633936588513,false,0.33284049877089733
naive,0.1,0.09242357927809718,0.0669423338498218,0.019133984883616673,0.3553665264491742,true,0.18725025566639544
naive,0.1,0.11423595749190121,0.04141840683657671,0.03996345696481665,0.37324686397754614,true,0.20660516047118138
naive,0.1,0.10704460575257825,0.40420760172211906,-0.0910941599017659,0.27854253719649785,true,0.09372418864736597
naive,0.1,0.1323179430484207,0.07813716918977853,0.011486796448778341,0.3351688467386241,true,0.17332782159370122
naive,0.1,0.10672072420965757,0.031771879048614816,0.048471300020727914,0.36585094804042395,true,0.20716112403057593
naive,0.1,0.08247803117745821,0.32639891822350103,-0.06045442814158307,0.23930323389367747,true,0.08942440287604721
naive,0.1,0.08542262834713385,0.04211060180877061,0.04304420356883057,0.40840312045435256,true,0.22572366201159155
naive,0.1,0.07325500872356093,0.15779220255953944,-0.025198827424192383,0.3316262720780752,true,0.15321372232694142
naive,0.1,0.15686539545077197,0.06771449419808337,0.021592520779055185,0.4117802588097784,true,0.2166863897944168
naive,0.1,0.09457856362458027,0.0457626360791004,0.036396626141990046,0.3758539980823923,true,0.20612531211219115
naive,0.1,0.11069277151069676,0.025511852858561553,0.053869591510285475,0.35489289694053006,true,0.20438124422540777
naive,0.1,0.0846549459388741,0.11260077603555807,-0.006060534618995778,0.33625545453271677,true,0.16509745995686048
naive,0.1,0.14393496629127495,0.2873226458948998,-0.0574963461160921,0.268145932334838,true,0.10532479310937297
naive,0.1,0.09754462574934357,0.02005256248755201,0.07111477638505803,0.41489670311581045,true,0.24300573975043424
naive,0.1,0.11473989591072178,0.03835155975623641,0.04122122593283398,0.35937746650170754,true,0.20029934621727075
naive,0.1,0.10107414849777933,0.30662380984564186,-0.05780127154375864,0.24764876094875593,true,0.09492374470249865
naive,0.1,0.14056908944766974,0.07103793691058019,0.014777839796788317,0.3178978719463874,true,0.16633785587158786
naive,0.1,0.06775047880603473,0.027246865714710737,0.060237753411340356,0.41214921235612223,true,0.2361934828837313
naive,0.1,0.1149608104086209,0.12375449036482912,-0.009430845458385934,0.28422597952176465,true,0.13739756703168937
naive,0.1,0.09364720239908221,0.09821421102531215,0.0008371104764646198,0.3166518460476468,true,0.1587444782620557
naive,0.1,0.08794310990148864,0.025833633940619733,0.06200373532931852,0.41136428077024223,true,0.23668400804978038
naive,0.1,0.13479835282907257,0.4016394981674092,-0.07024271087022875,0.21639871630008212,true,0.07307800271492669
naive,0.1,0.09915929217770156,0.02674304385610966,0.05468435925404652,0.37007232218953495,true,0.21237834072179074
naive,0.1,0.13449954079345594,0.014571992741581576,0.08864127250614606,0.45406354797850135,true,0.2713524102423237
naive,0.1,0.11078778939587104,0.1201263053974064,-0.009698529754989166,0.3424186468110165,true,0.1663600585280137
naive,0.1,0.11114923836837139,0.00005198263392607706,0.2285410513244414,0.5415863060901414,false,0.3850636787072914
naive,0.1,0.1274103312201121,0.0703759484164387,0.015775677738609273,0.3310126130896531,true,0.17339414541413117
naive,0.1,0.12086267806624804,0.16520350939228165,-0.0252287143573163,0.29761908279310434,true,0.13619518421789403
naive,0.1,0.06859611205615282,0.061565829046920414,0.020226165570965876,0.3165358921343526,true,0.16838102885265924
naive,0.1,0.12400991247536362,0.015056289306702686,0.0738428277725949,0.3828366930165251,true,0.22833976039456
naive,0.1,0.141765532154988,0.15810563305889716,-0.02322212182220601,0.304112211671944,true,0.140445044924869
naive,0.1,0.1126089584904461,0.015299862616415038,0.08112342253287844,0.4231145803615953,true,0.25211900144723687
naive,0.1,0.10340716068726961,0.18212710702304644,-0.03210076710070062,0.3078719614419527,true,0.13788559717062607
naive,0.1,0.13980422229357206,0.019593340241059642,0.06515190787661979,0.3761403515156299,true,0.22064612969612485
naive,0.1,0.12209841154968479,0.024593830302541215,0.056776607602396556,0.3665921157869848,true,0.21168436169469068
naive,0.1,0.08457840539548968,0.028442183074020834,0.05257023957585877,0.3691495710892701,true,0.21085990533256443
naive,0.1,0.07951635840893868,0.02287290938225865,0.05982953930714871,0.37189954743713494,true,0.21586454337214184
naive,0.1,0.09530808643044364,0.05873607431436861,-0.3709796780785241,-0.025743873945163365,false,-0.19836177601184374
naive,0.1,0.06510634145755616,0.014535030385266639,0.07832013456873754,0.4008232828305836,false,0.23957170869966057
naive,0.1,0.13969507847772777,0.05501992563525111,0.029946084537203432,0.3896626390204822,true,0.20980436177884282
naive,0.1,0.07014053054131884,0.14635653603356902,-0.019691765766449598,0.3171229437389215,true,0.14871558898623596
naive,0.1,0.14142093185386048,0.0004972988774097693,0.1691061011029655,0.47188374741495964,false,0.3204949242589626
naive,0.1,0.12541261581358823,0.020122627531282047,0.06229301398750095,0.3640094778270653,true,0.21315124590728313
naive,0.1,0.1392010715706441,0.05789417859834569,0.02517707770884936,0.3543125975723223,true,0.18974483764058583
naive,0.1,0.11068677173272054,0.0004937484958608035,0.18770757511708758,0.5234399306318891,false,0.35557375287448834
naive,0.1,0.11881248405792767,0.015106592817401291,0.08318728844326576,0.431818888582555,true,0.25750308851291037
naive,0.1,0.0913388062973427,0.014320239408980782,0.0859174655413632,0.4373437736665862,true,0.2616306196039747
naive,0.1,0.07300874061757255,0.13778730891470847,-0.013285586131931426,0.258563031360652,true,0.12263872261436029
naive,0.1,0.10550749721721195,0.2345944595699862,-0.3129143944912721,0.05038581969299835,false,-0.1312642873991369
naive,0.1,0.06845156170525157,0.004697748200018186,0.1320676180708966,0.4995700301317787,false,0.31581882410133766
naive,0.1,0.17344687540430878,0.05253347379847041,0.030308604176230047,0.36958169968444904,true,0.19994515193033954
naive,0.1,0.08312174164691424,0.00560077409674692,0.10801952789557612,0.42376823700194355,false,0.26589388244875983
naive,0.1,0.10438060041160131,0.017087027900968416,0.0851910298591648,0.4639242729561682,true,0.2745576514076665
naive,0.1,0.10255313051575249,0.17148547890079446,-0.02959283419248268,0.32134143744280164,true,0.1458743016251595
naive,0.1,0.10785512188349586,0.13853439697376796,-0.015339497276332381,0.29314330852733117,true,0.1389019056254994
naive,0.1,0.09809388963609629,0.21756749991579,-0.0433544663944761,0.3029607401058861,true,0.129803136855705
naive,0.1,0.0968777527793618,0.0770230054176637,0.012355180755016515,0.34180238696115056,true,0.17707878385808354
naive,0.1,0.08717793106607581,0.03097247510133161,0.04654142419296939,0.34524580698896035,true,0.19589361559096488
naive,0.1,0.10617162165604772,0.0484583546162215,0.03045309493948445,0.3354454377419726,true,0.18294926634072853
naive,0.1,0.10506740370848115,0.011337081319893277,0.0822034278511779,0.3869834823804431,true,0.2345934551158105
naive,0.1,0.1201573308189532,0.0026314353306904526,0.12986276440668643,0.4433083271426994,false,0.2865855457746929
naive,0.1,0.11007270552862233,0.029742844823286554,0.04686506705863244,0.3385021578126741,true,0.19268361243565327
naive,0.1,0.08736629997816588,0.0009762405066180705,0.1536036878327879,0.4594020890570786,false,0.30650288844493323
naive,0.1,0.0964367915886504,0.07895102687233661,0.011172015719986328,0.3394628682235292,true,0.17531744197175778
naive,0.1,0.11248980848462276,0.005457961454316934,0.11079138709635833,0.43224270951069815,true,0.27151704830352824
naive,0.1,0.1092951597791414,0.08536804470719024,0.007800850497941214,0.34769832784777127,true,0.17774958917285624
naive,0.1,0.11180871514536429,0.0017408046118256733,0.16881898964060132,0.5424578750159708,false,0.355638432328286
naive,0.1,0.08953317550874115,0.15615761169101794,-0.022113015050567064,0.2987184479847398,true,0.13830271646708636
naive,0.1,0.08645996961526806,0.004707642389168365,0.11308317230090742,0.4279373253334933,false,0.27051024881720037
naive,0.1,0.09842217420626546,0.15131854635673306,-0.02039446369368425,0.29914517911719946,true,0.1393753577117576
naive,0.1,0.0671878587885068,0.0047512662969666246,-0.45842261495878245,-0.12091586391746048,false,-0.28966923943812145
naive,0.1,0.08831920653814306,0.07148692603213959,0.015035652570970698,0.32904951296254736,true,0.17204258276675902
naive,0.1,0.09133313334814265,0.4261250132941927,-0.08326410372943165,0.2393626852866736,true,0.07804929077862098
naive,0.1,0.08677890079803743,0.08544088110705139,0.00785896806118469,0.35211626168886523,true,0.17998761487502496
naive,0.1,0.12918734637265278,0.22752670444039022,-0.039107922210755805,0.2545553305277476,true,0.1077237041584959
naive,0.1,0.10874850128340319,0.15654456671119568,-0.023336671993640923,0.3132823348166155,true,0.14497283141148729
naive,0.1,0.09817798197968006,0.01814675084844516,0.06735267303369413,0.3760514992872961,true,0.2217020861604951
naive,0.1,0.05755971695022331,0.010458211756962647,0.0858092813339367,0.3941699976921875,false,0.23998963951306213
naive,0.1,0.08005477616627264,0.0004419182360834557,0.18937277717705017,0.5227240563165566,false,0.3560484167468034
naive,0.1,0.07530146494648776,0.06018502062645677,0.02516978360476521,0.3781430772326929,true,0.20165643041872905
naive,0.1,0.09278539255233748,0.23106348634829324,-0.04544300396168545,0.288824050549813,true,0.12169052329406378
naive,0.1,0.06549435056007208,0.027995020834070523,0.05514701047416695,0.3835030176223456,true,0.21932501404825627
naive,0.1,0.11220922873862839,0.01323790300558904,0.08409412454838797,0.4164202337475472,true,0.2502571791479676
naive,0.1,0.0764209781917123,0.1393815666191299,-0.017173658128322944,0.32162322020049916,true,0.1522247810360881
naive,0.1,0.10901560654990558,0.19447001849950812,-0.03415089699347848,0.2892552074698781,true,0.1275521552381998
naive,0.1,0.11011688618895117,0.014915349633590617,0.08084920462635647,0.41770187656006147,true,0.24927554059320897
naive,0.1,0.08098080120784637,0.0053452973543041005,0.12157384195296614,0.4722160809200392,false,0.2968949614365027
naive,0.1,0.13031366003264735,0.05010022008771739,0.03354779410454509,0.38473673828739197,true,0.2091422661959685
naive,0.1,0.04985373661292713,0.04154352442929093,0.038700602084038194,0.3624805248201091,true,0.20059056345207366
naive,0.1,0.10912906910057654,0.1747187804614131,-0.02911766279115982,0.30387804536940477,true,0.1373801912891225
naive,0.1,0.12351345498395225,0.026736979420059086,0.058203453149870216,0.3938355049295935,true,0.22601947903973188
naive,0.1,0.07832447189497294,0.0005736705497847362,0.18364090711733566,0.5194686039917791,false,0.35155475555455734
naive,0.1,0.11757679262913542,0.006380244329814254,0.12313396684904482,0.4972616527299955,false,0.31019780978952016
naive,0.1,0.08501375720931417,0.01821377067938332,0.06662395939769547,0.37256539471266836,true,0.2195946770551819
naive,0.1,0.1109610583300493,0.06539160461269725,0.016928874384771808,0.29859816548471696,true,0.15776351993474438
naive,0.1,0.09967951847041397,0.07559455438171672,0.011970116061217922,0.31032024912407485,true,0.16114518259264637
naive,0.1,0.0858678692871757,0.020901924517212015,0.07049714616587202,0.4192951154996165,true,0.24489613083274428
naive,0.1,0.10713293486825266,0.1484353323476819,-0.02064422294121107,0.3193083135927075,true,0.1493320453257482
naive,0.1,0.0628127638555666,0.04686562423224994,0.03145723899359307,0.3334633856780195,true,0.18246031233580626
naive,0.1,0.14066270350489676,0.004116982026804435,0.11006599714746707,0.40583796976958303,true,0.25795198345852505
naive,0.1,0.10015396247567628,0.16748758405264694,-0.025794333225353683,0.29498297296019876,true,0.13459431986742254
naive,0.1,0.10048598400088993,0.020114160569459378,0.06507351491682925,0.38018403106103305,true,0.22262877298893116
naive,0.1,0.08758239182595688,0.230529548633805,-0.041869464971253545,0.2670592971089518,true,0.11259491606884914
naive,0.1,0.061772952455192244,0.07781760926074413,0.013772984109149095,0.3956834010595216,true,0.20472819258433536
naive,0.1,0.11598875131553069,0.0005325521104678576,0.18458256251754862,0.5184099552767099,false,0.35149625889712927
naive,0.1,0.044029045048303295,0.04662481489916878,0.03226266926174359,0.340043296253961,true,0.1861529827578523
naive,0.1,0.13178180675354864,0.0024723307429730386,0.13216519089826725,0.4468039512977833,false,0.2894845710980253
naive,0.1,0.1210757632336993,0.12278647482247607,-0.010000901041359145,0.31359217869384504,true,0.15179563882624295
naive,0.1,0.13476765540489327,0.04409610484028344,0.036360765851649046,0.36112039481842106,true,0.19874058033503506
naive,0.1,0.0889565746167141,0.030223252141581405,0.05116159679189217,0.3734038746888032,true,0.2122827357403477
naive,0.1,0.12230214023035171,0.04177087438861494,0.044946373287673175,0.42316202300048134,true,0.23405419814407724
naive,0.1,0.08315218351960182,0.0039784353668485045,0.12869062584197452,0.47148419447242884,false,0.3000874101572017
naive,0.1,0.14770219304874435,0.023953576267620933,0.06394527308141973,0.40710117707610777,true,0.23552322507876375
naive,0.1,0.06427291715808903,0.01197595630876441,0.08109084570934785,0.38842453457771087,false,0.23475769014352937
naive,0.1,0.10063973794958836,0.03105814834759688,0.054514955791753916,0.40514568384522465,true,0.22983031981848928
naive,0.1,0.1300879634866059,0.17219014185561002,-0.024609398904945,0.2648836109009346,true,0.1201371059979948
naive,0.1,0.14829990837518148,0.36816253452814834,-0.3043841767032269,0.08910253978465955,false,-0.10764081845928368
naive,0.1,0.07049350316442093,0.012797162343332669,0.08356332804609232,0.409075806026149,false,0.24631956703612065
naive,0.1,0.08216916493091372,0.029980053246349767,0.0531378993691331,0.3857888465539739,true,0.2194633729615535
naive,0.1,0.11324250417597485,0.24628247428233124,-0.04710973516453612,0.2721496451566032,true,0.11251995499603354
naive,0.1,0.09901263890467572,0.023975145506620207,0.06696123767903453,0.42650478991461205,true,0.24673301379682328
naive,0.1,0.1283169685630876,0.23189130061348484,-0.04630059499970217,0.29266580532023273,true,0.12318260516026529
naive,0.1,0.10279195577960995,0.003106798917075298,0.14135236265255569,0.4957480906604622,false,0.31855022665650895
naive,0.1,0.05192029335266735,0.1345589237058834,-0.01390321273031575,0.2941141524374633,true,0.14010546985357378
naive,0.1,0.06659900576546167,0.0006392995815773861,0.21947011077088177,0.627487174821642,false,0.42347864279626185
naive,0.1,0.10783357474067322,0.13849432298620007,-0.014964362802809855,0.28625140996731024,true,0.1356435235822502
naive,0.1,0.1449750260817547,0.01024087903636539,0.08644036439137084,0.3946151762936474,true,0.24052777034250913
naive,0.1,0.08584592927478178,0.0027332154320807434,0.1188337703896836,0.4081109177429898,false,0.2634723440663367
naive,0.1,0.11483024976322848,0.11449273234235573,-0.006085217051538555,0.2947817689471597,true,0.14434827594781055
naive,0.1,0.1134879088635596,0.050316789838928636,0.030649605375481864,0.35339559889644223,true,0.19202260213596203
naive,0.1,0.10834943911948265,0.08976137736243459,0.005092394241654696,0.3284734805300877,true,0.1667829373858712
naive,0.1,0.09545351488069158,0.21631131753058477,-0.03891822953131849,0.27452836815222736,true,0.11780506931045445
naive,0.1,0.04469263246409697,0.14573281361533766,-0.018194842227288066,0.29669737684387226,true,0.1392512673082921
naive,0.1,0.10260938437364793,0.0011117115640510453,0.1710342799577861,0.5192620381813889,false,0.3451481590695875
naive,0.1,0.1306659961999509,0.004945139711475144,0.1085912127902168,0.4150366375715564,true,0.2618139251808866
naive,0.1,0.06776292314263231,0.002174147571625143,0.13242970834645773,0.43912158535081736,false,0.28577564684863754
naive,0.1,0.08950657617548534,0.33702865668088894,-0.06775047320761975,0.2577152751933593,true,0.09498240099286977
naive,0.1,0.11078384678898218,0.34454668372547825,-0.07168756668730333,0.26539033313820204,true,0.09685138322544934
naive,0.1,0.11207229542540181,0.03242390267308281,0.04748408017880121,0.363509479247737,true,0.20549677971326913
naive,0.1,0.15722764081757754,0.004885393629577534,0.1422412437204197,0.542305792161322,true,0.34227351794087085
naive,0.1,0.10280297312504377,0.010200081232425077,0.08634041743508222,0.39369802923143193,true,0.24001922333325706
naive,0.1,0.07854765107959655,0.07332573180162466,0.01471497122943119,0.34640285022204487,true,0.18055891072573804
naive,0.1,0.057343492256540604,0.025672728313513582,0.05921169918850486,0.3914614965783846,false,0.22533659788344473
naive,0.1,0.15454539144665477,0.02170763869103023,0.0670256950548927,0.405940329312775,true,0.23648301218383386
naive,0.1,0.1069716067809501,0.06900565400016635,0.01604555842094174,0.320231916088746,true,0.16813873725484388
naive,0.1,0.06002688087136374,0.1685582024522751,-0.02716978446258106,0.3063372562612119,true,0.13958373589931541
naive,0.1,0.12506717957930846,0.11706720805997535,-0.009149345800303216,0.3784681031921019,true,0.18465937869589935
naive,0.1,0.09684427837006998,0.09306398985100206,0.003775566946846387,0.3627669193560691,true,0.18327124315145774
naive,0.1,0.0643867970596442,0.004404165224480208,0.11158721323925808,0.416780649280789,false,0.26418393126002354
naive,0.1,0.08164119507916145,0.01085461459034543,0.10180500378367335,0.47289858963335757,false,0.28735179670851546
naive,0.1,0.10323172688246754,0.231465676813745,-0.044525248478713586,0.2822370185133623,true,0.11885588501732436
naive,0.1,0.09134218955950332,0.005358025867152885,0.12878232695262962,0.5004665229874042,false,0.3146244249700169
naive,0.1,0.09203221446752287,0.04741636556680188,0.03339486348921375,0.35870304196026537,true,0.19604895272473954
naive,0.1,0.10731478590260843,0.004695018652658119,0.1139800071876618,0.43110039638928,false,0.2725402017884709
naive,0.1,0.11185908123455,0.023839915750500502,0.06265724495556202,0.3979022999415754,true,0.2302797724485687
naive,0.1,0.11358997265721074,0.24217807720143883,-0.047548921591237414,0.2815571879870092,true,0.11700413319788588
naive,0.1,0.09183353829772728,0.011076637384373632,0.09675040772016055,0.45220504683702134,false,0.27447772727859093
naive,0.1,0.10973825834385788,0.04319952844401897,0.03440186729986586,0.3346550976411957,true,0.1845284824705308
naive,0.1,0.0756785230063284,0.03996963187010474,0.037682778867120625,0.3406216554685276,true,0.1891522171678241
naive,0.1,0.1102943490720404,0.020084300460319025,0.0731146868225459,0.426873148410133,true,0.24999391761633946
naive,0.1,0.07676669484168609,0.013198212268179636,0.08633031587058923,0.427054942579453,false,0.2566926292250211
naive,0.1,0.09331850383942111,0.0013116635283541608,0.15009638539264455,0.4648899249587899,false,0.30749315517571724
naive,0.1,0.07497705375096927,0.17977290288659994,-0.27017171259469186,0.027448552077506835,false,-0.12136158025859252
naive,0.1,0.08549229025337338,0.09511877657881189,0.002330123751271368,0.319879390437119,true,0.16110475709419517
naive,0.1,0.05897988775054221,0.014169535258110624,0.08567995849697821,0.4344832720731361,false,0.26008161528505713
naive,0.1,0.10468218746085821,0.05269950575764742,0.026463842334144116,0.3240771677645635,true,0.17527050504935382
naive,0.1,0.14879010811383483,0.016873863263574703,0.07671407566366484,0.4156475592554861,true,0.24618081745957546
naive,0.1,0.15356999156142057,0.12287913170985612,-0.010758655882900953,0.3360500112580358,true,0.1626456776875674
naive,0.1,0.15663983027418982,0.018805055617444673,0.08036872433638356,0.45564521447300044,true,0.268006969404692
naive,0.1,0.11558538494473682,0.004250693604504752,0.11798660073511058,0.43768692484596106,false,0.2778367627905358
naive,0.1,0.1489649372747503,0.006320983988169331,0.11435772010592038,0.4608351395284839,true,0.2875964298172021
naive,0.1,0.07294912288541369,0.06322728619689977,0.021869597854458356,0.36005641924480614,true,0.19096300854963225
naive,0.1,0.12766148731634328,0.006319042760710959,0.10599560109106423,0.42710779568238655,true,0.2665516983867254
naive,0.1,0.13077012765132529,0.001470272709829341,0.15828353752285457,0.49736589927712777,false,0.32782471839999117
naive,0.1,0.05532497448657408,0.017510425656680918,0.08620068640800857,0.4741507970169502,false,0.2801757417124794
naive,0.1,0.13750947331730232,0.000555708154438537,0.18242465235410568,0.5144423403224662,false,0.3484334963382859
naive,0.1,0.07292148817804651,0.01963085443114473,0.059910040260995834,0.3461749344504258,true,0.20304248735571082
naive,0.1,0.06498306599135871,0.0037937935224418833,0.12038696830334089,0.4372264996050404,false,0.27880673395419064
naive,0.1,0.12822800689458821,0.018657232558708773,0.08490840968234281,0.47973688434637507,true,0.28232264701435894
naive,0.1,0.13170668233854596,0.00012074617171012532,0.2160896706965119,0.5392495374071431,false,0.3776696040518275
naive,0.1,0.09386293994914921,0.08539377228083418,0.007349705563343856,0.3281917180823553,true,0.16777071182284958
naive,0.1,0.09136927661399914,0.1428179743629956,-0.018762892512196483,0.3251513497805238,true,0.15319422863416365
naive,0.1,0.06045390989802172,0.0034391994629125295,0.12310588435210237,0.439342378167647,false,0.28122413125987467
naive,0.1,0.13667706235147592,0.004933360070721855,0.11096894379806463,0.4239183480052102,true,0.26744364590163744
naive,0.1,0.0385321241203852,0.027467862595410418,0.0538409359914625,0.3701564120655332,false,0.21199867402849784
naive,0.1,0.10097863090470754,0.03131792086777359,0.055197523445340596,0.41253599499030824,true,0.2338667592178244
naive,0.1,0.12044137185697901,0.19514898870165773,-0.0365230957506939,0.30739521298643724,true,0.13543605861787167
naive,0.1,0.14719706024512555,0.2854589904084154,-0.054916635025439975,0.2583385320646154,true,0.1017109485195877
naive,0.1,0.10450792892513593,0.2621458181887484,-0.04718537306889205,0.24931925906929625,true,0.1010669430002021
naive,0.1,0.062122688458921285,0.14229945326150487,-0.2811044712666122,0.016039237410113816,false,-0.1325326169282492
naive,0.1,0.0944440933557841,0.019398708564148708,0.07077260439997823,0.40676997725012204,true,0.23877129082505014
naive,0.1,0.047511536502410474,0.03901338613053008,0.04570046681494436,0.40434552819229574,true,0.22502299750362004
naive,0.1,0.12455801234160176,0.00318161174137453,0.1268830825750547,0.4467924705158037,false,0.2868377765454292
naive,0.1,0.11687485594567966,0.03550217538280999,0.044777312206851605,0.3665919691822459,true,0.20568464069454875
naive,0.1,0.015697618061799125,0.12471222146754485,-0.0110771591683613,0.3215253422451868,true,0.15522409153841277
naive,0.1,0.08150448315365175,0.013225955973304147,0.09313148634006085,0.46102936109498593,false,0.2770804237175234
naive,0.1,0.12439470050449548,0.013926026181165571,0.0848883361611093,0.42782531024377785,true,0.2563568232024436
naive,0.1,0.07772779356736985,0.0806310563659334,0.011197620993234597,0.3716983255524545,true,0.19144797327284455
naive,0.1,0.08490759894895988,0.03419506390539304,0.04814024236066444,0.3830183302732971,true,0.21557928631698078
naive,0.1,0.10761026629791107,0.05022688000805459,0.03043011474874821,0.35008138258580646,true,0.19025574866727732
naive,0.1,0.08223643396596828,0.06461854008909501,0.019538757049452155,0.33611951647208516,true,0.17782913676076867
naive,0.1,0.09769237924916593,0.003950128486255861,0.11639982683541633,0.4258903674660461,false,0.2711450971507312
naive,0.1,0.1266985551908107,0.15561768251454547,-0.023285363968227973,0.3173376905372072,true,0.14702616328448959
naive,0.1,0.0891981166552286,0.18283562462626182,-0.02818088561833243,0.26821657749448624,true,0.1200178459380769
naive,0.1,0.11237328108554513,0.02545829745519413,0.055020345841688745,0.362049602270204,true,0.20853497405594637
naive,0.1,0.14471683474567856,0.0039713131612290785,0.11316883211679515,0.41447913768589695,true,0.26382398490134606
naive,0.1,0.06923029924806945,0.00029086388154849754,0.19734849802699508,0.5254936302281363,false,0.3614210641275657
naive,0.1,0.10422846200071084,0.08014034899257087,0.010271763935778055,0.33203446411953585,true,0.17115311402765696
naive,0.1,0.09035570811746071,0.011517015642104129,0.08501665618986015,0.402202595869142,true,0.24360962602950106
naive,0.1,0.15703672933529686,0.1327913037385365,-0.013566935266999147,0.30147314187369895,true,0.1439531033033499
naive,0.1,0.035873820620211695,0.1292324607453596,-0.01143397649848002,0.28307750139292964,true,0.1358217624472248
naive,0.1,0.1184753493363054,0.04742532378012047,0.03529542408741049,0.3791990574296331,true,0.2072472407585218
naive,0.1,0.09682671033557999,0.013742181571883914,0.0734196182071837,0.3682983236197269,true,0.22085897091345533
naive,0.1,0.08924147910759461,1.6915615928297662e-6,0.32208839153095414,0.6592852355395004,false,0.49068681353522725
naive,0.1,0.07972925004253711,0.13014091808883266,-0.012442726155603684,0.29929132788036494,true,0.14342430086238062
naive,0.1,0.11684252518010002,0.07899219703906898,0.010128487024175015,0.30839830872296553,true,0.15926339787357027
naive,0.1,0.06889017625037311,0.022807780447260277,0.06032136347873118,0.37441468541544604,true,0.2173680244470886
naive,0.1,0.06576001102594695,0.020288184951683746,0.06171015044487349,0.36196435329677756,true,0.21183725187082553
naive,0.1,0.1242367768951239,0.07230987714042057,0.016069155799913526,0.3631463114432184,true,0.18960773362156597
naive,0.1,0.06415719039584802,0.05587222137727845,0.03021627353226994,0.40226388722222517,true,0.21624008037724757
naive,0.1,0.09060153267440817,0.0018824586340347117,0.15131727980087523,0.49149489765349536,false,0.3214060887271853
naive,0.1,0.0944819299545254,0.038276568456213474,0.03764808195896713,0.3276792689776477,true,0.18266367546830742
naive,0.1,0.08162794096091355,0.024074678575655598,0.06619402549215847,0.42254399969055306,true,0.24436901259135577
naive,0.1,0.11122291142688845,0.3276372828996393,-0.06459137749082111,0.2544723225015181,true,0.09494047250534848
naive,0.1,0.08932019268889291,0.11798831249810031,-0.007991111883899477,0.31424879189440746,true,0.153128840005254
naive,0.1,0.07980714178629443,0.07865587798451217,0.00984903841931381,0.29485064396458405,true,0.15234984119194894
naive,0.1,0.17640001469399497,0.07353707875875626,0.015401222269034148,0.36571420561411294,true,0.19055771394157356
naive,0.1,0.10155602348591718,0.0017837877161362516,0.12718351215126397,0.41003702015067467,false,0.26861026615096933
naive,0.1,0.0891295576727941,0.15999820454666183,-0.0217660121498425,0.2768618725131825,true,0.12754793018167002
naive,0.1,0.12500311924847954,0.07856402406067929,0.011574846736986222,0.3449309513123792,true,0.17825289902468272
naive,0.1,0.0728930323251526,0.0012033522912364963,0.15973068677573554,0.4895430574140406,false,0.32463687209488806
naive,0.1,0.06569526350075626,0.0005768976584700729,0.17591031780705074,0.4978724529228316,false,0.3368913853649412
naive,0.1,0.11876346892789663,0.051446489482090615,0.028959679287911738,0.3434998762980719,true,0.1862297777929918
naive,0.1,0.0641909735281931,0.0430771867976156,0.03386064067193148,0.3284638545775296,true,0.18116224762473052
naive,0.1,0.10522315428430154,0.2284193914652857,-0.25225204427580467,0.03899040449585227,false,-0.1066308198899762
naive,0.1,0.06833043956874824,0.14490011563908198,-0.01687514172544835,0.2798820029467126,true,0.13150343061063213
naive,0.1,0.09791798288445273,0.009027284360274968,0.11265677119940667,0.4962430158404989,false,0.3044498935199528
naive,0.1,0.10177871074736432,0.21032531409308663,-0.04136394726927667,0.30560557912484765,true,0.1321208159277855
naive,0.1,0.10909338274494225,0.19819700404423604,-0.035734317837520235,0.292496908029923,true,0.1283812950962014
naive,0.1,0.08498843532116683,0.0003572803906902744,0.18256330439331053,0.4945646675101096,false,0.33856398595171006
naive,0.1,0.07705126315538695,0.19396525036505405,-0.03659057843644756,0.3113909475010118,true,0.13740018453228212
naive,0.1,0.12746284510645745,0.03476837721472819,0.050728848831215256,0.40869940091880924,true,0.22971412487501225
naive,0.1,0.08947723641283199,0.063697439965733,0.017894083688189788,0.2989618861618653,true,0.15842798492502755
naive,0.1,0.09411247442227959,0.15697645176421676,-0.02000167707805567,0.2666575951773715,true,0.1233279590496579
naive,0.1,0.12436066827780617,0.012285138784455587,0.10347243659065264,0.49974359648592703,true,0.30160801653828984
naive,0.1,0.11345975699075085,0.0010490432811157,0.16375440675948696,0.4938065225504249,false,0.3287804646549559
naive,0.1,0.13454482784497673,0.27313544467136686,-0.057408230182780365,0.28660284525629637,true,0.114597307536758
naive,0.1,0.06824964326136533,0.16210987112470715,-0.02680308580552948,0.33040498410967833,true,0.15180094915207443
naive,0.1,0.13282490027383026,0.0029337590806274073,0.11981712052742388,0.4162381798796613,true,0.2680276502035426
naive,0.1,0.15881091835584807,0.02442441715553097,0.05816534123285508,0.37416292488518976,true,0.2161641330590224
naive,0.1,0.09307150872278615,0.04406683859051196,0.037699609828159175,0.374162960616741,true,0.20593128522245008
naive,0.1,0.13926340349955824,0.030694302583492383,0.05375005065299898,0.39632212433992503,true,0.225036087496462
naive,0.1,0.10495327379041117,0.42453936749801535,-0.08846364043985991,0.2554160237447556,true,0.08347619165244782
naive,0.1,0.09182229152459633,0.005437558098792195,0.09531367984979575,0.3715614295635493,false,0.23343755470667255
naive,0.1,0.05316723615951058,0.17270946463243947,-0.030751101364784927,0.3288669499290779,true,0.14905792428214648
naive,0.1,0.15936595101803686,0.08914501770605594,0.005584746802825918,0.3391909844936495,true,0.17238786564823771
naive,0.1,0.0662023144895374,0.05515142843724995,0.025744673772698567,0.3361692901128429,true,0.18095698194277074
naive,0.1,0.09239994261373617,0.00808396425808318,0.10081108661032206,0.43123111462810265,false,0.26602110061921236
naive,0.1,0.10841766980745841,0.18056010566998484,-0.027810856780256882,0.27134952647798727,true,0.12176933484886518
naive,0.1,0.07339917302528504,0.008524450926679897,0.10156194386464426,0.44051614687051477,false,0.2710390453675795
naive,0.1,0.11345454682518709,0.15985745808591753,-0.024178800242158932,0.3082087580942625,true,0.14201497892605178
naive,0.1,0.11960840052839583,0.09131125614535938,0.004078864111486613,0.31136230538802173,true,0.15772058474975417
naive,0.1,0.10407707302207114,0.01595724019281628,0.08307130007094349,0.4402824437311346,true,0.26167687190103905
naive,0.1,0.07569846982213332,0.20763169486844651,-0.28769623910386416,0.038104129911968834,false,-0.12479605459594766
naive,0.1,0.12720620977001632,0.07373351984208446,0.014745309485359709,0.35299106784392253,true,0.1838681886646411
naive,0.1,0.06806114576701441,0.16007546815490212,-0.02205434643359855,0.28020194913363455,true,0.129073801350018
naive,0.1,0.13086195090526234,0.012119599358406275,0.08944769927241955,0.43010578725418214,true,0.25977674326330086
naive,0.1,0.07674292508344312,0.0650820721473842,0.02127685396074047,0.37152960282120245,true,0.19640322839097146
naive,0.1,0.0738336818737674,0.02827469774437128,0.0554918036013857,0.38825104892850526,true,0.2218714262649455
naive,0.1,0.14635110146068908,0.049441991623394646,0.030920645566763744,0.34888801857834506,true,0.1899043320725544
naive,0.1,0.09965591006402828,0.1444234889782826,-0.0201108106278938,0.3368497695866103,true,0.15836947947935825
naive,0.1,0.08861778665576393,0.03217522127613837,0.050697063670715636,0.386015585295026,true,0.21835632448287082
naive,0.1,0.0820174117667292,0.0676077958735892,0.017663175072744425,0.33560570193670713,true,0.1766344385047258
naive,0.1,0.07963427697387371,0.0003115481454237727,0.18826717259424808,0.5041541921686663,false,0.3462106823814572
naive,0.1,0.1101038130353857,0.004712668714156738,0.12218445674832076,0.4624774905122844,false,0.2923309736303026
naive,0.1,0.13702319776301486,0.37657378813627784,-0.07599981666270143,0.25269901807361855,true,0.08834960070545857
naive,0.1,0.09422356364481055,0.13427291811234177,-0.012975346735596416,0.2766291601286217,true,0.13182690669651265
naive,0.1,0.0994649830677253,0.019557282627689437,0.0799362036145056,0.461113056613638,true,0.2705246301140718
naive,0.1,0.09539541393861047,0.014502758520169556,0.08039920755838073,0.41113150920371755,true,0.24576535838104915
naive,0.1,0.1160498613530385,0.09856560268939982,0.0006795478550419287,0.320309416205034,true,0.16049448203003797
naive,0.1,0.10248357212028472,0.018200276440568926,0.06646436417747104,0.3715558898409313,true,0.21901012700920117
naive,0.1,0.09342722475678913,0.07889801983839113,0.011505161276222697,0.34864906300753595,true,0.18007711214187933
naive,0.1,0.07102109973464579,0.19567653796213003,-0.2785733650246736,0.033260762206322195,false,-0.1226563014091757
naive,0.1,0.11592181206139603,0.12916894656823757,-0.011885949005254887,0.29487169916643685,true,0.141492875080591
naive,0.1,0.06692742292457483,0.11757347553681999,-0.008920132501841455,0.3587452904838405,true,0.17491257899099955
naive,0.1,0.09944958796622076,0.011386637818067258,0.08632968916072234,0.4069611762559867,true,0.2466454327083545
naive,0.1,0.10461371485232149,0.0019142277286329035,0.1561463633155735,0.5083715512314712,false,0.33225895727352234
naive,0.1,0.0732794979862873,0.13128880140953691,-0.011843309777140654,0.27502593238137696,true,0.13159131130211815
naive,0.1,0.14687633862863272,0.002186081563276844,0.15027073208802053,0.4986819650279237,false,0.32447634855797214
naive,0.1,0.10697975223826045,1.6919761172053943e-7,0.35683268537821433,0.6842289187632841,false,0.5205308020707492
naive,0.1,0.06976476871897479,0.3508143607042697,-0.06788899698740844,0.24585293664030364,true,0.0889819698264476
naive,0.1,0.09942163386414427,0.005926858321484707,0.10746480388628205,0.4268366701651078,false,0.2671507370256949
naive,0.1,0.10050540814605993,0.4457365273273221,-0.23041198832117032,0.08444608897868007,false,-0.07298294967124512
naive,0.1,0.12688910006413937,0.04731165544726308,0.030940004266120286,0.3315003966902411,true,0.18122020047818072
naive,0.1,0.14102941900351673,0.031343153300491915,0.051021507244948805,0.38153398293818397,true,0.2162777450915664
naive,0.1,0.09470055006618888,0.019637572935362585,0.06899596082256143,0.3987369632659113,true,0.23386646204423636
naive,0.1,0.09402135089314814,0.007859216959552507,0.10588846643425157,0.44969054190313107,false,0.2777895041686913
naive,0.1,0.07553018222708814,0.05104330068070691,0.031175029313665142,0.36604106752010024,true,0.19860804841688268
naive,0.1,0.06521183240594182,0.05950917279009505,0.020317544297688478,0.2993250181663537,true,0.1598212812320211
naive,0.1,0.10421689094868022,0.08874297829592684,0.006409046797771156,0.3749281369797381,true,0.19066859188875462
naive,0.1,0.12065583900573693,0.040899478423483376,0.044006970586927985,0.40620919079463047,true,0.22510808069077923
naive,0.1,0.1132946562315921,0.060389226987752356,0.020450405233311042,0.30907962168241704,true,0.16476501345786404
naive,0.1,0.057873577153415616,0.08664021565459282,0.007124188539303439,0.3490649619698998,true,0.1780945752546016
naive,0.1,0.10024586998338648,0.002176344287490018,0.12737578349089895,0.4224260869634737,false,0.27490093522718634
naive,0.1,0.07214652438995874,0.17315074316558174,-0.027632758931471546,0.2939177397422396,true,0.13314249040538403
naive,0.1,0.13600058450066996,0.19833537381323374,-0.03516626892318553,0.2874898247825957,true,0.1261617779297051
naive,0.1,0.12832761549489588,0.02301696679313486,0.06226777912149811,0.38829515112574364,true,0.22528146512362088
naive,0.1,0.14952689054929716,0.10889584228729327,-0.004656767485695795,0.3629106006339915,true,0.17912691657414787
naive,0.1,0.08931888207000366,0.022414227465200002,0.06080878101575049,0.3741494325672538,true,0.21747910679150215
naive,0.1,0.11015079965564624,0.049006297337060196,0.03251073016564446,0.36292876915104044,true,0.19771974965834244
naive,0.1,0.10057500204177026,0.022663219660904295,0.06419800774232154,0.3971985835732593,true,0.23069829565779043
naive,0.1,0.14904096018223537,0.002764507879117889,0.13108251272326904,0.4509989049592899,true,0.29104070884127947
naive,0.1,0.11936420543666869,0.21857642428315097,-0.04566141762366965,0.3167061506462389,true,0.13552236651128463
naive,0.1,0.057094770214392694,0.009929070005654793,0.09544210773292006,0.43180855401102547,false,0.26362533087197276
naive,0.1,0.0992105224022517,0.08388401251255745,0.009130572323431507,0.36787477387886547,true,0.1885026731011485
naive,0.1,0.08664867130975455,0.1219029258096574,-0.009606683036622182,0.3128149419050984,true,0.1516041294342381
naive,0.1,0.12322262666098588,0.10326026502336462,-0.0014317606703052876,0.3004113201070229,true,0.14948977971835878
naive,0.1,0.08000533898182212,0.03341190023317257,0.051585051058514686,0.40348037975887474,true,0.2275327154086947
naive,0.1,0.11051515566871475,0.09707508498731361,0.0014288983138809608,0.32903686310728786,true,0.1652328807105844
naive,0.1,0.10199747653758515,0.17242588949534107,-0.029356447467162566,0.3150549957787796,true,0.14284927415580853
naive,0.1,0.1509780300982986,0.005252567819439975,0.11314410124510363,0.43785949600399243,true,0.27550179862454804
naive,0.1,0.10303059409376285,0.03415746814904549,0.04505994317741266,0.3582165874076799,true,0.20163826529254628
naive,0.1,0.07358015139381568,0.11206486074374297,-0.005126343605848238,0.296701799697052,true,0.1457877280456019
naive,0.1,0.08151249365247566,0.10450955419962075,-0.0023890452297288256,0.3634986434538118,true,0.18055479911204148
naive,0.1,0.1321612278263009,0.08121895563539545,0.010764381221819497,0.3691705770930704,true,0.18996747915744494
naive,0.1,0.14404904832186297,0.5187045734049693,-0.11235271053989546,0.2574359860673191,true,0.07254163776371184
naive,0.1,0.07697577411108007,0.09100868633550892,0.004997518739192741,0.36834400002343864,true,0.1866707593813157
naive,0.1,0.0953746805071651,0.023517512048079052,0.0596095302384515,0.3758619750085887,true,0.2177357526235201
naive,0.1,0.1714442484078479,0.007560680065593426,0.1046324932983034,0.4400448876857963,true,0.27233869049204984
naive,0.1,0.1347125832822239,0.11099003445618025,-0.00572737218183908,0.36302686898396685,true,0.1786497484010639
naive,0.1,0.09331552043458452,0.09962303924034067,0.00017370284567741479,0.31238815849465196,true,0.15628093067016469
naive,0.1,0.05138204117138697,0.033120019828705674,0.045777953517391695,0.3557920200124949,true,0.20078498676494327
naive,0.1,0.0987283694731183,0.039572670642220996,0.043588132273000346,0.39050893827484207,true,0.2170485352739212
naive,0.1,0.13856252603728933,0.005518882004050741,0.1060276785185385,0.4146395507453225,true,0.2603336146319305
naive,0.1,0.07799343585175679,0.11550643342437188,-0.006432853574230346,0.2918963942627357,true,0.1427317703442527
naive,0.1,0.038533225151215204,0.20919721426311272,-0.315530495674798,0.04232387131655946,true,-0.13660331217911928
naive,0.1,0.07155481756263488,0.02419796325394553,0.05785955270198137,0.3703458710338292,true,0.2141027118679053
naive,0.1,0.10339978812606065,0.1265651542335883,-0.011061602692921418,0.2997851513466213,true,0.14436177432684996
naive,0.1,0.07168521969621558,0.02950872449072075,0.048156504784337084,0.346069243473379,true,0.19711287412885803
naive,0.1,0.0906203213133236,0.04428617603288146,0.04195672365041267,0.418541744181425,true,0.23024923391591884
naive,0.1,0.08313865406890872,0.09525713054256287,0.002367332570412356,0.3345896936742633,true,0.16847851312233783
naive,0.1,0.09542873063680375,0.20701062224936423,-0.04169189892158176,0.31638911337183806,true,0.13734860722512815
naive,0.1,0.12058950939760162,0.07078848683574096,0.017016612388068453,0.3626164139420623,true,0.18981651316506537
naive,0.1,0.06692161207984956,0.07363207704746708,0.014947480001350572,0.35633255432685085,true,0.1856400171641007
naive,0.1,0.06395320557798394,0.07303875263729925,-0.38748176639422915,-0.016653241989390943,false,-0.20206750419181005
naive,0.1,0.08926452348310383,0.18358959317176354,-0.03361881151102586,0.3174016778261125,true,0.14189143315754332
naive,0.1,0.09083922081917203,0.06920556816862872,0.015254257986433262,0.3066346150541371,true,0.16094443652028517
naive,0.1,0.1167280915689476,0.10949485143324178,-0.004812670107938788,0.3518837353550101,true,0.17353553262353566
naive,0.1,0.06008406675384544,0.03446377373104859,0.04758492847396273,0.38082729019168193,true,0.21420610933282233
naive,0.1,0.08535990221698148,0.040175130102415184,0.037590880833971524,0.3413638998069185,true,0.189477390320445
naive,0.1,0.1359951959195681,0.003303275464145545,0.1205003442719679,0.42704578900239976,true,0.2737730666371838
naive,0.1,0.09611668354919857,0.00025878402662659337,0.21547711011180362,0.5683961762527971,false,0.39193664318230037
naive,0.1,0.05814352006917794,0.2688958259415859,-0.28773933958101827,0.05641302585687273,false,-0.11566315686207278
naive,0.1,0.10321656389032861,0.1037400821998857,-0.0017027546795985171,0.311799884220854,true,0.15504856477062773
naive,0.1,0.13231217198548048,0.2087560890707928,-0.040269735942937535,0.301285219359809,true,0.13050774170843574
naive,0.1,0.06830375883530222,0.007888941959453487,0.11944565472801355,0.507753320547641,false,0.3135994876378273
naive,0.1,0.12907369600272076,0.03956403949051975,0.045529944444246906,0.4078269115339702,true,0.22667842798910856
naive,0.1,0.11260324943735413,0.06863677496826495,0.019224242048447165,0.378657464552032,true,0.19894085330023956
naive,0.1,0.08771008316411455,0.02429886828093367,0.06433740039474053,0.4127247815775613,true,0.23853109098615094
naive,0.1,0.12028815697577834,0.12535525123870508,-0.010283047517280403,0.2912812885540911,true,0.14049912051840532
naive,0.1,0.08641593333432691,0.09756408580259195,0.0010393348999147567,0.28773866099436685,true,0.1443889979471408
naive,0.1,0.11169790304071686,0.05630288352365156,0.02714754662604721,0.3656511072908486,true,0.19639932695844792
naive,0.1,0.06350758316253625,0.16832038608153263,-0.026494374053139924,0.29965846248226896,true,0.13658204421456452
naive,0.1,0.1124711893756636,0.10020255570778634,-0.00010047247365305156,0.3367592317164386,true,0.16832937962139277
naive,0.1,0.11293332596299895,0.0041990476408104655,0.11755558129669891,0.4350743800949303,false,0.2763149806958146
naive,0.1,0.12879047307939667,0.11075749913715796,-0.005206514486648717,0.3369683811819012,true,0.16588093334762624
naive,0.1,0.07695357214870907,0.029271355820288978,0.0501515677809837,0.358556484200116,true,0.20435402599054983
naive,0.1,0.12189322730698693,0.02596602466579872,0.05581237347198223,0.3713599428130905,true,0.21358615814253637
naive,0.1,0.14830982607880294,0.05071988888310888,0.02933013482814717,0.34159920954957895,true,0.18546467218886306
naive,0.1,0.14257106550395326,0.13977121064472875,-0.016781495890050374,0.3114164967512222,true,0.1473175004305859
naive,0.1,0.14385477362452545,0.011179078052705092,0.08357794338987293,0.39174638728569244,true,0.23766216533778267
naive,0.1,0.10022709020596875,0.1651336446147373,-0.022653025324337522,0.2674930114494163,true,0.12241999306253937
naive,0.1,0.10105128700716964,0.24570427758138721,-0.0485228786449443,0.28127827223173496,true,0.11637769679339534
naive,0.1,0.11681385485316115,0.034300374017577,0.04351165539231172,0.3469884086835217,true,0.19525003203791672
naive,0.1,0.05876877055068859,0.243987475681667,-0.04954975065399686,0.29020099793942344,true,0.12032562364271329
naive,0.1,0.13148280611528612,0.08025731741438867,0.00977318905763025,0.3179053211448498,true,0.16383925510124003
naive,0.1,0.1436557046304574,0.07879144937303482,0.011729666091211982,0.3535472465387205,true,0.18263845631496625
naive,0.1,0.08128980774712366,0.017158854846471602,0.07241095510936532,0.3950008540667409,true,0.23370590458805313
naive,0.1,0.127383410948156,0.027954216458845094,0.05720479002882947,0.397460862016506,true,0.22733282602266774
naive,0.1,0.06022484730333005,0.01940623577481451,0.07738405354741557,0.4448465911647825,false,0.261115322356099
naive,0.1,0.08331639269888934,0.02619683290905963,0.0551418605751936,0.3687516082519248,true,0.2119467344135592
naive,0.1,0.095452120578653,0.1140292867552579,-0.006567288612510241,0.3283088260981013,true,0.16087076874279554
naive,0.1,0.10957192705472896,0.12157159889107617,-0.00963216395570074,0.31824458352983687,true,0.15430620978706808
naive,0.1,0.08425230467817876,0.11146382003234004,-0.005570646748666225,0.33886274454334064,true,0.16664604889733722
naive,0.1,0.10135524279674567,0.02742645535471925,0.05330316456210005,0.3661295024217359,true,0.20971633349191798
naive,0.1,0.04469201021147997,0.14104950986135328,-0.307163125013793,0.017045597779706045,false,-0.14505876361704348
naive,0.1,0.09403692497017327,0.12065376205980756,-0.009454997826542744,0.3256533531454015,true,0.15809917765942938
naive,0.1,0.10641583156122063,0.02398468039101129,0.06467436650277394,0.41202532784809043,true,0.2383498471754322
naive,0.1,0.12054535319632245,0.03770273915377332,0.04530965047923674,0.38937522181884504,true,0.2173424361490409
naive,0.1,0.1172022846875722,0.014597518924605831,0.07255820982632463,0.3719152960863422,true,0.2222367529563334
naive,0.1,0.0946894308030451,0.010544276474579211,0.0901678116436832,0.41520280618975697,true,0.2526853089167201
naive,0.1,0.11353517198743443,0.03236170680222669,0.04643886044106674,0.35502792067614886,true,0.20073339055860778
naive,0.1,0.1233121412791297,0.03346003744144821,0.046181064290729934,0.3615910382177142,true,0.20388605125422207
naive,0.1,0.09509848516621489,0.35686752169094543,-0.07078509218438993,0.25106865881876755,true,0.09014178331718882
naive,0.1,0.10112010421927527,0.0019445266736295198,0.13333386658331026,0.4350621761798029,false,0.2841980213815566
naive,0.1,0.16131435972417488,0.034122615437049954,0.05089463472786698,0.40429358334765697,true,0.22759410903776198
naive,0.1,0.13664676784916036,0.11168720963037419,-0.006627551211994043,0.3956475191336194,true,0.19450998396081268
naive,0.1,0.07686707975579897,0.1181157271055326,-0.00804548147862208,0.3142467869145045,true,0.15310065271794118
naive,0.1,0.08382624843325134,0.05495664956091953,-0.3964329879313413,-0.03051773123612697,false,-0.21347535958373412
naive,0.1,0.06698853059719329,0.005032678727722356,0.11718337937895604,0.4494869135679833,false,0.2833351464734697
naive,0.1,0.07338447334139864,0.00982661916378943,0.0967446176076246,0.43639822534735834,false,0.26657142147749147
naive,0.1,0.10227198755251278,0.05818814673134734,0.023009356567164796,0.32648454787399067,true,0.17474695222057773
naive,0.1,0.08050178163835907,0.14189792717367286,-0.0167224883439199,0.2956798249633933,true,0.1394786683097367
naive,0.1,0.07877420691464321,0.1310655527893042,-0.01356236967101418,0.3170743002559705,true,0.15175596529247815
naive,0.1,0.07883810236454467,0.09996985765143872,0.000015576526050747885,0.35063610099257403,true,0.17532583875931237
naive,0.1,0.12132949833279562,0.00998130730285456,0.09544078526020361,0.4324573501550354,true,0.2639490677076195
naive,0.1,0.09313391589571643,0.00844649612036109,0.09346643805149762,0.4044180009971537,false,0.24894221952432566
naive,0.1,0.09499187177192618,0.004321324399798856,0.12348865708608914,0.4595457096012199,false,0.2915171833436545
naive,0.1,0.12850074813288662,0.09331900610963445,0.0032244657239116348,0.32186232345382415,true,0.16254339458886788
naive,0.1,0.1350668689222441,0.012693670030562208,0.08862371563218177,0.43267300822490184,true,0.2606483619285418
naive,0.1,0.11723804464200577,0.022885490794547013,0.07051331848323528,0.4384322347819858,true,0.25447277663261053
naive,0.1,0.10159213027934136,0.09723215318658972,0.0014038347191264455,0.34174863857542437,true,0.17157623664727542
naive,0.1,0.10277209017230653,0.04368288203980629,0.033712387990670084,0.33162694985914853,true,0.1826696689249093
naive,0.1,0.06991981116350875,0.11556541907104728,-0.007885842290901862,0.3565167795093316,true,0.17431546860921487
naive,0.1,0.13035027936905685,0.025478551094017962,0.060905944754606506,0.4009561692911996,true,0.23093105702290306
naive,0.1,0.08319792235995477,0.050120748127883336,0.03285915685365384,0.3770312102913296,true,0.20494518357249172
naive,0.1,0.1040666612574614,0.1979738399638127,-0.038052437872738126,0.3120974549968184,true,0.13702250856204012
naive,0.1,0.11145749914391348,0.04191151125612062,0.03597101832413235,0.3397469478972547,true,0.18785898311069352
naive,0.1,0.06288248130191822,0.09908465371610298,0.0004231147400206581,0.31294286857300535,true,0.156682991656513
naive,0.1,0.11742764092636263,0.00507171510767019,0.1196043273406798,0.45950306405638164,false,0.28955369569853073
naive,0.1,0.09464779020986935,0.0014727976621869826,0.15427954203334415,0.48489140022139054,false,0.31958547112736735
naive,0.1,0.11567099181299642,0.07021764732610168,0.016772780984857377,0.34986893458221824,true,0.1833208577835378
naive,0.1,0.061234219338442454,0.11916681717968537,-0.00904087868798556,0.33450423724455325,true,0.16273167927828386
naive,0.1,0.123802943892419,0.027725956759946213,0.05729092873111766,0.3960905806896976,true,0.22669075471040762
naive,0.1,0.10878963316986479,0.022584437645397137,0.06200753079120602,0.38297408035026004,true,0.22249080557073303
naive,0.1,0.1145323932870587,0.018156594219429046,0.07255197259688409,0.4051739986355307,true,0.23886298561620742
naive,0.1,0.1291571600154949,0.0035950964990100545,0.1270452492092953,0.45696189419049615,true,0.2920035716998957
naive,0.1,0.13447355757244886,0.009930173476670676,0.08864664198296077,0.40107669271011803,true,0.2448616673465394
naive,0.1,0.08980570938306263,0.004173929021761896,0.12341581206847652,0.4562437635066272,false,0.28982978778755186
naive,0.1,0.08138725822766439,0.012195962776543503,0.08720097115302197,0.4201581137583569,false,0.2536795424556894
naive,0.1,0.09454198129915896,0.0015510599321419659,0.15275086307844948,0.4833242349840285,false,0.318037549031239
naive,0.1,0.1003335296543267,0.03389056068035174,0.04954376371367128,0.39157608754131235,true,0.2205599256274918
naive,0.1,0.11063517673319402,0.18532843200685833,-0.03205974847032833,0.29718806017468824,true,0.13256415585217995
naive,0.1,0.11550495188276255,0.04340788551116318,0.03334901116379102,0.3259750016940369,true,0.17966200642891397
naive,0.1,0.05722833324135887,0.006500317871772197,0.11749383170021693,0.4765262700194924,false,0.29701005085985466
naive,0.1,0.12783923084611995,0.10529684683653442,-0.0024518048248308166,0.31819996788168886,true,0.15787408152842902
naive,0.1,0.12714571906572802,0.015940867981433644,0.0780724992017634,0.4136242622391125,true,0.24584838072043794
naive,0.1,0.09741198011409018,0.5075834913377597,-0.2099635123939295,0.08937812967222639,false,-0.060292691360851546
naive,0.1,0.09600090267924193,0.007669224661832956,0.11526082117771236,0.4864756352021858,false,0.30086822818994907
naive,0.1,0.06676754675400506,0.009173744476573983,0.09787958608948841,0.4330618683014237,false,0.26547072719545606
naive,0.1,0.08085216247842089,0.3171364001166132,-0.06714308022829259,0.2755771768770496,true,0.10421704832437849
naive,0.1,0.08841679488494515,0.049412804708939974,0.027366138356993946,0.30855971199402454,true,0.16796292517550923
naive,0.1,0.16267375829191488,0.004446727058307882,0.13574368096788228,0.5079532600978999,true,0.32184847053289106
naive,0.1,0.13385032988732343,0.010052556367519292,0.08153939744453689,0.37023026003169657,true,0.22588482873811672
naive,0.1,0.13647413961275287,0.002921245942841403,0.1401934107820694,0.4866826736325529,false,0.31343804220731114
naive,0.1,0.08069661839653933,0.04750128599597556,0.033274687181536255,0.35814235733970484,true,0.19570852226062055
naive,0.1,0.12514174650092713,0.001814200277849644,0.1362905547520889,0.4404213721093179,false,0.2883559634307034
naive,0.1,0.084750638803626,0.06909890865235951,0.017882903218211454,0.3580974166662418,true,0.18799015994222662
naive,0.1,0.06710686765821972,0.38016773025986833,-0.26805075325220695,0.08153464322871815,true,-0.09325805501174442
naive,0.1,0.09158677166037857,0.09124344970878703,0.003968594947968113,0.3005429979132038,true,0.15225579643058598
naive,0.1,0.05976213208858813,0.07391311311535904,-0.3213153214200614,-0.013322323348929355,false,-0.16731882238449539
naive,0.1,0.10180643685783393,0.00840596066790374,0.09525376777166303,0.41162904033782266,true,0.25344140405474286
naive,0.1,0.08703429523618914,0.0463333718837616,0.037379744494042993,0.3912559108826289,true,0.21431782768833596
naive,0.1,0.13184200239578986,0.02534619758836023,0.0602727001526438,0.39563972569815675,true,0.22795621292540028
naive,0.1,0.12262852681862578,0.050400242337591855,0.029289164089356362,0.3384116749699664,true,0.18385041952966136
naive,0.1,0.10960676615644235,0.12282705448866815,-0.01031286797672673,0.3228262386668379,true,0.15625668534505557
naive,0.1,0.13088365924386652,0.004495020284351851,0.12838688476874024,0.48143723996463494,true,0.3049120623666876
naive,0.1,0.13650393610094785,0.00038141332900561733,0.1898648928133555,0.5172632287589036,false,0.35356406078612956
naive,0.1,0.12143681974471392,0.06938277912302553,0.018633054543609806,0.37695951682726303,true,0.19779628568543642
naive,0.1,0.07339833255585342,0.027705578590189725,0.059387197290684396,0.4104017409518189,true,0.23489446912125167
naive,0.1,0.05806432177843267,0.06560936380442804,0.01953805158228905,0.3470853290822678,true,0.18331169033227843
naive,0.1,0.08491897206910345,0.023177909955647356,0.059374045304909334,0.3715736633266933,true,0.2154738543158013
naive,0.1,0.12198127293893199,0.053361646431501035,0.03472904196740623,0.43262813632026637,true,0.2336785891438363
naive,0.1,0.05460605452594688,0.012867795214970248,0.09368767668585934,0.45948632830446956,false,0.27658700249516444
naive,0.1,0.07655341299705498,0.15959468340650965,-0.02153114527663988,0.27555753426568275,true,0.12701319449452142
naive,0.1,0.09998301513838861,0.0312368418457452,0.04771531933797113,0.35598883263026276,true,0.20185207598411695
naive,0.1,0.09509899815392588,0.008114167943508742,0.09412419866918151,0.40301518377728107,true,0.2485696912232313
naive,0.1,0.07924963987109306,0.04475404979686232,0.03162538093113504,0.3189403713932292,true,0.17528287616218213
naive,0.1,0.10692746980235042,0.0036741841320319032,0.115395898628803,0.41667928270237137,false,0.2660375906655872
naive,0.1,0.09977694392234454,0.22221522295579083,-0.042426714927582376,0.2866001186743553,true,0.12208670187338647
naive,0.1,0.11232437224805163,0.012528133602493177,0.08537964371338741,0.41502283430987214,true,0.2502012390116298
naive,0.1,0.0772860037169486,0.0763172635529618,0.013094882768866667,0.3506670881490276,true,0.18188098545894713
naive,0.1,0.12740212152230143,0.018356928934307317,0.0650527229566916,0.36499505213316885,true,0.21502388754493024
naive,0.1,0.05223405676998421,0.06342223123746521,0.022201873023802637,0.3677522161927955,true,0.19497704460829907
naive,0.1,0.09518499985831039,0.22866559667481115,-0.04642347082951398,0.29984006160457444,true,0.12670829538753023
naive,0.1,0.1069149229188487,0.2901855805048074,-0.05741495682646666,0.2642778430322965,true,0.10343144310291491
naive,0.1,0.08428041754558381,0.021823118025522666,0.06713110711278017,0.40763201352288736,true,0.23738156031783375
naive,0.1,0.0768503782109362,0.028432063933253704,0.05588193974617181,0.3923182565875988,true,0.22410009816688528
naive,0.1,0.07158740383157082,0.08643755095505548,0.007139316182623673,0.34437709911956993,true,0.17575820765109681
naive,0.1,0.0726514852615757,0.1606316623415887,-0.02332766444579082,0.29391139688977846,true,0.13529186622199382
naive,0.1,0.10805822565054005,0.0008482452466438031,0.17877015606351263,0.526409811929689,false,0.35258998399660085
naive,0.1,0.10847274633462388,0.2096388524852004,-0.04195505490968404,0.3116749476163414,true,0.13485994635332868
naive,0.1,0.09506931864667587,0.3690285857450133,-0.07522795357598099,0.2562634475711209,true,0.09051774699756997
naive,0.1,0.11720107350876785,0.01494416357435326,0.07235645371407581,0.37409161466685126,true,0.22322403419046355
naive,0.1,0.1148161019228189,0.06776911158543063,0.01778299010297854,0.33977275243578076,true,0.17877787126937966
naive,0.1,0.09167140808771859,0.25111751426882256,-0.050876883091827446,0.2857385958775449,true,0.11743085639285872
naive,0.1,0.087975252259101,0.0028061678518753602,0.13603617254962203,0.469171321992595,false,0.3026037472711085
naive,0.1,0.07126622194080903,0.05390783463769968,0.030363206001294107,0.3836635510121292,true,0.20701337850671164
naive,0.1,0.05564218249028114,0.003619328382233682,0.14270360285859396,0.5138976306886163,false,0.3283006167736051
naive,0.1,0.10928723256089365,0.021989062660891845,0.061450567446402204,0.3745269171435198,true,0.217988742294961
naive,0.1,0.07113730629146416,0.029478204757330585,0.05133819282338095,0.36868992944655776,true,0.21001406113496937
naive,0.1,0.09843599250189028,0.09410192834918787,0.0028738370173641836,0.3256238571202308,true,0.1642488470687975
naive,0.1,0.09518760240145308,0.30550164609877156,-0.061491453010882505,0.2647035805796767,true,0.10160606378439709
naive,0.1,0.10563709447387243,0.026825119862427037,0.05518428818494625,0.374123661029596,true,0.21465397460727112
naive,0.1,0.09833441280427291,0.47626211062701174,-0.09353603441953326,0.23643446444264118,true,0.07144921501155396
naive,0.1,0.07640791063902388,0.09426203379096329,0.0031527341801348974,0.3673489627775957,true,0.1852508484788653
naive,0.1,0.0491860658911912,0.006883002804665415,0.10893366805974075,0.44777659144153853,false,0.27835512975063964
naive,0.1,0.1470919276149212,0.011847893109906258,0.08302318533070088,0.39631226184377477,true,0.23966772358723784
naive,0.1,0.13464748034997984,0.10754977393761805,-0.003985405675509313,0.3648231107711647,true,0.1804188525478277
naive,0.1,0.02867228802930025,0.1199037792099276,-0.009166486720122963,0.3271001453270146,true,0.15896682930344583
naive,0.1,0.0758216403385412,0.15345310748136454,-0.02320273026632333,0.32788009684318564,true,0.15233868328843114
naive,0.1,0.0870029464631693,0.054291943517177886,0.028348012115717275,0.3618287130932262,true,0.19508836260447174
naive,0.1,0.10696624195961078,0.007992142808861775,0.11479239482984788,0.48959676927924606,false,0.30219458205454697
naive,0.1,0.13416735351494657,0.02361689891576806,0.05738705912860151,0.36264411870353974,true,0.21001558891607064
naive,0.1,0.06697205882305363,0.01527431131909914,0.08922186557596853,0.4650613441800393,false,0.27714160487800393
naive,0.1,0.08944241464652436,0.12408703714351109,-0.29325225082137685,0.00985992330654123,false,-0.1416961637574178
naive,0.1,0.06638718929511404,0.06514051438700985,0.021675574737997083,0.37921004599725794,true,0.2004428103676275
naive,0.1,0.08320808658392678,0.3126531480645821,-0.06288086014057939,0.26278843897759796,true,0.0999537894185093
naive,0.1,0.09006689527568841,0.01912464802220421,0.06672325081407401,0.38108558997164876,true,0.22390442039286138
naive,0.1,0.1476851711481871,0.05630024060195491,0.025531535701812796,0.3438603032734767,true,0.18469591948764474
naive,0.1,0.07696941364475668,0.005473056112904219,0.09864554813201754,0.38508349479329956,false,0.24186452146265855
naive,0.1,0.13202239605599814,0.24922710575086526,-0.2730461656088933,0.04808916243836288,false,-0.11247850158526519
naive,0.1,0.13019149942303926,0.04663015321370419,0.03539929941893061,0.3731503021101929,true,0.20427480076456175
naive,0.1,0.0913219409856305,0.06581106321622118,0.020322989141023373,0.36343335828369655,true,0.19187817371235996
naive,0.1,0.11012784867429783,0.043446967023532464,0.03830200219119573,0.37472657453127345,true,0.2065142883612346
naive,0.1,0.0767855911910805,0.033086117926600114,0.050203147256153546,0.3898975198461466,true,0.22005033355115008
naive,0.1,0.09923829686311687,0.05446799576986662,0.0330720214231513,0.42408821063589824,true,0.22858011602952477
naive,0.1,0.06451420957511131,0.012344191063829599,0.08090777602535318,0.39137586129464796,false,0.23614181866000059
naive,0.1,0.12879062787894147,0.015066898453561128,0.09188142140135439,0.4764822848127669,true,0.2841818531070606
naive,0.1,0.10925069210643311,0.12777478782482557,-0.012250520185871444,0.31830490413300283,true,0.15302719197356568
naive,0.1,0.09399685067517964,0.1400103568668462,-0.016873883350095625,0.3113919583722632,true,0.1472590375110838
naive,0.1,0.056733319577177636,0.08645319468582177,0.0074083911659641455,0.35778526475790134,true,0.18259682796193275
naive,0.1,0.10577787582551773,0.09809076382466085,0.0008884057762693909,0.31422726117743494,true,0.15755783347685218
naive,0.1,0.16965633933780483,0.07478139155094429,0.012547006503134811,0.31394328425062357,true,0.16324514537687917
naive,0.1,0.05797763081659894,0.09651332846393666,0.001845957839700929,0.3560689510975292,true,0.17895745446861505
naive,0.1,0.09545659345875923,0.26255914330198316,-0.056818526049514984,0.2995582630232485,true,0.12136986848686676
naive,0.1,0.11400068116834274,0.18612874665603715,-0.030549878897497135,0.2808513317891197,true,0.1251507264458113
naive,0.1,0.11569002241041029,0.15678568433640466,-0.024433477041961776,0.32673761032822035,true,0.1511520666431293
naive,0.1,0.0739123667444068,0.3097045869479715,-0.054050514403328864,0.2286316944030587,true,0.08729058999986491
naive,0.1,0.10535332574655425,0.0027621696350963788,0.13871075807942881,0.47717958893225754,false,0.30794517350584316
naive,0.1,0.147612337258734,0.0252820142159253,0.06760358698619726,0.44313768369867834,true,0.2553706353424378
naive,0.1,0.14341162186942327,0.005273645636152534,0.11782833029810763,0.45637002020618195,true,0.2870991752521448
naive,0.1,0.08372961867810785,0.03431584836519156,0.04814408287416508,0.3840599001773519,true,0.2161019915257585
naive,0.1,0.13314869842061464,0.07228202423868949,0.014710944531293735,0.33208638731212,true,0.17339866592170686
naive,0.1,0.06693760184789445,0.1068302529984476,-0.3266816195052885,0.0032340807306993347,false,-0.16172376938729457
naive,0.1,0.12509102028002606,0.15417644952406925,-0.020125233577819895,0.2809208875517365,true,0.13039782698695832
naive,0.1,0.09106730645862748,0.09578994496467061,0.0021241920297599415,0.3386949804336487,true,0.17040958623170432
naive,0.1,0.06090026658797129,0.0399175730100302,0.04184983115224514,0.37784647405729,true,0.20984815260476755
naive,0.1,0.12943593567320322,0.013053948324527349,-0.3973888169773241,-0.0806342545866496,false,-0.23901153578198686
naive,0.1,0.12265711339975198,0.11231545604740525,-0.005308090250852604,0.3011386326491935,true,0.14791527119917044
naive,0.1,0.08308048991239253,0.2102164274973719,-0.043840423052144,0.3241830086594001,true,0.14017129280362806
naive,0.1,0.12001826572226293,0.004365509440761046,0.1144911810380142,0.42689854945019784,true,0.270694865244106
naive,0.1,0.09716720095256369,0.15090031995757047,-0.020397397509919396,0.30143989387071135,true,0.14052124818039596
naive,0.1,0.08318258406928265,0.07344795978000408,0.01627353175414431,0.3850151161245801,true,0.2006443239393622
naive,0.1,0.09789527400279487,0.11302515374275189,-0.005764521278602053,0.30970399234481233,true,0.15196973553310514
naive,0.1,0.0816437192554204,0.2844817429081186,-0.055458778408330134,0.26208328841139195,true,0.1033122550015309
naive,0.1,0.09532289208089742,0.02039087828802072,0.07314626596990764,0.43004565733907213,true,0.2515959616544899
naive,0.1,0.10371021290181236,0.2609910643884691,-0.051618451982682806,0.27443567686913284,true,0.111408612443225
naive,0.1,0.092942911881986,0.30258550072662693,-0.24385449386471703,0.05595206259666502,false,-0.093951215634026
naive,0.1,0.13058949791487698,0.04786715390464386,0.036903828225250235,0.4007204186836622,true,0.21881212345445622
naive,0.1,0.06391014948138789,0.0886643001287604,0.0061717747465985795,0.3584621628686103,true,0.18231696880760445
naive,0.1,0.12280522054544098,0.09398113797838122,0.0031093532861880824,0.3451276777841349,true,0.17411851553516147
naive,0.1,0.09878716725980036,0.10558282350693025,-0.002724446968079247,0.3357007566487664,true,0.16648815484034357
naive,0.1,0.08554180822939757,0.012796189689166274,0.08234250416876893,0.40308912429780747,true,0.2427158142332882
naive,0.1,0.10320043571208805,0.02189459759084771,0.06357774190621415,0.3866735790045518,true,0.225125660455383
naive,0.1,0.13102711871519496,0.09645844058474995,0.0017606839005369634,0.33430907885256383,true,0.1680348813765504
naive,0.1,0.13892227677455704,0.03982336789404368,0.042618275496041635,0.38397178977707164,true,0.21329503263655664
naive,0.1,0.09345169958545727,0.003765824277237635,0.12625485524737715,0.4579215837059676,false,0.29208821947667235
naive,0.1,0.12415234146318557,0.03774236414828198,0.04337060106393395,0.37303900055732664,true,0.20820480081063028
naive,0.1,0.1014876936882768,0.013358737621031127,0.08555265292007225,0.4249654915315158,true,0.255259072225794
naive,0.1,0.10919421574364734,0.0024534772979395002,0.1389910773562888,0.4693268487090564,false,0.3041589630326726
naive,0.1,0.12298222816435035,0.015101766409120306,0.07851673050959634,0.407525832842598,true,0.24302128167609718
naive,0.1,0.09238106398253965,0.02563914375397976,0.062003223209274594,0.40961599885872585,true,0.23580961103400022
naive,0.1,0.07650514359414276,0.062424873166683735,0.020687397971523414,0.33227932342542726,true,0.17648336069847534
naive,0.1,0.10532036362190289,0.0009404892165581636,0.15445973163326282,0.46002746624609053,false,0.3072435989396767
naive,0.1,0.10600511343906985,0.014016570225213633,0.07998347405174921,0.40403166718981043,true,0.24200757062077982
naive,0.1,0.08368823055193046,0.04868338377178334,0.036471634738390823,0.4039473352119772,true,0.220209484975184
naive,0.1,0.08639101931054274,0.00017716878324215514,0.19516089015073698,0.5002069653551476,false,0.3476839277529423
naive,0.1,0.12032203341882647,0.013278054566816994,0.08759904321336537,0.4342261297392857,true,0.26091258647632554
naive,0.1,0.09774182219568683,0.009146447915756546,0.08911480664549953,0.3939587802063578,true,0.24153679342592865
naive,0.1,0.0918073305047149,0.0011464100812884767,0.1568955982069132,0.47807133308231775,false,0.3174834656446155
naive,0.1,0.13017310620294797,0.2818054976365342,-0.05360418494097463,0.256539790200825,true,0.10146780262992519
naive,0.1,0.11167130195001469,0.010026466532469169,0.09220149173257328,0.41832604605457757,true,0.25526376889357544
naive,0.1,0.08370696967833238,0.14650152878071684,-0.021395573793833444,0.3435717632664397,true,0.16108809473630312
naive,0.1,0.12480935401614149,0.042162634467054635,0.041959105699419325,0.3985808117334786,true,0.22026995871644894
naive,0.1,0.15243492786435628,0.07997076569950493,0.011793034735119362,0.3777823335600351,true,0.19478768414757724
naive,0.1,0.09815102005105279,0.053772635324317836,0.029843885697085487,0.37577126488295964,true,0.20280757529002255
naive,0.1,0.10332576073314241,0.030208116352296182,0.04853734549261998,0.3541345205109342,true,0.2013359330017771
naive,0.1,0.1749132628420638,0.06170134789983891,0.02351221480561519,0.3694624084522118,true,0.19648731162891347
naive,0.1,0.13284136580963116,0.13067255948296466,-0.013227005694870536,0.31296064140204727,true,0.14986681785358838
naive,0.1,0.08789426531238846,0.23149830092200221,-0.04480588762894415,0.28395458227864634,true,0.1195743473248511
naive,0.1,0.08147032896764617,0.07305256160053196,0.015462821890392858,0.3599847227608469,true,0.1877237723256199
naive,0.1,0.08596048022702925,0.09892728721961401,0.0005185605495963697,0.3271409219341784,true,0.16382974124188737
naive,0.1,0.09625220056655502,0.0005958080280815324,0.1946847113651163,0.5527488592553327,false,0.3737167853102245
naive,0.1,0.10345543180736848,0.020651901412827012,0.06959843733376989,0.41161599354451806,true,0.24060721543914396
naive,0.1,0.09475241258278498,0.001039359506133892,0.15698622102532342,0.4728902237916699,false,0.31493822240849667
naive,0.1,0.11663838838946591,0.003148344025080063,0.1469511645042861,0.5165384875566897,false,0.33174482603048794
naive,0.1,0.10112042699199174,0.15576329916205428,-0.02088748606314475,0.28398112714728885,true,0.13154682054207203
naive,0.1,0.10995292656395325,0.018119200156038694,0.07749208620338666,0.4323846631380591,true,0.2549383746707229
naive,0.1,0.08151917748513608,0.12062696164144442,-0.009510702186251191,0.32797926648149567,true,0.15923428214762225
naive,0.1,0.10919705954760518,0.016808295491793072,0.06881718024681327,0.37227834797425235,true,0.2205477641105328
naive,0.1,0.09895728607292836,0.062072120018875555,0.022892841431563588,0.3637786694237337,true,0.19333575542764864
naive,0.1,0.0622737895304259,0.06214930157570984,0.024411191746422284,0.38881509776256973,true,0.20661314475449602
naive,0.1,0.13142471890770868,0.003978674742885351,0.12742483444180547,0.46685192475347675,true,0.2971383795976411
naive,0.1,0.1326358805430938,0.036246025354069,0.043197814996904726,0.35948359241985034,true,0.20134070370837753
naive,0.1,0.09066014285574636,0.023021715849728383,0.05925664123344335,0.36955695092004015,true,0.21440679607674176
naive,0.1,0.09753655540352893,0.03716308267376708,0.03816956732396498,0.3241240349957991,true,0.18114680115988205
naive,0.1,0.11831625956161163,0.08858694717409513,0.006123103528484414,0.35314772345859846,true,0.17963541349354145
naive,0.1,0.11335765428973259,0.009211485425621108,0.08930591110377428,0.39557669614081814,true,0.2424413036222962
naive,0.1,0.13905354963145158,0.003178045704917763,0.13187274993396014,0.46427427453774084,true,0.2980735122358505
naive,0.1,0.07872135848584609,0.028067753984179575,0.05539192848288926,0.38581507576521545,true,0.22060350212405236
naive,0.1,0.10728763302364386,0.004263445539299645,0.12629815103510636,0.4687878226329427,false,0.2975429868340245
naive,0.1,0.10529238812545852,0.12022271277107495,-0.010257053311665987,0.360484205331659,true,0.1751135760099965
naive,0.1,0.09260423863145169,0.02496656625617037,0.054394234126013824,0.35409494013215304,true,0.20424458712908342
naive,0.1,0.09522189086897631,0.004576138028763504,0.13357422193876226,0.5026502741317522,false,0.31811224803525723
naive,0.1,0.11078941359365035,0.14260390078556262,-0.018306020214671204,0.3187090212701579,true,0.15020150052774334
naive,0.1,0.10999011469313599,0.004136782187251365,0.14718667660093562,0.5432012282645664,false,0.34519395243275103
naive,0.1,0.11824008163255968,0.0011087311740420876,0.16252503489926867,0.4932720555333639,false,0.3278985452163163
naive,0.1,0.0922075174278183,0.063175955668996,0.017891267879974082,0.29408894768648053,true,0.1559901077832273
naive,0.1,0.13966884360500625,0.05195324963674547,0.027343609871485403,0.32852312409990536,true,0.17793336698569537
naive,0.1,0.0509704903174572,0.06479324661523381,0.018760327802279264,0.324544868104248,true,0.17165259795326362
naive,0.1,0.14574632206938898,0.015267850422236755,0.07650721918876383,0.3987239839418609,true,0.23761560156531236
naive,0.1,0.09220847641929344,0.09950988886085102,-0.3486850548829306,-0.00025215534218370195,false,-0.17446860511255716
naive,0.1,0.100490359179151,0.02482491269014492,0.057069612913847906,0.3703584176425119,true,0.2137140152781799
naive,0.1,0.10380993040586699,0.0944348678008695,0.002676144352828924,0.3216497460413242,true,0.16216294519707655
naive,0.1,0.028090585968789588,0.09751154879424316,0.0013069261981091818,0.35413419120287637,true,0.17772055870049278
naive,0.1,0.0880864164418096,0.04324568655299095,0.041764404290070084,0.4067087244152148,true,0.22423656435264241
naive,0.1,0.05693873649430216,0.10545907359950737,-0.0024520011532907227,0.3088883303115407,true,0.153218164579125
naive,0.1,0.09013080059871692,0.025629088545764733,0.06641643711481632,0.4386748503071813,true,0.2525456437109988
naive,0.1,0.1264660905283165,0.08802209012002822,0.006358321421112284,0.34886085727785465,true,0.17760958934948348
naive,0.1,0.06111796092452267,0.08635087286399118,0.007137698611192234,0.34202673679763124,true,0.17458221770441174
naive,0.1,0.13118503243971236,0.060479922528325104,0.024011513808859075,0.36386681082143474,true,0.1939391623151469
naive,0.1,0.12561712336773964,0.2424206660240887,-0.04585278725757705,0.2711120045859343,true,0.11262960866417862
naive,0.1,0.09166700290115891,0.002891772811452681,0.13385045674860965,0.46389227780890163,false,0.29887136727875563
naive,0.1,0.09687007914857389,0.01804273724036974,0.07149911452724775,0.398232881311981,true,0.23486599791961438
naive,0.1,0.11650870344988688,0.03100646173321963,0.04810563447406266,0.3571122484337548,true,0.2026089414539087
naive,0.1,0.1007500189987477,0.003208413152003308,0.12163402400928502,0.4289196685776894,false,0.2752768462934872
naive,0.1,0.0705236486643352,0.07051328188800837,0.015133081483781868,0.3191619814221067,true,0.16714753145294428
naive,0.1,0.10271055765994908,0.019798809352569717,0.06556204825305734,0.3802921967300693,true,0.22292712249156332
naive,0.1,0.07088280377133559,0.005448824488900396,0.11323416023113703,0.441615343170133,false,0.277424751700635
naive,0.1,0.082625322317638,0.05048196308026072,0.029181430046837875,0.3378541599909856,true,0.18351779501891174
naive,0.1,0.1306738831822585,0.11834896651587806,-0.008265061455928563,0.3188777827473439,true,0.15530636064570766
naive,0.1,0.1254316505821998,0.0039054646105802565,0.1265489228253841,0.46205339865392436,false,0.29430116073965423
naive,0.1,0.10845527794562272,0.004160186327571596,0.1306565891344402,0.48271010038504747,false,0.30668334475974385
naive,0.1,0.12077353159039352,0.009942570699914936,0.08851231632272027,0.4006130994372192,true,0.24456270787996973
naive,0.1,0.12321040340915622,0.003867491974400245,0.11548679565817732,0.42090691925375145,true,0.2681968574559644
naive,0.1,0.12248915610652468,0.012216016673844641,0.07973346264402062,0.3843830191628008,true,0.2320582409034107
naive,0.1,0.08562026313151709,0.1351879341517514,-0.013092734610805234,0.27233504786145624,true,0.1296211566253255
naive,0.1,0.0978157162299883,0.04069594530011801,0.04103139160232322,0.37700549833300456,true,0.2090184449676639
naive,0.1,0.08002424039543046,0.06859583045228394,0.016675649307030554,0.32798164242906214,true,0.17232864586804636
naive,0.1,0.13011796892150296,0.0849304362325582,0.008883250156387773,0.3839512194071679,true,0.19641723478177786
naive,0.1,0.0912168207790235,0.10433876041437538,-0.0020930143236365106,0.3308567108488905,true,0.164381848262627
naive,0.1,0.1012897834581253,0.21029698669019922,-0.03905285265333183,0.2885957298373715,true,0.12477143859201983
naive,0.1,0.10510312118557338,0.008424874346047708,0.10286850074109716,0.4447986667516573,true,0.27383358374637723
naive,0.1,0.10636587081987696,0.037482552694434144,0.04530554125288458,0.38744688581823516,true,0.21637621353555989
naive,0.1,0.0872030647774253,0.03633399618374398,0.04619354617817692,0.3851579648478455,true,0.21567575551301119
naive,0.1,0.11361804878805797,0.0016876129751136383,0.15475554097742014,0.49518392083411866,false,0.3249697309057694
naive,0.1,0.12070593576793305,0.1032499691189917,-0.0015552528507068453,0.3273479709550589,true,0.16289635905217603
naive,0.1,0.06103411766464746,0.06653257751926342,0.018906518737331568,0.34631911288135825,true,0.1826128158093449
naive,0.1,0.09957949021919214,0.011536828705692467,0.10246695771637468,0.48501963368374035,false,0.2937432957000575
naive,0.1,0.10176901470912215,0.22643711525542762,-0.03908143506334985,0.2562931662564184,true,0.10860586559653426
naive,0.1,0.10888639372434641,0.04747542401970842,0.031982204499389266,0.34401714702360653,true,0.1879996757614979
naive,0.1,0.09222002692080374,0.00895764053356048,0.08758217518989234,0.3849767512137595,true,0.2362794632018259
naive,0.1,0.08271109118656395,0.17053662992285762,-0.02785682576573062,0.3061451026500219,true,0.13914413844214565
naive,0.1,0.1017055308952555,0.08730631908334305,0.006196445238422055,0.32015326121445686,true,0.16317485322643946
naive,0.1,0.12289984489180097,0.0007800146909446941,0.1671908895302861,0.48790761373317065,false,0.3275492516317284
naive,0.1,0.1593040175499369,0.021407019197060586,0.06851567449302706,0.4121738111084965,true,0.24034474280076176
naive,0.1,0.09941823248926171,0.11044229744483496,-0.00430737814608409,0.28698494121546103,true,0.14133878153468846
naive,0.1,0.07582392561180921,0.05645428655662098,0.02431774387190619,0.3288889709121069,true,0.17660335739200655
naive,0.1,0.07255324461882803,0.08381533860452203,0.008306474205092451,0.33318323882209333,true,0.1707448565135929
naive,0.1,0.1705721025998088,0.10843649320883761,-0.00435029557420491,0.35710613889844756,true,0.17637792166212132
naive,0.1,0.11016677779410507,0.10518053772776922,-0.002405601939921509,0.31912430047356266,true,0.15835934926682058
naive,0.1,0.10021058129932031,0.01319397214676981,0.08125456041224147,0.401902326120667,true,0.24157844326645425
naive,0.1,0.10581645774407385,0.019318343674936768,0.07315526806605602,0.4196887250847785,true,0.24642199657541725
naive,0.1,0.13947666729865948,0.14300154911366883,-0.018282293469190858,0.3155711295871597,true,0.14864441805898443
naive,0.1,0.07998476203713402,0.264581588229085,-0.051067208675266276,0.26637023184575837,true,0.10765151158524604
naive,0.1,0.09837113123741932,0.10274645062605964,-0.001238115071099749,0.3079947243809411,true,0.1533783046549207
naive,0.1,0.12987633511492702,0.0017841658756294146,0.1524587373646677,0.49153812246051604,false,0.32199842991259187
naive,0.1,0.14503464436638452,0.0038025621592024336,0.13256854576136087,0.4816705009231822,true,0.30711952334227155
naive,0.1,0.0809638069816101,0.17805501924101738,-0.03242168118717012,0.32538751410958644,true,0.14648291646120817
naive,0.1,0.15926922808291094,0.15874401687710515,-0.022086399876974944,0.2863799151264632,true,0.13214675762474415
naive,0.1,0.10625882783029911,0.0886820518752341,0.005376340577363886,0.31276809603343736,true,0.1590722183054006
naive,0.1,0.10948188060898364,0.056843005835689936,0.028012892357101,0.38291294740994153,true,0.20546291988352128
naive,0.1,0.1512368504980612,0.26062284506412536,-0.05440830798421879,0.2898423234218098,true,0.11771700771879552
naive,0.1,0.06115798805790462,0.21266382670866632,-0.04171082965208789,0.30255265765417744,true,0.13042091400104477
naive,0.1,0.12029689744724303,0.03728781882844212,0.04449969825105357,0.3789203299085794,true,0.2117100140798165
naive,0.1,0.09174523309105306,0.024196916547560114,0.06359712435098261,0.40706138420516547,true,0.23532925427807405
naive,0.1,0.10763993633173335,0.05164651929505858,0.030367468050425728,0.36202473171989524,true,0.19619609988516049
naive,0.1,0.09460720340313314,0.016886799492670006,0.07499724665745586,0.4064708668694661,true,0.240734056763461
naive,0.1,0.09066654245655606,0.2739116490035908,-0.05418373977574745,0.2694605259280003,true,0.10763839307612644
naive,0.1,0.0633711690465073,0.05347329744244497,0.027376220354688424,0.34202263013970735,true,0.1846994252471979
naive,0.1,0.11689834820842929,0.10867796574106842,-0.003972674200269616,0.3172111639881502,true,0.1566192448939403
naive,0.1,0.11082868784987693,0.01944477263483384,0.06815194384218501,0.39212208715322294,true,0.230137015497704
naive,0.1,0.12751494558981016,0.01899060387456844,0.0768251797071198,0.4374274755830241,true,0.25712632764507193
naive,0.1,0.09708922765825015,0.16489328943429513,-0.02772555082480499,0.3284860814271696,true,0.15038026530118231
naive,0.1,0.12747045702391596,0.03408270511216658,0.043420310917829275,0.3446193791873516,true,0.19401984505259043
naive,0.1,0.07911415681022138,0.049035041458213385,0.03416991520492757,0.38171929446906155,true,0.20794460483699456
naive,0.1,0.09427976810037844,0.4006659713882965,-0.07001498049341447,0.21631361279331923,true,0.07314931614995239
naive,0.1,0.14150367708971007,0.13676034658746666,-0.018658697388686418,0.37258267748076496,true,0.17696199004603927
naive,0.1,0.11855261977148887,0.07947217447250518,0.011742553405013179,0.3664570535305038,true,0.18909980346775848
naive,0.1,0.08446959815772531,0.03602542079455311,0.04576406900089974,0.37899735795147166,true,0.2123807134761857
naive,0.1,0.10017943164737522,0.0018938892034176293,0.13656443354885908,0.4439519573051236,false,0.29025819542699133
naive,0.1,0.09827780055396439,0.13414206105077514,-0.013693485633007124,0.2929871206332225,true,0.1396468175001077
naive,0.1,0.05086410439478301,0.03253628757190345,0.04836668705766778,0.37117136297034226,true,0.20976902501400502
naive,0.1,0.13881875528132823,0.07994920181442602,0.010081505426908083,0.3225855742691852,true,0.16633353984804666
naive,0.1,0.14196638106456477,0.0039115784676290325,0.12022295971968841,0.439082672296049,true,0.27965281600786873
naive,0.1,0.10192827713644023,0.0539436120568567,0.029651010474067846,0.37501537093102444,true,0.20233319070254616
naive,0.1,0.10899647530073463,0.10749320312918843,-0.003803161296232399,0.35072242210699855,true,0.1734596304053831
naive,0.1,0.09740732555404448,0.014268259509656104,0.0884416387136994,0.44960450014155073,true,0.26902306942762505
naive,0.1,0.07928342721308594,0.062149342546769605,0.021491946861883243,0.3423185520466189,true,0.18190524945425107
naive,0.1,0.11761328770215494,0.17640175720329335,-0.03141161828358008,0.32134437670888855,true,0.14496637921265423
naive,0.1,0.11736896262643833,0.017884162977848644,0.0710347041688818,0.3941793638465618,true,0.2326070340077218
naive,0.1,0.049728278894226256,0.2778508152563855,-0.05522454850766029,0.2693683637763726,true,0.10707190763435614
naive,0.1,0.08303795390134479,0.0035703904199650776,0.12276334736426203,0.4410195371195527,false,0.2818914422419074
naive,0.1,0.1050703110644066,0.22556700229347407,-0.04204450046541666,0.27739032105509975,true,0.11767291029484156
naive,0.1,0.11088593482446829,0.055482502764055794,0.028428244832491345,0.3745127039769677,true,0.2014704744047295
naive,0.1,0.11116643366274463,0.09716633877502932,0.0014121289329364906,0.3357263398568976,true,0.16856923439491706
naive,0.1,0.09886472106166007,0.02073439760136834,0.06540394914637374,0.3875320482875684,true,0.22646799871697104
naive,0.1,0.12042854667315803,0.03213689238697744,0.05281912802679389,0.40183874903821204,true,0.22732893853250297
naive,0.1,0.05463773127338499,0.0644033858450159,0.0203067981237241,0.34693646992609267,true,0.1836216340249084
naive,0.1,0.11064348721814438,0.10321206750390846,-0.0014469484434194158,0.30811737012286655,true,0.15333521083972357
naive,0.1,0.13292810706082417,0.2618993738801082,-0.05215976436123154,0.27596620584675174,true,0.1119032207427601
naive,0.1,0.15576716780306152,0.05970326292575969,0.02605928290163184,0.3860693944953887,true,0.20606433869851026
naive,0.1,0.053872641045442725,0.18745539348455043,-0.035692540800146,0.32370326154697165,true,0.14400536037341283
naive,0.1,0.0944923083375512,0.028693966510011337,0.050069538331268704,0.35351551752927884,true,0.20179252793027377
naive,0.1,0.12313782492492037,0.005055027138844898,0.10917964752497383,0.419168257257385,true,0.2641739523911794
naive,0.1,0.09135599446079773,0.16891706928703293,-0.029683992681987292,0.33311503424974015,true,0.15171552078387643
naive,0.1,0.10900965875767067,0.013051563677296173,0.08737023233826555,0.430558978766737,true,0.2589646055525013
naive,0.1,0.052181035715111825,0.1328354894178062,-0.01588012120599669,0.35242929740580836,true,0.16827458809990584
naive,0.1,0.11030239464923138,0.0219442805810404,0.07189611997618073,0.43775147720226915,true,0.25482379858922494
naive,0.1,0.08610505801795973,0.2746557580502721,-0.05588220774656588,0.27688289783359693,true,0.11050034504351552
naive,0.1,0.10956718119769758,0.11896084186737696,-0.009231377123263523,0.34511288070584856,true,0.1679407517912925
naive,0.1,0.08037374059590911,0.0019155689341691434,-0.45994260527899045,-0.14125749657952338,false,-0.3006000509292569
naive,0.1,0.05019664990143319,0.07914969601119352,0.010308604610392375,0.31641060135516896,true,0.16335960298278066
naive,0.1,0.10709639094098868,0.025294475840680782,0.05654520927542625,0.37075179869880337,true,0.2136485039871148
naive,0.1,0.061086378525797125,0.08354577733230537,0.008356941562893766,0.3294507254526421,true,0.16890383350776794
naive,0.1,0.10100963477206133,0.05384902775567005,0.027583624465203987,0.3480056654862137,true,0.18779464497570883
naive,0.1,0.09330088527271145,0.014231440894828178,0.08518765711849977,0.43266129699804856,true,0.25892447705827415
naive,0.1,0.09913108423003038,0.17137447556156155,-0.02859085394926028,0.3108949369691101,true,0.14115204150992489
naive,0.1,0.10646714527298556,0.06119037689976184,0.022981355105587298,0.3556431006106519,true,0.1893122278581196
naive,0.1,0.15765254786215172,0.06695400481672843,0.0177160321497066,0.32916188365475263,true,0.1734389579022296
naive,0.1,0.08080543897206942,0.12812623947521237,-0.013271325622220165,0.34075404656625463,true,0.16374136047201723
naive,0.1,0.1709991758010664,0.0637024725905328,0.020256556935302095,0.3384859201642931,true,0.17937123854979758
naive,0.1,0.12086277482239327,0.012054994721762911,0.0832948530107793,0.3998283393217863,true,0.2415615961662828
naive,0.1,0.04479882579134704,0.06320296163517394,0.021519166304910797,0.3540194283221522,true,0.1877692973135315
naive,0.1,0.089793175115998,0.03565503024317102,0.05126326831769196,0.4211015458351289,true,0.23618240707641042
naive,0.1,0.09022616239096813,0.002733667327075056,0.14496294665561527,0.49785953333764876,false,0.321411239996632
naive,0.1,0.08898314389053094,0.09872159713021916,0.0006406532874086157,0.33895888700884413,true,0.16979977014812636
naive,0.1,0.1260311384529206,0.14619583617767415,-0.019982389850234844,0.32283461531771407,true,0.15142611273373963
naive,0.1,0.12363310940698403,0.22116748556077553,-0.043387238011415724,0.2953008687751143,true,0.12595681538184927
naive,0.1,0.08712492974050426,0.011388624136674146,0.08505511286409026,0.40097460335276924,true,0.24301485810842977
naive,0.1,0.12356252533220896,0.03952830799501069,0.0454264565929178,0.40657446413955545,true,0.2260004603662366
naive,0.1,0.0750471666248159,0.007026647146619702,0.10908365535314843,0.45061284608812957,false,0.279848250720639
naive,0.1,0.13209084464587298,0.030565954842887936,0.05062258675830855,0.37222485509137754,true,0.21142372092484304
naive,0.1,0.08877711751823363,0.07062590358415646,0.017593822273343468,0.37262948834734555,true,0.1951116553103445
naive,0.1,0.0780285652956749,0.01812103027264141,0.0667662370099695,0.3725532889555737,true,0.21965976298277162
naive,0.1,0.07446073827310627,0.14254496263467292,-0.01964319174275367,0.3424278008723398,true,0.1613923045647931
naive,0.1,0.12243930570577807,0.012649054915171612,0.08359409794232925,0.40763964524267177,true,0.2456168715925005
naive,0.1,0.10391516876712346,0.15156444485076478,-0.02163685346214378,0.315982017093274,true,0.1471725818155651
naive,0.1,0.10798511181595792,0.16705862159273607,-0.02698773592324427,0.3104101461934412,true,0.14171120513509847
naive,0.1,0.10732897363213326,0.22880585290384745,-0.047244351523531625,0.3048524084927121,true,0.12880402848459024
naive,0.1,0.1337398040827312,0.042729325652785144,0.03991949305072179,0.3841554603565245,true,0.21203747670362313
naive,0.1,0.07179202493459728,0.29272609956310003,-0.05974928991018441,0.2718852992009349,true,0.10606800464537525
naive,0.1,0.10663095321648614,0.00046671681087526477,0.18537588055367665,0.5142484887204359,false,0.3498121846370563
naive,0.1,0.08561498111607262,0.19058432893284422,-0.3283314832184767,0.037349605579552164,false,-0.14549093881946226
naive,0.1,0.13403858645408614,0.003993982368951603,0.13478799830657778,0.4941810651966661,false,0.31448453175162194
naive,0.1,0.033652537174662704,0.10061160963411556,-0.0003136014335077264,0.34846996346145054,true,0.1740781810139714
naive,0.1,0.09089417381052513,0.17038634625043939,-0.02523408589818979,0.2778536703424598,true,0.12630979222213498
naive,0.1,0.1209136738150617,0.028925474419980862,0.057048102868005546,0.40481530143241135,true,0.23093170215020845
naive,0.1,0.09115611104367073,0.16216779065809264,-0.02532437871662724,0.31191330090376657,true,0.14329446109356966
naive,0.1,0.1133007337271198,0.0013521585001379686,0.16932223963195914,0.5264279999654535,false,0.34787511979870633
naive,0.1,0.1253266870953643,0.03795924701433356,0.04189919558403893,0.3621199037237693,true,0.2020095496539041
naive,0.1,0.09864839700589981,0.06369916661752029,0.019278176716002904,0.32210380802789407,true,0.17069099237194849
naive,0.1,0.13491184591406027,0.10496875676428294,-0.0020439401496503973,0.2825603835069548,true,0.14025822167865218
naive,0.1,0.09479511247588512,0.022186035157751468,0.06380978551930228,0.3906211000094703,true,0.2272154427643863
naive,0.1,0.13948796916804393,0.20781355823982361,-0.03691261392737373,0.27828704989618397,true,0.12068721798440511
naive,0.1,0.1571518075877503,0.021220982326124353,0.06971845636467627,0.41765788786693514,true,0.2436881721158057
naive,0.1,0.09963038217220152,0.25345918917197713,-0.05307184839128906,0.2941196948453041,true,0.12052392322700753
naive,0.1,0.12273275999325685,0.18016736804587885,-0.02915698254140056,0.28572683300912205,true,0.12828492523386076
naive,0.1,0.06628653861915837,0.008700633780297704,0.10758567786524509,0.46919724026040555,false,0.2883914590628253
naive,0.1,0.057455082184134185,0.2316732859559804,-0.045101423995711265,0.2854967705848658,true,0.12019767329457726
naive,0.1,0.15727536421035002,0.0042237026202333995,0.12492469837853354,0.4628624094112071,true,0.2938935538948703
naive,0.1,0.08697220165521137,0.31125965349953283,-0.06469148468578795,0.2718983346572452,true,0.10360342498572864
naive,0.1,0.11409917673122787,0.0005807895895383838,0.17869803034573498,0.5060937644526851,false,0.34239589739921
naive,0.1,0.0849439123614643,0.09624316244323158,0.00179152385996445,0.3204924274055245,true,0.1611419756327445
naive,0.1,0.10832215659359913,0.005935955563798128,0.12636705810082413,0.5020845466641416,false,0.3142258023824829
naive,0.1,0.10486048886500263,0.12751145697740593,-0.011453557177387497,0.3002906948414149,true,0.1444185688320137
naive,0.1,0.0902239035345308,0.24847248060190438,-0.04753030675626739,0.2710622504181161,true,0.11176597183092436
naive,0.1,0.10891830567089789,0.14157355309590472,-0.017545259462863283,0.3124701454512696,true,0.14746244299420316
naive,0.1,0.11876967513620147,0.0013351532884551764,0.15077683357168722,0.4680291534722756,false,0.3094029935219814
naive,0.1,0.0972417702938908,0.008842313485677196,0.0915898265377505,0.4011788560308688,true,0.24638434128430964
naive,0.1,0.1144736334822889,0.024616919351663748,0.05554615582079067,0.35882937111845536,true,0.20718776346962303
naive,0.1,0.09702710614195523,0.07443924331491338,0.014912798117004605,0.36772516509773123,true,0.19131898160736793
naive,0.1,0.11797416921565146,0.06717295779571132,0.01804489387075517,0.3377796885000699,true,0.17791229118541252
naive,0.1,0.10456594610274333,0.10210001286054156,-0.0009573599310319647,0.3109697945488207,true,0.15500621730889436
naive,0.1,0.1276175217097396,0.03075172738529739,0.045055954917638585,0.33263069324696415,true,0.18884332408230137
naive,0.1,0.08344743660077587,0.08244367413050065,-0.3223736254849954,-0.00875413244599696,false,-0.16556387896549615
naive,0.1,0.09518893821827347,0.09631925270925115,0.0019977653267853612,0.36484824856001563,true,0.1834230069434005
naive,0.1,0.09821591361164696,0.22941070544960093,-0.043753846591140746,0.28117921166013726,true,0.11871268253449825
naive,0.1,0.06015812796706923,0.11710233252668015,-0.007519974517551015,0.3104527280999879,true,0.15146637679121847
naive,0.1,0.14017124480653553,0.13776637218865306,-0.01580154676501233,0.30768728048673794,true,0.1459428668608628
naive,0.1,0.10835867752214312,0.406778637472881,-0.08428099527155233,0.2557991690848337,true,0.08575908690664066
naive,0.1,0.11290786707145353,0.0038499502349820408,0.1160868697860099,0.4227416130273143,false,0.2694142414066621
naive,0.1,0.07693852738626537,0.05608475330564912,0.03224224202352033,0.4317088979807572,true,0.23197557000213875
naive,0.1,0.13012844567514079,0.22248838621940648,-0.04135854137213432,0.2788402909382378,true,0.11874087478305173
naive,0.1,0.09986517637797242,0.08293560573334792,0.008041269762207176,0.3051117813409452,true,0.1565765255515762
naive,0.1,0.0846834201293101,0.13419646451061323,-0.013086097339790687,0.2795742691756513,true,0.1332440859179303
naive,0.1,0.08877727201465553,0.023117171234715704,0.07021643451744175,0.438836173161115,true,0.2545263038392784
naive,0.1,0.13695031056249096,0.12926390778437835,-0.01231441361319044,0.3045659222667054,true,0.1461257543267575
naive,0.1,0.08569960859150483,0.14680020949443462,-0.02076294685472324,0.3314526904803389,true,0.15534487181280782
naive,0.1,0.02207516066891359,0.06372771660058164,0.019799023463375365,0.3311029590737646,true,0.17545099126856997
naive,0.1,0.09881406646834119,0.42772336861793686,-0.08402695446886808,0.2405058127953572,true,0.07823942916324457
naive,0.1,0.14071853426802475,0.22648013262256161,-0.04231335691308563,0.2774055717571705,true,0.11754610742204244
naive,0.1,0.12584245858274384,0.004551092538098597,0.12094103286858299,0.4546194067950082,true,0.2877802198317956
naive,0.1,0.08810341064159652,0.035025080654380696,0.04548227159345139,0.3684930968841068,true,0.2069876842387791
naive,0.1,0.0946101347379987,0.01143339645430839,0.09584796104606097,0.45240947976948165,false,0.2741287204077713
naive,0.1,0.06850308195365239,0.00045857222413679384,0.1906417861461846,0.5280030900005215,false,0.35932243807335307
naive,0.1,0.11748512635480719,0.1420597741409742,-0.015920629978079803,0.2804980708289814,true,0.1322887204254508
naive,0.1,0.1340643749893391,0.1133163472293355,-0.006467617085788024,0.3400999160377469,true,0.16681614947597945
naive,0.1,0.0993720955001027,0.2480863169674355,-0.04465543494591449,0.25524296278249775,true,0.10529376391829164
naive,0.1,0.096258242584148,0.008509462141209035,0.10850809294907088,0.47042485671892303,false,0.28946647483399696
naive,0.1,0.07897665625751174,0.0602611292974944,0.024229178091358106,0.3648212355516602,true,0.19452520682150914
naive,0.1,0.06977775886484028,0.027026307262005406,0.055027653738571464,0.3746991756607063,true,0.21486341469963888
naive,0.1,0.11168869884017804,0.009631564798628837,0.09640052896482607,0.43236779941846915,true,0.2643841641916476
naive,0.1,0.0694847119158155,0.009443913840859445,0.09383849308109155,0.418548424120947,false,0.2561934586010193
naive,0.1,0.11692679410873312,0.003450250469066008,0.15610455907880627,0.5574214616397398,false,0.35676301035927305
naive,0.1,0.14179379986431476,0.06684208861409294,-0.3360542164456116,-0.01815571734438523,false,-0.1771049668949984
naive,0.1,0.11464941623967057,0.08435040007308611,0.007014426630445159,0.2914403616023328,true,0.14922739411638897
naive,0.1,0.0713413763647761,0.14907976861362662,-0.02066034430597169,0.3157006745189472,true,0.14752016510648774
naive,0.1,0.04425345663074548,0.07992340096190707,0.012125701664347205,0.3874654766432879,true,0.19979558915381754
naive,0.1,0.09314625051050575,0.204032488031491,-0.038457958241755685,0.29918010517354393,true,0.13036107346589412
naive,0.1,0.0869698644371571,0.23559106636831298,-0.049205345566049496,0.30362849772627426,true,0.12721157608011238
naive,0.1,0.08387951590942822,0.004651350249994216,0.11199992738475928,0.4228250264750927,false,0.267412476929926
naive,0.1,0.10446224399767262,0.058845474571490045,0.02465415180577185,0.3563819834668808,true,0.19051806763632634
naive,0.1,0.09412379026109319,0.08986958631268785,0.004898568882277993,0.3194427314680014,true,0.1621706501751397
naive,0.1,0.11492976833324561,0.0027157843193359116,0.1398746548214566,0.4798809618584426,false,0.3098778083399496
naive,0.1,0.08559687428575756,0.12082088553574258,-0.009283142980301223,0.3172780679614132,true,0.15399746249055601
naive,0.1,0.09434783210760686,0.029114265385569615,0.04811517732963472,0.34282766735531,true,0.19547142234247236
naive,0.1,0.13905542946489963,0.005133653215315158,0.11041072335636976,0.42524806885422023,true,0.267829396105295
naive,0.1,0.14530053895883327,0.0004967225856582235,0.18221719670272854,0.5084146112855707,false,0.34531590399414963
naive,0.1,0.10432801696921824,0.07623436163723131,0.011635041581704697,0.31040335775521055,true,0.16101919966845762
naive,0.1,0.11076954415518377,0.05283220406481247,0.027787816580416347,0.34145425948689645,true,0.1846210380336564
naive,0.1,0.10812438610623233,0.15938127815560843,-0.02226496046009599,0.2858788552194006,true,0.1318069473796523
naive,0.1,0.12400424863772494,0.07866939337515653,0.012195471468082891,0.36534276701740076,true,0.1887691192427418
naive,0.1,0.16227950049829507,0.10041429526455292,-0.00019956662776290934,0.3272090286670991,true,0.16350473101966811
naive,0.1,0.07586160248817701,0.27888390496943233,-0.05001392600806234,0.2427338436910135,true,0.09635995884147558
naive,0.1,0.0886690880294911,0.03948566046754365,0.042716573676413794,0.38195567283339693,true,0.21233612325490536
naive,0.1,0.12723820787190862,0.029658063662024368,0.05848730844395911,0.4216728831959251,true,0.2400800958199421
naive,0.1,0.054833679237735314,0.2167775081334954,-0.04100915835561049,0.2882669757830428,true,0.12362890871371614
naive,0.1,0.06009788705192977,0.1499371327174374,-0.019362047963309176,0.2911959749574238,true,0.13591696349705729
naive,0.1,0.062335379498522046,0.4153218869842347,-0.08566532972801849,0.2537510251227777,true,0.0840428476973796
naive,0.1,0.1451043048248637,0.003497789280150272,0.12012487724810961,0.42997637438339387,true,0.27505062581575174
naive,0.1,0.0870711759048601,0.1265135861171284,-0.012421610738692579,0.3372636132744514,true,0.16242100126787942
naive,0.1,0.0878773054686309,0.18303063280366724,-0.0314744685883582,0.2989371225591059,true,0.13373132698537382
naive,0.1,0.13779751829735448,0.1935579434014562,-0.03542308891695484,0.302616075872615,true,0.1335964934778301
naive,0.1,0.08594935917334534,0.009959158854986359,0.09395593814654643,0.425456028718011,false,0.25970598343227874
naive,0.1,0.12306988733226853,0.5320244031780439,-0.09883497978251665,0.21994825701445625,true,0.0605566386159698
naive,0.1,0.11346913783348468,0.13027120446793905,-0.013884328058976547,0.33261283483552684,true,0.15936425338827515
naive,0.1,0.13454715237860373,0.0850854048938085,0.007440998452387965,0.32510418692730647,true,0.1662725926898472
naive,0.1,0.08599212046452966,0.06502625583740013,0.020072885429722437,0.3498731906269733,true,0.18497303802834786
naive,0.1,0.0921664976910608,0.08201700516421674,0.009692694998160334,0.34801662123444604,true,0.1788546581163032
naive,0.1,0.10721239145425528,0.04527027690495248,0.03901000913390518,0.3981995145039035,true,0.21860476181890434
naive,0.1,0.0670325156127718,0.00795129444128407,0.10459763199401675,0.4455302513634716,false,0.27506394167874415
naive,0.1,0.10701474549002135,0.01984718401718885,0.0655036995048573,0.3803739747986648,true,0.22293883715176105
naive,0.1,0.08201743714446497,0.27002616260974716,-0.054793513966893,0.2778708429429756,true,0.11153866448804128
naive,0.1,0.11270777036985379,0.04196234338767828,0.03926778887755725,0.37131488280053193,true,0.20529133583904458
naive,0.1,0.14928980946152565,0.19442531558165724,-0.03727617398154914,0.31585820281214555,true,0.1392910144152982
naive,0.1,0.09140566856008481,0.0040846668459536715,0.14069521598258358,0.5180068475759825,false,0.32935103177928304
naive,0.1,0.12077515887376425,0.056874024178389014,0.027534528404530995,0.37669460977585667,true,0.20211456909019382
naive,0.1,0.06843281774221356,0.25191621695944133,-0.04853339498758005,0.2713341537486108,true,0.11140037938051536
naive,0.1,0.03782437421834261,0.26995015535311717,-0.050386237932197125,0.255619359023902,true,0.10261656054585241
naive,0.1,0.07732777302665199,0.3263976422610249,-0.07181412240662982,0.2842709168774167,true,0.10622839723539343
naive,0.1,0.15032390229908532,0.0037652943801753094,0.12643916418447698,0.4585783566974847,true,0.29250876044098084
naive,0.1,0.07519852935214609,0.06758515625990445,0.01974727461148848,0.3749112406338566,true,0.19732925762267253
naive,0.1,0.08115060920868819,0.008810077106932447,0.08572572545751744,0.3751225928902212,false,0.23042415917386933
naive,0.1,0.05390821859668366,0.056046250427422235,0.029721536465670162,0.3975431342942936,true,0.21363233537998189
naive,0.1,0.10383278297470785,0.3395627708553622,-0.06500232348065232,0.2449877329034264,true,0.08999270471138704
naive,0.1,0.07285730978272294,0.13354994751177043,-0.014643448180493901,0.3184898453900256,true,0.15192319860476586
naive,0.1,0.08522229137959865,0.09362919775923759,0.0033541426757588977,0.35140064245919056,true,0.17737739256747473
naive,0.1,0.10940784075908368,0.016024511601980127,0.07560892697467131,0.40138522448813313,true,0.23849707573140222
naive,0.1,0.0636328113458377,0.002054280965459845,0.14858404692840216,0.48863712405674525,false,0.3186105854925737
naive,0.1,0.12939298115941614,0.18958915879010207,-0.03541380256347043,0.3143780748684362,true,0.1394821361524829
naive,0.1,0.11421502673164009,0.019644974922443385,0.07190512447634237,0.4156198556485884,true,0.2437624900624654
naive,0.1,0.12630191340028188,0.10167550603142325,-0.0007882323234588151,0.3205665861748933,true,0.15988917692571725
naive,0.1,0.07887743706231427,0.022285427084635295,0.06971802932542676,0.42773695250241267,true,0.2487274909139197
naive,0.1,0.17768856544020398,0.021424692814313553,0.07200545895944782,0.43333960400519406,true,0.25267253148232094
naive,0.1,0.13273563044592998,0.0022208819913011007,0.16795104712332656,0.5586571380958407,false,0.36330409260958363
naive,0.1,0.11870524613432555,0.10404561006194282,-0.002051727333626352,0.34758560628236357,true,0.1727669394743686
naive,0.1,0.12040737399958966,0.0022571371162313325,0.16233923521408544,0.5412913694917947,false,0.35181530235294006
naive,0.1,0.14893380107660106,0.038837692488015677,0.04198307438297383,0.370002107436652,true,0.20599259090981292
naive,0.1,0.11541195519189182,0.039858206076981234,0.04753509610230805,0.42860508762546834,true,0.2380700918638882
naive,0.1,0.11924330380719658,0.14026372070921084,-0.016574296332903,0.3040756335946381,true,0.14375066863086755
naive,0.1,0.09486819381573382,0.4601941113885725,-0.09204119274087001,0.24204218903534863,true,0.07500049814723932
naive,0.1,0.10046561779842685,0.00028897792290876416,0.21223749219056354,0.5648399165285485,false,0.388538704359556
naive,0.1,0.0947292332610994,0.035869103036946196,0.05236378298470129,0.43216708207240434,true,0.24226543252855282
naive,0.1,0.14473906477146894,0.0812472446289945,0.010103495235641136,0.3470579794902393,true,0.17858073736294022
naive,0.1,0.09586701571067212,0.02426332531800466,0.054856951005293336,0.3516324866201027,true,0.20324471881269804
naive,0.1,0.10806798052231735,0.0057050169269246805,0.09790734932420328,0.38563432197892245,true,0.24177083565156288
naive,0.1,0.1106316288036376,0.004318294942431431,0.12101292037563446,0.4502719164867357,false,0.2856424184311851
naive,0.1,0.07184907911682037,0.1551935498554005,-0.02355747649137624,0.3232952785523969,true,0.14986890103051034
naive,0.1,0.07989173719586447,0.32457360006295305,-0.07184322540318065,0.28638772197999507,true,0.10727224828840722
naive,0.1,0.1115256093121437,0.07202697654914042,0.017080698253813448,0.38173163802985866,true,0.19940616814183604
naive,0.1,0.10782480446684085,0.30476099171068805,-0.0627828511289589,0.27110825102385716,true,0.10416269994744912
naive,0.1,0.11234978708304204,0.0013733826857748905,0.16195782479852694,0.5045169895043593,false,0.3332374071514431
naive,0.1,0.10630453641130287,0.020739164789398114,0.06004386555079369,0.35581080613199945,true,0.20792733584139658
naive,0.1,0.08436457287345271,0.01149273674028519,0.08571836855508869,0.405253720798898,false,0.24548604467699334
naive,0.1,0.09889467450016023,0.1586374967926643,-0.02275359069234434,0.2955180358510228,true,0.13638222257933924
naive,0.1,0.10611101791960093,0.20974316153164968,-0.03918561254863728,0.29085856089908835,true,0.12583647417522553
naive,0.1,0.11991676698356335,0.021218180087604614,0.064323071577844,0.3853117903140606,true,0.2248174309459523
naive,0.1,0.10568152170023636,0.014507735279547325,0.07172829077758305,0.36683735121118866,true,0.21928282099438587
naive,0.1,0.09669331849805679,0.09470323876628735,0.0028425335894168013,0.35921443119492036,true,0.18102848239216857
naive,0.1,0.106015260221968,0.033696088581912406,0.04748993726277573,0.37375597767878205,true,0.2106229574707789
naive,0.1,0.04681447325222293,0.17203097743310714,-0.02911360321282286,0.3139863609924387,true,0.14243637888980792
naive,0.1,0.09712128878730927,0.05630094840694819,0.027966667448740684,0.3766640554445011,true,0.2023153614466209
naive,0.1,0.11604553818693604,0.12100292171371771,-0.00847147095510456,0.2871358790719859,true,0.13933220405844066
naive,0.1,0.09801287636500923,0.03826321239255302,0.04648476307727842,0.4044714301954475,true,0.22547809663636298
naive,0.1,0.0955264790360834,0.04604068796395785,0.03654046879141862,0.37982703496083847,true,0.20818375187612853
naive,0.1,0.12453953243162111,0.25506510127265253,-0.05071550578086488,0.27853702375276357,true,0.11391075898594934
naive,0.1,0.06166681813755082,0.4372155418090129,-0.08378625028173052,0.23378075641787388,true,0.07499725306807169
naive,0.1,0.1185304353496898,0.007954060228218835,0.09636004651480629,0.4104790440303285,true,0.2534195452725674
naive,0.1,0.07539128510537683,0.09409697836084782,0.0034475883241844862,0.39030077837202504,true,0.19687418334810478
naive,0.1,0.09238813744958708,0.2718109650616082,-0.05691785113677292,0.28604833837704746,true,0.11456524362013726
naive,0.1,0.08644195447111479,0.07063044044153441,0.015321886094127185,0.32456615256357346,true,0.16994401932885034
naive,0.1,0.06548649737967036,0.040607821580375486,0.037572585063750136,0.3445393755212717,true,0.1910559802925109
naive,0.1,0.11705394737034994,0.06330327410278415,0.022016980190249086,0.363340343963654,true,0.19267866207695153
naive,0.1,0.12018240209239124,0.014981323097492017,0.09490665220496472,0.4911304721088323,true,0.29301856215689853
naive,0.1,0.10271002040156717,0.0031219462989357546,0.13752496916885798,0.48271936349017025,false,0.3101221663295141
naive,0.1,0.09173283400867022,0.012138570340371753,0.08438528803610512,0.4059691131543498,true,0.24517720059522746
naive,0.1,0.05829644901398049,0.0037613559204291605,0.12890782487084745,0.4674431226320129,false,0.29817547375143016
naive,0.1,0.11939022119126516,0.0013000272620388865,0.1489846411919362,0.46093778211631353,false,0.3049612116541249
naive,0.1,0.12395424169473954,0.007503218219272624,0.11567999697490672,0.4855838616179303,true,0.3006319292964185
naive,0.1,0.0798611256006906,0.004298115000577184,0.1257349831820588,0.46742159079965595,false,0.29657828699085736
naive,0.1,0.1164789681918365,0.12577258175016803,-0.3250940695713549,0.011655916339782496,false,-0.15671907661578618
naive,0.1,0.09306836041757205,0.18246014631458982,-0.027957627927262987,0.26717077948339885,true,0.11960657577806792
naive,0.1,0.10528492544387791,0.17049557868598278,-0.028483126178296625,0.31319200113550183,true,0.1423544374786026
naive,0.1,0.13215510211700818,0.053640536800579855,-0.40195712640597503,-0.032033768394690715,false,-0.21699544740033289
naive,0.1,0.07225616096242254,0.015442930016272,0.08452105077820568,0.44238588637900933,false,0.2634534685786075
naive,0.1,0.16694905044278607,0.14759558877931028,-0.017764932577577608,0.27922842692784455,true,0.13073174717513347
naive,0.1,0.10760916116153113,0.03667425686526823,0.04476601874829661,0.3760619380091197,true,0.21041397837870815
naive,0.1,0.1671558050645609,0.14908716214365852,-0.018237535097213625,0.2786403560085766,true,0.13020141045568148
naive,0.1,0.12988350351997266,0.004658337407781185,0.13172740682573103,0.4974488873282381,false,0.31458814707698457
naive,0.1,0.12395481032035532,0.043148734049129486,0.03885087682637067,0.37749249175548955,true,0.2081716842909301
naive,0.1,0.062243785783864816,0.022294019325693935,-0.3896507456138839,-0.06349808212203048,false,-0.22657441386795718
naive,0.1,0.10334241612884833,0.01546383281679038,0.08284905902661047,0.4338567214125455,true,0.25835289021957797
naive,0.1,0.1306075619158709,0.2891579404701997,-0.05900314679838267,0.27286339076102406,true,0.10693012198132068
naive,0.1,0.09579843768751778,0.21487302835132635,-0.044129295162034815,0.31469616087070373,true,0.13528343285433445
naive,0.1,0.04240494944447578,0.11575285621645037,-0.29688219581384134,0.006643147306763825,false,-0.14511952425353877
naive,0.1,0.076314874396348,0.0564785535341217,0.027219420641287573,0.36837673109636365,true,0.1977980758688256
naive,0.1,0.08701934383978202,0.17630832052855447,-0.028301715608895273,0.28984696944094623,true,0.13077262691602548
naive,0.1,0.07192848114897658,0.3285784704711065,-0.06740031877572462,0.26459019538389195,true,0.09859493830408365
naive,0.1,0.07131514622213712,0.06649011668842907,0.017498059821846268,0.3200633427481772,true,0.16878070128501174
naive,0.1,0.1489852386931193,0.030762578797646413,0.051670952853430485,0.3815564206356034,true,0.21661368674451695
naive,0.1,0.09683548191016893,0.12455866885706864,-0.011307319997675869,0.3301560623358613,true,0.15942437116909272
naive,0.1,0.10322771432194244,0.3028773326786268,-0.058265767963756446,0.2536222520963434,true,0.09767824206629348
naive,0.1,0.12578099789388988,0.1900172705056457,-0.03113840183422517,0.2752581925837023,true,0.12205989537473858
naive,0.1,0.13503748108884275,0.04695075232925513,0.03789263948005675,0.40249963688470813,true,0.22019613818238243
naive,0.1,0.09619834169809487,0.025871079862644877,0.05870197681743464,0.38977746120260026,true,0.22423971901001744
naive,0.1,0.09862078066946117,0.244501922797625,-0.048054798668453,0.280575450047749,true,0.116260325689648
naive,0.1,0.09766638994775356,0.2066532528343307,-0.03838320475673401,0.29213764645051843,true,0.1268772208468922
naive,0.1,0.10533093714596196,0.13184318147341645,-0.013840367776099621,0.3161392846885286,true,0.1511494584562145
naive,0.1,0.12508102695251752,0.04829578421206874,0.03599234895153133,0.3948988332934865,true,0.21544559112250894
naive,0.1,0.09499945800323574,0.06534948474292225,0.021782872770962497,0.38368713959683176,true,0.20273500618389712
naive,0.1,0.08884623163077499,0.018200773721832538,0.07132781328183013,0.39874866905440265,true,0.2350382411681164
naive,0.1,0.12914661034636998,0.03976899101539628,0.047369259955216014,0.42625579753962317,true,0.2368125287474196
naive,0.1,0.06063698861421876,0.08125058861056315,-0.3337722383553329,-0.00971489047270152,false,-0.1717435644140172
naive,0.1,0.038620472609804855,0.20327809117077084,-0.03548280840476589,0.27780865443563374,true,0.12116292301543394
naive,0.1,0.09332237096345436,0.020208299679066847,0.06522278497125625,0.3818735468594412,true,0.2235481659153487
naive,0.1,0.12147646519006161,0.02112799311809018,0.07497109781393782,0.4481847911857816,true,0.2615779444998597
naive,0.1,0.10809528638677317,0.02024160371789632,0.06966371851323647,0.40818391758725536,true,0.23892381805024593
naive,0.1,0.10638827821981668,0.04328204256209525,0.03425374156377786,0.3338482115014578,true,0.18405097653261784
naive,0.1,0.09555095588006236,0.08669490449587938,0.006851981373091787,0.3371607932782509,true,0.17200638732567133
naive,0.1,0.08579878648035229,0.0025266310095040535,0.1312114723433863,0.4450728683699493,false,0.2881421703566678
naive,0.1,0.035137846684712676,0.07126443161781515,0.016615219966816724,0.36052418012128173,true,0.18856970004404924
naive,0.1,0.0980530152831499,0.04767594821066403,0.0334168413439635,0.36118751960863144,true,0.19730218047629747
naive,0.1,0.10334740465455708,0.2859860456009728,-0.06092736637131829,0.285911825697186,true,0.11249222966293385
naive,0.1,0.11458899515785419,0.02576969881874712,0.0622397136791486,0.4123534214761056,true,0.2372965675776271
naive,0.1,0.11741071978765683,0.4389519197813574,-0.09197509600497553,0.2554526670349051,true,0.0817387855149648
naive,0.1,0.09659745488182314,0.004703811660600792,0.1130520781989805,0.42775021489183357,false,0.27040114654540703
naive,0.1,0.09015686304949469,0.06528086917908181,0.017029439524481688,0.2992893349672935,true,0.1581593872458876
naive,0.1,0.10285111885355233,0.0994394375170712,0.00027390057989298833,0.33109403331461085,true,0.1656839669472519
naive,0.1,0.0889055828002554,0.04308084213229915,0.03648491345760713,0.35395027732539325,true,0.1952175953915002
naive,0.1,0.13843239986566655,0.1410441762896461,-0.018530064655727818,0.33395359059093327,true,0.15771176296760273
naive,0.1,0.16596810230585016,0.13720388668536662,-0.01567091773788226,0.3094411039230984,true,0.14688509309260808
naive,0.1,0.11082459630907654,0.03958066705056301,0.04215449960117243,0.3777325803872714,true,0.2099435399942219
naive,0.1,0.0627865377966111,0.12574591540528304,-0.011526583337346463,0.32180272814693445,true,0.155138072404794
naive,0.1,0.10893773246896056,0.010078564926169577,0.10026339261275127,0.4555886302940453,true,0.2779260114533983
naive,0.1,0.09697138602686751,0.01882800053164509,0.06972351215534964,0.3955028246810314,true,0.23261316841819052
naive,0.1,0.04842646437849999,0.10182181587824046,-0.0008815825124765253,0.32985683724946624,true,0.16448762736849484
naive,0.1,0.13377708346720543,0.11659644980821625,-0.007524741366302656,0.3197705175159421,true,0.15612288807481972
naive,0.1,0.10199193981088021,0.0011972172884359186,0.18095123706548932,0.5542382783569273,false,0.3675947577112083
naive,0.1,0.07756031693811871,0.31993968414317075,-0.05846404047593366,0.23730394680846068,true,0.08941995316626351
naive,0.1,0.11064302909146453,0.0659057958764693,0.019169372503064414,0.34387743385910585,true,0.18152340318108512
naive,0.1,0.10148605613644081,0.15966393609255855,-0.024044657500142563,0.30740132737860004,true,0.14167833493922874
naive,0.1,0.0881584465232475,0.5321781444258025,-0.21061413530499729,0.09467214244420219,true,-0.05797099643039755
naive,0.1,0.1473856119193811,0.08478666988061728,0.00903220981172459,0.386536574940941,true,0.1977843923763328
naive,0.1,0.08529496533808277,0.15583033111957753,-0.0268757199080204,0.3649957287779952,true,0.1690600044349874
naive,0.1,0.14063908740314585,0.0022145578576451574,0.15098729498080257,0.5020184118738066,false,0.32650285342730456
naive,0.1,0.17523780464452848,0.008673839220595135,0.10009804267035835,0.43618182642497283,true,0.2681399345476656
naive,0.1,0.0787352168801489,0.01511511278828968,0.09001065401997602,0.4673367020431799,false,0.27867367803157794
naive,0.1,0.07538515093432108,0.08468589501133711,0.008330329118380442,0.3540481015280946,true,0.18118921532323753
naive,0.1,0.13484306429235587,0.007934122961886409,0.10346843638734199,0.44047692634597785,true,0.2719726813666599
naive,0.1,0.0839359877240426,0.20627620800707028,-0.04155325378463992,0.3172509404881317,true,0.13784884335174588
naive,0.1,0.12509416470117354,0.015191409896330286,0.08152371101028102,0.42406927264905203,true,0.2527964918296665
naive,0.1,0.12478704787952813,0.000014952299237797122,0.29902507702572056,0.6654589263560986,false,0.4822420016909096
naive,0.1,0.10438636309116005,0.16408418406926645,-0.024675491860639,0.29568396345860537,true,0.13550423579898319
naive,0.1,0.07457274353779686,0.26914569103459995,-0.2719138689757212,0.053378570127894695,false,-0.10926764942391325
naive,0.1,0.12888675403411204,0.0009637135087246613,0.16023155039494671,0.47852656386435155,false,0.31937905712964915
naive,0.1,0.0955282684599581,0.010971076061816671,0.08568206652347377,0.39930006437743876,true,0.24249106545045626
naive,0.1,0.11929250288952321,0.06276029695181662,0.020279877385067924,0.32909888407506316,true,0.17468938073006554
naive,0.1,0.0891285123294777,0.10537773764725547,-0.0026463800130570037,0.3383515060377255,true,0.16785256301233425
naive,0.1,0.07672906449827231,0.003027570887481471,0.12924364520273934,0.4513276500633291,false,0.2902856476330342
naive,0.1,0.09055215340429768,0.10839005988348575,-0.004197941091002938,0.3464695044272762,true,0.17113578166813664
naive,0.1,0.12628185428135708,0.1666390863566069,-0.025823119108689507,0.29870088840288944,true,0.13643888464709997
naive,0.1,0.12976435446131201,0.009203778133254716,0.0911139302847857,0.40349182256087585,true,0.24730287642283078
naive,0.1,0.11824570067536948,0.057770833231276165,0.025923672694332822,0.3635654329093247,true,0.19474455280182876
naive,0.1,0.15646539569745344,0.11470548216392752,-0.006032132420649539,0.2881171210125881,true,0.14104249429596927
naive,0.1,0.11468035836158001,0.22865132704110758,-0.04114832022405501,0.2657945899685384,true,0.11232313487224169
naive,0.1,0.06738354611504065,0.14103626657681667,-0.016638974149233876,0.2999254820376152,true,0.14164325394419067
naive,0.1,0.11679026698254143,0.000030461479814433182,0.2611791058765054,0.6014392458272179,false,0.4313091758518616
naive,0.1,0.11849753029045437,0.007195185025672188,0.09532722737981725,0.39604921440211166,true,0.24568822089096445
naive,0.1,0.11871502748382115,0.08156953365591235,0.009637177756319393,0.3371615377397955,true,0.17339935774805745
naive,0.1,0.06494538285003257,0.02238297408005641,0.07117018051730345,0.43759702726361244,false,0.25438360389045794
naive,0.1,0.11334109494092064,0.01821388024742497,0.07191645969303209,0.40216241941992525,true,0.23703943955647866
naive,0.1,0.11508245376374358,0.0010474625492225278,0.1698662402069463,0.5121476641138943,false,0.3410069521604203
naive,0.1,0.0869765498156925,0.02597270592178602,0.05959495914579652,0.3965860664398386,true,0.22809051279281758
naive,0.1,0.08086612728538986,0.18088656891168584,-0.03328722946455326,0.3236127209892236,true,0.14516274576233518
naive,0.1,0.0692938379024513,0.07932881324256069,0.011471120882745878,0.3553436478501381,true,0.183407384366442
naive,0.1,0.08160385996149763,0.14334155172258214,-0.018467838572171352,0.31646003546586166,true,0.14899609844684514
naive,0.1,0.10095533566910284,0.017181336335127084,0.07019430235633428,0.38311329214544293,true,0.2266537972508886
naive,0.1,0.10411894644764265,0.021445133027578018,0.06720582200007644,0.40464048034773603,true,0.23592315117390622
naive,0.1,0.08711621062721875,0.08897084385511772,0.006423662331806079,0.3837934298932505,true,0.19510854611252829
naive,0.1,0.1104546677799154,0.07340497140412379,0.016382292785069502,0.38690563186396976,true,0.20164396232451962
naive,0.1,0.10449843644082958,0.019683464651375913,0.07079095513336009,0.4095405431263074,true,0.24016574912983374
naive,0.1,0.08997292370477397,0.9005677677900004,-0.1499697755593577,0.17462630407070157,true,0.012328264255671934
naive,0.1,0.11087476832251185,0.016358548356106145,0.07122957736719801,0.381197886299804,true,0.226213731833501
naive,0.1,0.05658383478859414,0.2882692791552519,-0.05635438177045947,0.2616772416763218,true,0.10266142995293116
naive,0.1,0.11447520327084762,0.05211447023863938,0.02617466990543496,0.3157722015818928,true,0.17097343574366386
naive,0.1,0.12278822919456046,0.026782867681464612,0.056531220907202834,0.38290277069327283,true,0.21971699580023785
naive,0.1,0.10778486075305489,0.031386874998184454,0.048659744733380444,0.3642181940266467,true,0.20643896938001355
naive,0.1,0.09102489554967089,0.10679859303566949,-0.0030559702551019863,0.310104693775194,true,0.15352436176004602
naive,0.1,0.1464364008023796,0.015712752958086974,0.07997576590263414,0.4213644839207581,true,0.2506701249116961
naive,0.1,0.12944179656848798,0.005221564238839314,0.12176641893812928,0.47064423359962076,true,0.296205326268875
naive,0.1,0.1554644744936154,0.0006325150208308979,0.1704393174113841,0.48678376593120154,false,0.3286115416712928
naive,0.1,0.10954144885431746,0.04053251559501855,0.04414551127064792,0.404125950678407,true,0.22413573097452746
naive,0.1,0.07846928196000817,0.04519078454417765,0.029696371966877744,0.3025643470955003,true,0.16613035953118901
naive,0.1,0.09783158812311259,0.0012248689969542896,0.14905725043707085,0.4578115618778038,false,0.30343440615743733
naive,0.1,0.10165213012828846,0.13721955703869101,-0.016805571110380113,0.3317159363585262,true,0.15745518262407304
naive,0.1,0.07139137539076977,0.24609715055389647,-0.2728808229457925,0.0471843727006961,false,-0.1128482251225482
naive,0.1,0.10563787386691222,0.3504235743142037,-0.07566758360371013,0.2743946209882438,true,0.09936351869226683
naive,0.1,0.08868433810326477,0.0070665667012718295,0.10465919951029473,0.4329256899707333,false,0.268792444740514
naive,0.1,0.11907534862505866,0.08060620339565519,0.00996816509920967,0.3304378396342627,true,0.1702030023667362
naive,0.1,0.0875637418608188,0.011892966805048645,0.08665390499334297,0.41414628731409736,true,0.25040009615372016
naive,0.1,0.12180256992014275,0.035267817856055234,0.04304175450481357,0.3505781522003601,true,0.19680995335258683
naive,0.1,0.13449358246142057,0.006007128752865578,0.11110022983389273,0.44259638235178883,true,0.2768483060928408
naive,0.1,0.09506910057737569,0.10401187879331407,-0.001948817945773118,0.3329003235570529,true,0.1654757528056399
naive,0.1,0.08497808208051355,0.08305695428500179,0.007810471489637955,0.29858610199000934,true,0.15319828673982366
naive,0.1,0.13399741093574288,0.02358740266654779,0.06098935437285127,0.3851568667256857,true,0.22307311054926848
naive,0.1,0.10933034523039452,0.13419394226842124,-0.016675194144745498,0.3562771295976995,true,0.16980096772647701
naive,0.1,0.07838938110798213,0.04223055704657779,0.03747629037085565,0.35654995873813666,true,0.19701312455449616
naive,0.1,0.06265069802656162,0.1058180968604719,-0.0028779745170972315,0.3404685093791059,true,0.16879526743100434
naive,0.1,0.1406982117828084,0.05512206959505915,0.026785608134023642,0.34948786377170044,true,0.18813673595286204
naive,0.1,0.07943298235081248,0.04392897126457745,0.03762326268341781,0.37221297901147415,true,0.20491812084744598
naive,0.1,0.09291640224765729,0.1898321555831179,-0.031406281634508634,0.2781333713400846,true,0.12336354485278798
naive,0.1,0.11813201414075941,0.7093127872128019,-0.13073210619291895,0.2073537383600169,true,0.038310816083548964
naive,0.1,0.1569142771188243,0.04403385533236989,0.035343059566171064,0.35050615230638227,true,0.19292460593627667
naive,0.1,0.07952429023022889,0.01939123154259857,0.07146943391535862,0.410704509189752,true,0.2410869715525553
naive,0.1,0.037899244960241066,0.016936359118267862,0.08182945798888053,0.44402413941862384,false,0.2629267987037522
naive,0.1,0.0454599466556182,0.10426521104731457,-0.0022443120064823963,0.36082707374487816,true,0.17929138086919788
naive,0.1,0.1417945534294598,0.0005810666235784108,0.16226346831236302,0.45957052725624226,false,0.31091699778430265
naive,0.1,0.10771202115373321,0.05729969406378993,0.026588893212018516,0.3680484636648794,true,0.19731867843844897
naive,0.1,0.09760667867821139,0.0002021319564065354,0.21249998908279585,0.5499696359844296,false,0.38123481253361274
naive,0.1,0.11565169765277311,0.00009269832560849211,0.21945559504943427,0.5383222392720648,false,0.3788889171607495
naive,0.1,0.07987825370404085,0.007849679739594153,0.10977617697706743,0.46605710999872374,false,0.2879166434878956
naive,0.1,0.11002422714152103,0.2392235441006804,-0.04912852415752776,0.2962662557433588,true,0.12356886579291552
naive,0.1,0.10927745060006475,0.02483274694118469,0.05611791406920727,0.36424489662168913,true,0.2101814053454482
naive,0.1,0.09373207100902187,0.10221238832441719,-0.0011361376242123578,0.3503923440813196,true,0.1746281032285536
naive,0.1,0.09131539845770593,0.03440761887047815,0.04581560083114064,0.366217843690257,true,0.20601672226069884
naive,0.1,0.09748239675169018,0.04325311862844071,0.03769849163692571,0.3671770597829095,true,0.20243777570991758
naive,0.1,0.13785845893302098,0.33679203504735516,-0.06617055381850641,0.25192388584286995,true,0.09287666601218177
naive,0.1,0.1376890283445081,0.22405448496935995,-0.03892704652875101,0.2595526212065258,true,0.11031278733888739
naive,0.1,0.11314895871161407,0.0804584682315364,0.010182663753392968,0.33484322598402116,true,0.17251294486870708
naive,0.1,0.09260711936226569,0.000025672006940168574,0.2453934489204148,0.5602478180009488,false,0.4028206334606818
naive,0.1,0.058032255290775527,0.15036150855431255,-0.02275863892520874,0.3396325555573653,true,0.1584369583160783
naive,0.1,0.07467318113146111,0.03776906073028881,0.04261412643903495,0.36674927126228296,true,0.20468169885065896
naive,0.1,0.09425352437573382,0.08485631097185589,0.007342099981830913,0.31571748320084314,true,0.16152979159133704
naive,0.1,0.12482532395110349,0.0595780525812543,0.02377803777888518,0.35100196656836236,true,0.18739000217362378
naive,0.1,0.10420090429996795,0.019002892642624787,0.08069982138352041,0.4596192965837099,true,0.27015955898361516
naive,0.1,0.10057152870265652,0.025124058898206486,0.06329866208308821,0.4134859671408879,true,0.23839231461198807
naive,0.1,0.1263068529342834,0.05681467299404415,0.023337665505997446,0.31875868151636433,true,0.17104817351118087
naive,0.1,0.07393395443174149,0.014833544520696646,0.08594897973850313,0.4431493527121759,false,0.2645491662253395
naive,0.1,0.12369706794854962,0.020562019214548904,0.0630898870443391,0.3723644507002219,true,0.2177271688722805
naive,0.1,0.11625942033800185,0.03953685458924344,0.04102107839128863,0.36721585678442226,true,0.20411846758785543
naive,0.1,0.10696331996048226,0.02461228202116952,0.05802259286282141,0.3747890250199645,true,0.21640580894139294
naive,0.1,0.12519720370720178,0.08864534708190928,0.005719883032340972,0.3316435978833465,true,0.16868174045784376
naive,0.1,0.10990839310454034,0.008805654930464906,0.0990226269444795,0.43324905496023025,true,0.2661358409523549
naive,0.1,0.09225071085709706,0.09170420737073044,0.0037688338821784684,0.3016481229436532,true,0.15270847841291582
naive,0.1,0.1398811944487247,0.12090203508666592,-0.008961637923627225,0.3051520091189651,true,0.14809518559766893
naive,0.1,0.10798568685116872,0.003190566989403547,0.14067702559230513,0.4956012598804801,false,0.3181391427363926
naive,0.1,0.07971762450897071,0.13264472523266982,-0.014732367734149043,0.3287495414090801,true,0.15700858683746552
naive,0.1,0.07208685229585199,0.22018308956742622,-0.044217681196543845,0.3031055896041109,true,0.12944395420378352
naive,0.1,0.05887200317554526,0.028746767467045863,0.05423566572426211,0.38336927737752025,true,0.21880247155089116
naive,0.1,0.08551463705833326,0.0008438091123774677,0.1935665193355566,0.5696554848949943,false,0.38161100211527543
naive,0.1,0.09313599069513229,0.003022545108278995,0.13703188392473414,0.47839255191482905,false,0.3077122179197816
naive,0.1,0.1219160557118175,0.011953818663224827,0.08462416088288979,0.4051080997102402,true,0.244866130296565
naive,0.1,0.10513553474345948,0.0342153987697826,0.050805712794685653,0.4044050151812762,true,0.22760536398798092
naive,0.1,0.09684257175757865,0.11051275239564019,-0.004968688854502162,0.3288797829428104,true,0.1619555470441541
naive,0.1,0.11213010443941604,0.12856665864945907,-0.012180559181683398,0.30819064102623506,true,0.14800504092227584
naive,0.1,0.11711159318260202,0.18958043724081822,-0.030716107171034707,0.27269888174903656,true,0.12099138728900094
naive,0.1,0.08965746713302246,0.0267630894818073,0.05734499134905979,0.38824741469104185,true,0.22279620302005082
naive,0.1,0.11053411012020332,0.0032611107741218988,0.1272469623317674,0.4499620242324353,false,0.28860449328210136
naive,0.1,0.09825405289628017,0.03785285329045775,0.04480382623333348,0.38631116491614403,true,0.21555749557473874
naive,0.1,0.09608000746337428,0.0015475665280864363,0.1418786586636179,0.4487906702633737,false,0.2953346644634958
naive,0.1,0.11776611906502776,0.046575945545272585,0.033276619041435834,0.3503223569721394,true,0.19179948800678764
naive,0.1,0.08413351723502484,0.3315155065552992,-0.06450541113747747,0.2504363473421866,true,0.09296546810235458
naive,0.1,0.13041115431721675,0.027621754521704067,0.05464252582128418,0.3769259912873605,true,0.21578425855432234
naive,0.1,0.09912962205038815,0.08170810432447759,0.010100420899226387,0.3561961291083986,true,0.1831482750038125
naive,0.1,0.1347581621843749,0.07576968731485156,0.012442408637149516,0.3250825025447837,true,0.16876245559096661
naive,0.1,0.08625850227342906,0.009036275128431174,0.11391368288886372,0.5019163192468076,false,0.30791500106783565
naive,0.1,0.09064837180287216,0.09999700442513763,1.401544085316564e-6,0.31748216493817005,true,0.1587417832411277
naive,0.1,0.1213923171157063,0.004121096214668051,0.13184809796994112,0.4862449107478549,false,0.309046504358898
naive,0.1,0.08742070775071137,0.0071982086916866994,0.09567791678016793,0.3975468151071043,false,0.2466123659436361
naive,0.1,0.0813217495191634,0.021280818835442004,0.0763515323522207,0.4580106915946419,true,0.2671811119734313
naive,0.1,0.12155132708662884,0.2850824593808925,-0.061156610091422745,0.2881985357355333,true,0.11352096282205527
naive,0.1,0.12311898680988669,0.10932627839958514,-0.004045717314034414,0.3010372012381857,true,0.14849574196207566
naive,0.1,0.09727312498376164,0.006434638825427072,0.10268855592765516,0.41550485009658833,false,0.25909670301212173
naive,0.1,0.09178202011683816,0.10298714866913075,-0.0014846646421834697,0.3397669223790526,true,0.16914112886843458
naive,0.1,0.09815215412467519,0.0008217242858136613,0.16678091975809417,0.48942404704203957,false,0.32810248340006687
naive,0.1,0.11313947606371798,0.04840837120273192,0.030407763780566727,0.33453946706281723,true,0.182473615421692
naive,0.1,0.07886341904311311,0.04136098203202613,0.03553362635039645,0.33144140201302663,true,0.18348751418171155
naive,0.1,0.1342945576775389,0.06316742557578775,0.01963831475340161,0.3227207212821188,true,0.1711795180177602
naive,0.1,0.08519180972177208,0.2746851050286521,-0.05343063659345337,0.26469748900700457,true,0.1056334262067756
naive,0.1,0.08190818857100596,0.09266107485863416,0.0033654222417174584,0.3052737863503854,true,0.1543196042960514
naive,0.1,0.10346078289871652,0.008795672621313522,0.10054149445805194,0.4397598473011912,true,0.2701506708796216
naive,0.1,0.07586494066833445,0.04926757576196844,0.03149504504114045,0.3538491408399037,true,0.1926720929405221
naive,0.1,0.09505115875513018,0.0693452328991729,0.014791195709666416,0.298829630942404,true,0.1568104133260352
naive,0.1,0.09292178328047297,0.023282017319565553,0.060025752665700705,0.3765194489978819,true,0.2182726008317913
naive,0.1,0.13654649402119873,0.005882243397983797,0.115547600542843,0.45817485335135666,true,0.2868612269470998
naive,0.1,0.11406359986331668,0.16917167326952,-0.03149688458153124,0.35228796811945107,true,0.1603955417689599
naive,0.1,0.13622551102372069,0.05375644819022002,0.026039870958933953,0.3277355013424145,true,0.17688768615067424
naive,0.1,0.11155542318927776,0.011348594875825293,0.09277777549602778,0.4369016609636373,true,0.26483971822983254
naive,0.1,0.06893614203573036,0.0843247121651847,0.008912950547857346,0.36968656416474305,true,0.1892997573563002
naive,0.1,0.11532582185845289,0.3494126039609773,-0.06989521106230465,0.2543564886430718,true,0.09223063879038357
naive,0.1,0.06092474653777904,0.05859157078226342,0.025775240438905306,0.36991390967058513,true,0.1978445750547452
naive,0.1,0.07553564926553644,0.10136311680921635,-0.0006494550619435269,0.32440689758229824,true,0.16187872126017736
naive,0.1,0.12208435243155452,0.7829092342191845,-0.12463507896278839,0.17479221160787653,true,0.025078566322544068
naive,0.1,0.13481350202087322,0.015255687381798508,0.08263973771236327,0.43055531154527543,true,0.25659752462881935
naive,0.1,0.08835838970095189,0.12164758143442386,-0.01032971005563496,0.34014676759683016,true,0.16490852877059758
naive,0.1,0.11445924854354655,0.011584809418466915,0.09132290324153974,0.43283533112443257,true,0.26207911718298615
naive,0.1,0.12972635114940728,0.005285099447773144,0.12246982137638215,0.474563377249935,true,0.2985165993131586
naive,0.1,0.1083163186460322,0.37871897752105227,-0.08105741371037141,0.2676962637749725,true,0.09331942503230055
naive,0.1,0.11826555042193322,0.3935504706866728,-0.07813733047002966,0.2465598899605351,true,0.08421127974525272
naive,0.1,0.03636095813538129,0.12061866611885223,-0.009308635791506481,0.32113455729413587,true,0.1559129607513147
naive,0.1,0.0953927332570467,0.0892259313393951,0.0055797525591004815,0.3415103428288687,true,0.1735450476939846
naive,0.1,0.1105753883020768,0.03721398758144795,0.04184627692791382,0.35574529422672435,true,0.19879578557731908
naive,0.1,0.12160718417537875,0.02479785164315817,0.06663900056574013,0.4322030679682483,true,0.24942103426699422
naive,0.1,0.11670339262944474,0.27167783682619745,-0.05953623729562331,0.2994080689907915,true,0.11993591584758408
naive,0.1,0.06494011824799342,0.5833420516486979,-0.212147279977483,0.1060409904240588,true,-0.053053144776712094
naive,0.1,0.09832485634985297,0.22572958291058054,-0.04105601018032588,0.27056318209974584,true,0.11475358595970998
naive,0.1,0.06864585522321659,0.04529704914280395,0.029714573151514434,0.3035059582774341,true,0.16661026571447426
naive,0.1,0.12364440737315496,0.2668674111373011,-0.06176265236656189,0.3183360307134666,true,0.12828668917345235
naive,0.1,0.1284832318343994,0.07452246947950433,0.012996377539039566,0.321605399937555,true,0.16730088873829727
naive,0.1,0.14065133238725883,0.0028604410746513845,0.13672860653620134,0.4730262261924326,true,0.304877416364317
naive,0.1,0.13444076182402806,0.03001739857137328,0.05041666749142226,0.3663287342299541,true,0.20837270086068818
naive,0.1,0.09311814814568524,0.30513652919135636,-0.06239877020916851,0.26902290898098513,true,0.10331206938590831
naive,0.1,0.13818202560685885,0.08913733874679856,-0.3853544472633663,-0.006349449221347697,false,-0.19585194824235702
naive,0.1,0.07261073566883011,0.03551747425431273,0.046123181598316076,0.37773726552911063,true,0.21193022356371335
naive,0.1,0.05851926320468785,0.06262903788951212,0.022983946441432646,0.3714797372630267,true,0.19723184185222967
naive,0.1,0.11051178460752127,0.18903393856563272,-0.03341813579776945,0.29830226062590315,true,0.13244206241406684
naive,0.1,0.0801821325304865,0.23945933524176571,-0.04851730781665227,0.29215044748999575,true,0.12181656983667173
naive,0.1,0.0896426143701475,0.0005187546500423767,0.17958699248565002,0.5031247316945684,false,0.3413558620901092
naive,0.1,0.1104062522566149,0.008680942951817993,0.09894831752911082,0.4312664015675334,true,0.2651073595483221
naive,0.1,0.10878131920172199,0.01265893787189318,0.08227931268180746,0.40133244957941483,true,0.24180588113061113
naive,0.1,0.12152936520714507,0.06193094707086473,0.022571426475208184,0.3571423234018648,true,0.18985687493853648
naive,0.1,0.09283220365083335,0.020878430384146277,0.06269026291218119,0.37266437906848193,true,0.21767732099033155
naive,0.1,0.07828369205834314,0.20116546005491287,-0.03567753253227071,0.28446346675409817,true,0.12439296711091374
naive,0.1,0.09895743466237243,0.28652968623620945,-0.2655765595623866,0.05673694599988076,false,-0.10441980678125294
naive,0.1,0.09094860347991102,0.25957670906682623,-0.048417705904487074,0.25939280926076785,true,0.10548755167814039
naive,0.1,0.09359267702676226,0.9498310339444279,-0.18086871379462752,0.19525625114988923,true,0.00719376867763087
naive,0.1,0.092951769762573,0.0010548583287482488,0.18106854913793183,0.5463672518606504,false,0.3637179004992911
naive,0.1,0.0680570123646069,0.038991736295140765,0.04087558261528815,0.3614815444329541,true,0.20117856352412114
naive,0.1,0.0641155087366934,0.19506477797398633,-0.034973615485408865,0.2945845346541759,true,0.12980545958438353
naive,0.1,0.11162915264145698,0.09361655357827807,0.0028859162935578886,0.30173725487383274,true,0.1523115855836953
naive,0.1,0.10845160459566609,0.004110172853929078,0.12530350905724266,0.4618781566224218,false,0.2935908328398322
naive,0.1,0.06391399213034454,0.06983982849267667,0.015673865925414476,0.322420622318799,true,0.16904724412210673
naive,0.1,0.10087482798599717,0.3627011034092305,-0.07052319826459656,0.2452857980722068,true,0.08738129990380512
naive,0.1,0.13967137612582978,0.04713790824334099,0.04025384898663739,0.42949926228434165,true,0.2348765556354895
naive,0.1,0.10981471268729381,0.011806943208980746,0.0904389916450705,0.4312348818648042,true,0.26083693675493735
naive,0.1,0.07898720518044769,0.036791263772352235,0.04828282520704416,0.40665257168697033,true,0.22746769844700726
naive,0.1,0.10036277730610275,0.000759710973435523,0.173969607421985,0.5062790206253157,false,0.34012431402365034
naive,0.1,0.08724211941527488,0.01640369986718684,0.0789944971469756,0.42321261602873794,true,0.25110355658785677
naive,0.1,0.11274434163044461,0.18492628634959818,-0.034186550685035205,0.318237326710027,true,0.1420253880124959
naive,0.1,0.12359336286963989,0.12911421724968364,-0.01215945963458498,0.30219205686184825,true,0.14501629861363163
naive,0.1,0.1328614219283145,0.12647144098080104,-0.010781717556663073,0.2931798689944382,true,0.14119907571888757
naive,0.1,0.12467719352385258,0.16638852907170384,-0.027232624848022413,0.3160773285588915,true,0.14442235185543453
naive,0.1,0.0719644723138739,0.0016204100426100545,0.14806355457942955,0.4712031407420725,false,0.309633347660751
naive,0.1,0.08846253597681425,0.01447125425459506,0.08857422556766428,0.4525784973699495,false,0.27057636146880687
naive,0.1,0.15012475533753072,0.017135903052906108,0.07689826307259787,0.41925065983618837,true,0.2480744614543931
naive,0.1,0.12640410124709575,0.003681913039478589,0.1254756278064254,0.45324696537257336,true,0.2893612965894994
naive,0.1,0.08786776431924322,0.012360283968172412,0.07531823296600804,0.3644931067553797,true,0.21990566986069388
naive,0.1,0.13159017093085265,0.02007288436626769,0.07490847606885168,0.43723227707432755,true,0.2560703765715896
naive,0.1,0.03885145457960304,0.039362707432950284,0.043371993394718644,0.38675064814598753,false,0.2150613207703531
naive,0.1,0.055235766044384974,0.001901759628545084,0.16461556968649188,0.5354534653806156,false,0.35003451753355375
naive,0.1,0.08000625327622816,0.1548124625110969,-0.023434084423622187,0.32364130672673386,true,0.15010361115155582
naive,0.1,0.0864288838510825,0.6156251736265537,-0.1169155142815235,0.21964383862185596,true,0.05136416217016623
naive,0.1,0.05159887938633049,0.309842088363556,-0.06766824196711492,0.2860718482052682,true,0.10920180311907664
naive,0.1,0.09800846383139648,0.1511453860507952,-0.023255974773839366,0.3421756108708831,true,0.15945981804852186
naive,0.1,0.06276639360187854,0.11110699068800442,-0.0053217167695356615,0.333851073326923,true,0.16426467827869365
naive,0.1,0.05046957844072364,0.2561424513804773,-0.2831482515861745,0.05186528861774592,true,-0.1156414814842143
naive,0.1,0.12122527890799739,0.014374711252167455,0.08933277136738096,0.4553510757642816,true,0.27234192356583126
naive,0.1,0.09909247202703551,0.04978939077619617,0.03033122135954283,0.34518138232767104,true,0.18775630184360695
naive,0.1,0.06729440995151117,0.1303566448736652,-0.013715370722653164,0.327694301292208,true,0.15698946528477742
naive,0.1,0.13597426177370409,0.03269071074222169,0.048440607670316216,0.3729882411754325,true,0.21071442442287436
naive,0.1,0.12396867133580046,0.006242562423489294,0.11459988211752625,0.46050096242165095,true,0.2875504222695886
naive,0.1,0.06915709151886783,0.004764221984611053,0.11824870074834723,0.44855540051317555,false,0.2834020506307614
naive,0.1,0.09869387200715349,0.09378696795919521,0.002998200596170647,0.3222224189287318,true,0.16261030976245125
naive,0.1,0.10316663632367215,0.02806197262287905,0.05645544077089687,0.3931732784134697,true,0.2248143595921833
naive,0.1,0.16686119205460603,0.046655565732158524,0.036485605628764795,0.38483410294538256,true,0.21065985428707368
naive,0.1,0.11008341876598673,0.04733530004339483,0.032092484923543885,0.34404356170624195,true,0.18806802331489292
naive,0.1,0.10694647071039404,0.055339306493645636,0.0295882551602136,0.3883022735558016,true,0.2089452643580076
naive,0.1,0.08691476101375951,0.14825281805913018,-0.016721792328894605,0.2595383822633638,true,0.12140829496723458
naive,0.1,0.11811827658349101,0.2958130708947583,-0.25220575767225417,0.05619132767529057,false,-0.09800721499848179
naive,0.1,0.11297933941311637,0.15886735585723286,-0.021442650708160066,0.2775033744448502,true,0.12803036186834507
naive,0.1,0.1115252419915682,0.06834799852197279,0.020490549818110326,0.39950196189805337,true,0.20999625585808185
naive,0.1,0.11065518667201893,0.061626054625980316,0.02375931726183389,0.3725016113602783,true,0.1981304643110561
naive,0.1,0.10127335033641273,0.013626181643978313,0.08204719275170877,0.41035993690901895,true,0.24620356483036387
naive,0.1,0.06520746953872579,0.19325342266165418,-0.035600289279468705,0.3050084118488888,true,0.13470406128471007
naive,0.1,0.07249705239528906,0.13150366804504168,-0.012697225812628804,0.2929644212368573,true,0.14013359771211426
naive,0.1,0.09267702208542399,0.02448028560694754,0.05332819944224218,0.3434684658240017,true,0.19839833263312193
naive,0.1,0.1046707900908477,0.008138042248297703,0.10965509226928002,0.4698714474419039,false,0.289763269855592
naive,0.1,0.13983926277579228,0.062328269248370816,0.022955460305941644,0.3676239811963734,true,0.19528972075115753
naive,0.1,0.10200494721802957,0.06971495297587485,0.017443447424017572,0.3571845094130107,true,0.18731397841851416
naive,0.1,0.05856855440550076,0.3101351276463665,-0.06717412862326452,0.28364016538667647,true,0.10823301838170599
naive,0.1,0.11641901478022017,0.05016242588598755,0.03165493298538172,0.363589687460509,true,0.19762231022294538
naive,0.1,0.10976777671136678,0.07478854511777043,-0.33254304815344893,-0.013286276217749943,false,-0.17291466218559942
naive,0.1,0.11276594075074273,0.09314991417655862,0.0035455902140439643,0.3450232184608203,true,0.17428440433743214
naive,0.1,0.09178484999116877,0.004986688533496646,0.12576720895267293,0.4815053913347387,false,0.3036363001437058
naive,0.1,0.1266341054122123,0.008680817029944044,0.09717897908432074,0.4235530911010922,true,0.26036603509270645
naive,0.1,0.06919463034263586,0.02782472909949435,0.06026322695887423,0.41753504743535086,true,0.23889913719711253
naive,0.1,0.09352682723898789,0.263327305902326,-0.2725162829326234,0.05190071183776494,false,-0.11030778554742925
naive,0.1,0.08445273485324552,0.44760430208534746,-0.09185675245941607,0.24942251774343974,true,0.07878288264201183
naive,0.1,0.14791817447469313,0.02065930375266419,0.07221729842944352,0.4271759364077524,true,0.24969661741859797
naive,0.1,0.08958969835333397,0.00905677138449665,0.09118721720005807,0.40203041395662614,false,0.2466088155783421
naive,0.1,0.11554281446994633,0.15067583212780988,-0.01850925453686189,0.27464671844729804,true,0.1280687319552181
naive,0.1,0.12021865716060286,0.015314551929221435,0.07541322170947246,0.39347394132081315,true,0.2344435815151428
naive,0.1,0.10539542657438505,0.03257569696603645,0.048052888620624234,0.36907915888155235,true,0.2085660237510883
naive,0.1,0.14882296485487345,0.028953991154973074,0.05870490712367335,0.41682975437542724,true,0.23776733074955028
naive,0.1,0.1207468026280593,0.050100620926921524,0.032515003659174146,0.37289607810000547,true,0.2027055408795898
naive,0.1,0.09355471840350374,0.06525563321908492,0.020468917521421798,0.35944211972648,true,0.18995551862395088
naive,0.1,0.08041343713324281,0.01190690163665979,0.08290434751470249,0.3963746428073086,false,0.23963949516100555
naive,0.1,0.12752407801343374,0.4009490728276026,-0.07634949164620299,0.2356884066065329,true,0.07966945748016495
naive,0.1,0.12322017989772832,0.027423479866331524,0.06042674878184884,0.41503322551682814,true,0.2377299871493385
naive,0.1,0.05281483785352598,0.038043028384001136,0.04360771514588649,0.3775872080462285,true,0.21059746159605747
naive,0.1,0.1205666395586191,0.0031556801193177997,0.12989928655916377,0.45678011346702824,false,0.293339700013096
naive,0.1,0.15730218088172035,0.032484764773775356,0.05055926550874576,0.38756335330814906,true,0.2190613094084474
naive,0.1,0.08993516188248424,0.013506083988231053,0.08024983663011823,0.40013761685048266,true,0.24019372674030046
naive,0.1,0.11848967231483853,0.08687353854098019,0.006277961599319343,0.3132806876607229,true,0.15977932463002112
naive,0.1,0.10142003052843757,0.01890779644993527,0.06785528548306827,0.3856163252229764,true,0.22673580535302232
naive,0.1,0.10672314389209223,0.09226625961858893,0.003258736057708045,0.2802055703934545,true,0.14173215322558128
naive,0.1,0.06318551341002247,0.18195568003838614,-0.03172279431100525,0.30481399631494355,true,0.13654560100196916
naive,0.1,0.0943786547315148,0.0010372778990349308,0.14747593539701628,0.4441397112737131,false,0.2958078233353647
naive,0.1,0.10755382610022983,0.003576814017676041,0.13175898739405414,0.4734869386533682,false,0.30262296302371117
naive,0.1,0.09307626231310932,0.11100367387024475,-0.005199911457429013,0.32919564059062423,true,0.16199786456659762
naive,0.1,0.16085992893674597,0.16023396617590982,-0.023171917911152945,0.29369758631614273,true,0.1352628342024949
naive,0.1,0.09847036067066237,0.0004302676542640282,0.18822522391316424,0.5183040023365574,false,0.3532646131248608
naive,0.1,0.098321451720478,0.16569375597942884,-0.024164576309338576,0.2831437559727499,true,0.12948958983170564
naive,0.1,0.08027248865703676,0.0377743607999216,0.040463518192797615,0.348281423920519,true,0.1943724710566583
naive,0.1,0.10245507380671899,0.030601696416168913,0.05125772190865244,0.37718710692155366,true,0.21422241441510304
naive,0.1,0.10128008584933193,0.0017345569833190685,0.15209008896034748,0.4884648067979843,false,0.3202774478791659
naive,0.1,0.09640191427825404,0.07942875812559465,0.01125247174736363,0.3503739225604635,true,0.18081319715391359
naive,0.1,0.06507271183142639,0.0009748505729665797,0.1710665091979043,0.5115479270127643,false,0.3413072181053343
naive,0.1,0.09939633825941703,0.14957606508236707,-0.021726957602975244,0.3289463573693511,true,0.1536096998831879
naive,0.1,0.12695165010963957,0.04920776927878976,0.033613022117271324,0.377090909363486,true,0.20535196574037864
naive,0.1,0.06490767455904597,0.04856950635077879,0.030067964037976097,0.332099944466411,true,0.18108395425219356
naive,0.1,0.07982341472486464,0.23960143441611254,-0.04512753583074383,0.2714983298772249,true,0.11318539702324051
naive,0.1,0.07271272768811288,0.004956407463146732,0.10636199529744406,0.40670525978870753,false,0.2565336275430758
naive,0.1,0.13825458837253812,0.008828564758641657,0.0941251101086499,0.412110353815774,true,0.25311773196221193
naive,0.1,0.02964061888570149,0.08884179574242987,-0.3563036292886377,-0.006035529424987057,false,-0.18116957935681238
naive,0.1,0.15885215859527088,0.0002796382102376147,0.21401907358409386,0.5680648137518933,false,0.3910419436679936
naive,0.1,0.09000848913464296,0.4499051351138638,-0.10201301608922982,0.2753628319609411,true,0.08667490793585562
naive,0.1,0.09855137453930571,0.004829575091485929,0.11785304889386869,0.44828104976408867,false,0.2830670493289787
naive,0.1,0.06118860395395491,0.37725314736665094,-0.07256124740064247,0.24074759252114503,true,0.08409317256025127
naive,0.1,0.12455919909927578,0.00605182015820607,0.11099716082882133,0.44291782276667085,true,0.2769574917977461
naive,0.1,0.08403755156891476,0.09933472740123474,0.0003182825064185213,0.3241011500910198,true,0.16220971629871916
naive,0.1,0.08632515657721794,0.022753987842438532,0.06108451158983874,0.37869859496369146,true,0.2198915532767651
naive,0.1,0.10979749092799461,0.01871840101580808,0.06679214200333028,0.377914529570119,true,0.22235333578672464
naive,0.1,0.11944004968583563,0.27579220882104416,-0.05613369671322034,0.27657336187209197,true,0.11021983257943581
naive,0.1,0.07233976247913163,0.03532483766177147,0.04810170236758157,0.3922813999164695,true,0.22019155114202552
naive,0.1,0.11483434494059613,0.03033975391906648,0.05124271841493644,0.37494161182337193,true,0.2130921651191542
naive,0.1,0.11783284795037378,0.08435455741454886,0.007452943357266761,0.30974626446654974,true,0.15859960391190825
naive,0.1,0.08444013221874044,0.07158499269110638,0.015954182711486325,0.3504750548051371,true,0.1832146187583117
naive,0.1,0.06653058643230418,0.05937402220914308,0.025200734514223944,0.3698260082685013,true,0.19751337139136263
naive,0.1,0.08572208235038922,0.19558972680173445,-0.04038370914151235,0.3385025596559355,true,0.14905942525721158
naive,0.1,0.14729854109165424,0.14286502042837465,-0.018912264283628744,0.3274070083039724,true,0.15424737201017183
naive,0.1,0.052945601506173855,0.03523038516674344,0.05198477999651932,0.4230727820113468,true,0.23752878100393304
naive,0.1,0.15678069309410606,0.0015818750708145118,0.16070014084929074,0.5097923567945819,false,0.3352462488219363
naive,0.1,0.11520276296726292,0.003273389532632191,0.14705097178737664,0.5203265684563869,false,0.3336887701218818
naive,0.1,0.08646022534881084,0.0016856480909965138,0.15693684315284537,0.5020848552604256,false,0.3295108492066355
naive,0.1,0.10418651275782326,0.03947732619685848,0.04383286363116182,0.3918640060091443,true,0.21784843482015304
naive,0.1,0.08956375521014594,0.0770544003008302,0.012549749623141787,0.34769534403212154,true,0.18012254682763168
naive,0.1,0.12343417275344905,0.28572782876600455,-0.2773095640541289,0.059023297910028444,false,-0.1091431330720502
naive,0.1,0.09130824752466137,0.0009462666388651148,0.18314745332932728,0.5458423051762116,false,0.3644948792527694
naive,0.1,0.06931533259920822,0.20212340862355743,-0.03975828695490727,0.3143794324984177,true,0.13731057277175523
naive,0.1,0.07612435075938977,0.07807802729103722,0.010674739106487197,0.3105752874364419,true,0.16062501327146456
naive,0.1,0.08651150134265154,0.09808794797912593,0.0009520861132323311,0.33625251044541044,true,0.16860229827932138
naive,0.1,0.09544156217204133,0.05034489334143966,0.03080788024585243,0.35546901694637933,true,0.1931384485961159
naive,0.1,0.08337958831830669,0.12051066472820175,-0.008718679375122884,0.3022977177571927,true,0.14678951919103492
naive,0.1,0.11867533467230056,0.028593924188882496,0.05387598316065781,0.3795661926805842,true,0.21672108792062103
naive,0.1,0.07644900666373222,0.35762369332682065,-0.07163995940468633,0.2534502393547011,true,0.09090513997500739
naive,0.1,0.10585790659814878,0.005935268817279839,0.11286492793148106,0.448426074334781,false,0.280645501133131
naive,0.1,0.1025000792832168,0.005006234515814844,0.123508989036797,0.4732386021463546,false,0.2983737955915758
naive,0.1,0.16372450019018098,0.04933985780926002,0.03375599904450291,0.37992500486123537,true,0.20684050195286913
naive,0.1,0.09761594992059311,0.008863272244555187,0.09528061112539987,0.4176127009059325,true,0.2564466560156662
naive,0.1,0.062254140801849336,0.09943543913610085,0.0002986002299935897,0.3583912606368733,true,0.17934493043343344
naive,0.1,0.13562570819781375,0.2543583560254544,-0.05336383692360368,0.2942444164448147,true,0.12044028976060552
naive,0.1,0.07946026885656973,0.020788169449438502,0.07183168706767148,0.42613568254959455,true,0.24898368480863303
naive,0.1,0.11519495523316721,0.0426339760318445,0.03468402526918393,0.33304431943211266,true,0.1838641723506483
naive,0.1,0.08816253146815348,0.012490275230980502,0.0777627082492788,0.37761996042718493,true,0.22769133433823188
naive,0.1,0.07079551166922114,0.13298463193028473,-0.013861419715954948,0.30632299831102067,true,0.14623078929753286
naive,0.1,0.06599350542684,0.017652730250821765,0.07179090689715095,0.3962154482524761,false,0.23400317757481354
naive,0.1,0.08462508909076444,0.11055985352049437,-0.0048860813299436145,0.32200390782613897,true,0.15855891324809768
naive,0.1,0.0456951538475951,0.06677115398566545,0.0175937802573837,0.3248729338570099,true,0.17123335705719678
naive,0.1,0.10770775053322477,0.006609053039725442,0.10105392901856364,0.41143220579088585,true,0.25624306740472474
naive,0.1,0.1489194360343175,0.11604014524740171,-0.0072631806849258185,0.3189764832438283,true,0.15585665127945125
naive,0.1,0.1092258895751212,0.11547046487995281,-0.007690270193476817,0.34973671377725735,true,0.17102322179189028
naive,0.1,0.10573353696052418,0.046667736475760196,0.03195574725829167,0.3371528893430943,true,0.18455431830069297
naive,0.1,0.1284187658845098,0.19365450942434814,-0.03512182255877827,0.29976868237726445,true,0.1323234299092431
naive,0.1,0.12106295740640585,0.004657896892189032,0.10975493203245759,0.4144653350001485,true,0.262110133516303
naive,0.1,0.07663484551041085,0.01093955188520013,0.08374077219997964,0.38991075583887613,false,0.23682576401942787
naive,0.1,0.09551852216783627,0.030600076342185815,0.04887099702334102,0.3596114282729955,true,0.20424121264816827
naive,0.1,0.10539300953019783,0.06499107496779842,0.02167645603272747,0.3773938270748509,true,0.1995351415537892
naive,0.1,0.09469964964417141,0.006863258789431157,0.09778219367571375,0.40166361078508295,false,0.24972290223039836
naive,0.1,0.09759170938992318,0.043499257132144205,0.035709979752982346,0.3497896002420077,true,0.19274978999749504
naive,0.1,0.0894983821875977,0.010300714803808357,0.1004934079116924,0.4595559434376636,false,0.280024675674678
naive,0.1,0.09446262978022962,0.04893234572044327,0.03118069940127735,0.34745209727601833,true,0.18931639833864783
naive,0.1,0.12253514931455035,0.006295687362222854,0.10314911244263197,0.4152871616710137,true,0.25921813705682284
naive,0.1,0.12369848039487194,0.04056614805195716,0.04065617140810171,0.37246548686683356,true,0.20656082913746765
naive,0.1,0.09744307488585292,0.05642476191802688,0.026252617464962935,0.35477194900058434,true,0.19051228323277364
naive,0.1,0.047207774234977275,0.035287308059507624,0.04477594832223036,0.36485899457310866,true,0.2048174714476695
naive,0.1,0.0899699951391207,0.00124969561975695,0.1777780722413448,0.5473591336062866,false,0.3625686029238157
naive,0.1,0.09500461768162885,0.0005771623990242474,0.17604215219912317,0.4982678273568571,false,0.33715498977799013
naive,0.1,0.10104189316925544,0.0012990930676554503,0.1380908420998302,0.42719592080692753,false,0.28264338145337886
naive,0.1,0.1090516226706362,0.015802361294163805,0.07837976060714866,0.41385749922387627,true,0.24611862991551245
naive,0.1,0.10267378471616354,0.29980209675209724,-0.06423713617352032,0.28333334185354675,true,0.10954810284001322
naive,0.1,0.1075409595992656,0.011446515269471342,0.07913075090603275,0.3736370518600882,true,0.2263839013830605
naive,0.1,0.1053762035297004,0.08844600457938576,0.006453171852337569,0.36749755390069105,true,0.1869753628765143
naive,0.1,0.07309087422102233,0.008135398624314474,0.09970495207568345,0.42719921542644046,false,0.26345208375106194
naive,0.1,0.11954863577825112,0.16436820907337418,-0.025225271221906098,0.30106579962909796,true,0.13792026420359593
naive,0.1,0.025428770049498478,0.0014276137174114108,0.15103914907738605,0.47281670668977305,false,0.31192792788357954
naive,0.1,0.1054567158720361,0.000015223140450815996,0.28355001460580675,0.6315329841459111,false,0.4575414993758589
naive,0.1,0.15242836458871745,0.16706217521823508,-0.025772276608849953,0.29641589376985383,true,0.13532180858050194
naive,0.1,0.08608359492767513,0.11481350685901909,-0.007396610165199852,0.3507963497861398,true,0.17169986981047
naive,0.1,0.12416770194845937,0.042096963544574414,0.042553150726000466,0.4036183842152308,true,0.22308576747061562
naive,0.1,0.06298569918957847,0.035642253450297354,0.04799149819396778,0.39411516456959594,true,0.22105333138178188
naive,0.1,0.10394328337271411,0.0502070592078608,0.03185157983384013,0.3662541337157481,true,0.19905285677479412
naive,0.1,0.08702588452465727,0.13826529608548607,-0.016684097264241776,0.3209256749046038,true,0.152120788820181
naive,0.1,0.10888107221829367,0.06445667652921419,0.02137943207893908,0.3658840195436942,true,0.19363172581131663
naive,0.1,0.09888570932294524,0.04225003115734021,0.04182286155028672,0.3980803545790923,true,0.2199516080646895
naive,0.1,0.09490836749258375,0.03897310374956252,0.04085857322268302,0.3611809219494875,true,0.20101974758608526
naive,0.1,0.06316779057778363,0.1451533329194505,-0.01805594999450469,0.2979160980318196,true,0.13993007401865748
naive,0.1,0.10416054673420415,0.31318612619968017,-0.06554039376933375,0.2733100958583988,true,0.10388485104453253
naive,0.1,0.10215492253608077,0.010604070437382321,0.1019687346982803,0.47033757272579746,true,0.28615315371203887
naive,0.1,0.08751322053200282,0.09223023125277424,-0.31978517039908494,-0.0037367306712572657,false,-0.16176095053517112
naive,0.1,0.10787613171482285,0.027973984468806987,0.0508352745608861,0.3533569101969615,true,0.20209609237892381
naive,0.1,0.1129159001022861,0.0111395769351147,0.07860851544440503,0.36805176384499483,true,0.22333013964469994
naive,0.1,0.1395637497945466,0.03323733629219592,0.0515437968014639,0.40162877815864306,true,0.22658628748005347
naive,0.1,0.12983964261528216,0.22858503712331021,-0.04019709726332263,0.25976687926279673,true,0.10978489099973707
naive,0.1,0.09996648303650885,0.02674668706601615,0.05595755769144739,0.3787186470800907,true,0.21733810238576903
naive,0.1,0.14464503757178057,0.15748260675373046,-0.023980331102913782,0.31713658485278906,true,0.14657812687493763
naive,0.1,0.11088926926778188,0.021438408561545417,0.06394966938068847,0.3849772939355738,true,0.22446348165813113
naive,0.1,0.07136352695792282,0.06605750519066168,0.02045812436189348,0.36884496418555857,true,0.19465154427372602
naive,0.1,0.09083235933160953,0.048633039924214104,0.03222368524213948,0.35646091925288453,true,0.194342302247512
naive,0.1,0.1286397518775898,0.21150293701505676,-0.03877334725494354,0.2838105373774418,true,0.12251859506124911
naive,0.1,0.07191272997670921,0.025932355492377143,0.06315909768643008,0.419934117463256,true,0.24154660757484303
naive,0.1,0.14634397222121276,0.039048465641490435,0.04358874289444001,0.38596365523218823,true,0.21477619906331413
naive,0.1,0.11651020679794778,0.08200907517126037,0.009292344369011912,0.3334869042161922,true,0.17138962429260204
naive,0.1,0.0936337376515417,0.11453585426908669,-0.007410971078170653,0.35797317401904616,true,0.17528110147043774
naive,0.1,0.07758776984674218,0.01900365141360774,0.07533876445645304,0.42909334665754306,true,0.25221605555699805
naive,0.1,0.06740150224210315,0.43675523082206125,-0.22773368745247854,0.08151934740002117,true,-0.07310717002622868
naive,0.1,0.15195315327691708,0.011891602873724238,0.0908819852633044,0.43433766090003934,true,0.26260982308167186
naive,0.1,0.048291179404396214,0.23452654343792165,-0.0435947024741109,0.2708579784360201,true,0.1136316379809546
naive,0.1,0.07171926175948709,0.0026419039693827053,0.1351983173730596,0.4618113468524196,false,0.2985048321127396
naive,0.1,0.11041775338220648,0.013644692990546183,0.07424908157429033,0.3715333991303499,true,0.2228912403523201
naive,0.1,0.09901236161648283,0.00799230197700156,0.09506009254515657,0.4054393326650425,true,0.25024971260509954
naive,0.1,0.07898009529877291,0.164104301950487,-0.024441176599383357,0.2927930771959991,true,0.13417595029830787
naive,0.1,0.08264656319521943,0.0927431817749461,0.003398655677613688,0.31184576156240573,true,0.15762220862000972
naive,0.1,0.08936244097726496,0.5183964699112984,-0.09554373392623444,0.21907095547700556,true,0.061763610775385565
naive,0.1,0.0944505947737901,0.22040234691706181,-0.04060558918573601,0.2779022729031828,true,0.11864834185872342
naive,0.1,0.08626890893841295,0.09276735775572204,0.0036680768529279983,0.3377137683766782,true,0.17069092261480312
naive,0.1,0.0761471766542528,0.03941640698273127,0.04277370100691977,0.38187413550876037,true,0.21232391825784006
naive,0.1,0.08027349042759373,0.43265834383482765,-0.08168336490188063,0.23070151202175673,true,0.07450907355993805
naive,0.1,0.1320244380997479,0.15372683973216253,-0.02363435344873477,0.3324242214699968,true,0.154394934010631
naive,0.1,0.12093986931693651,0.007428896109882411,0.1050640403382917,0.43993560370107204,true,0.27249982201968187
naive,0.1,0.0872694000551569,0.031110505315635868,0.050706748872855895,0.37727185289112797,true,0.21398930088199195
naive,0.1,0.1308354913702132,0.032470430644796926,0.046685316128831256,0.35775606364245727,true,0.20222068988564426
naive,0.1,0.10398670631830828,0.10321946494462589,-0.0015811691888909518,0.33593113531299107,true,0.16717498306205006
naive,0.1,0.12116106871012432,0.0056696377276422944,0.11595161810942436,0.4560899795168598,true,0.2860207988131421
naive,0.1,0.07516218338657905,0.0530107004015917,0.02887742463226209,0.35648013473192175,true,0.1926787796820919
naive,0.1,0.07510678001591387,0.2011838015887134,-0.03739709217364898,0.2981262091612473,true,0.13036455849379916
naive,0.1,0.037358469188490506,0.3529803044957475,-0.29038501938278843,0.08078878058930589,true,-0.10479811939674127
naive,0.1,0.11084797239046426,0.04442351977328051,0.03416280569138777,0.3418841437290988,true,0.1880234747102433
naive,0.1,0.08874125020806058,0.0817659413700203,0.010587329026469361,0.3746176167413212,true,0.1926024728838953
naive,0.1,0.11619332197698602,0.012842838235565871,0.08484797327581442,0.41586119151229584,true,0.2503545823940551
naive,0.1,0.12511960707591335,0.011090689756883165,0.10084468433901958,0.4715249898237356,true,0.2861848370813776
naive,0.1,0.10595136287640958,0.00779343491692782,0.0905184730577861,0.38359774076249714,true,0.23705810691014162
naive,0.1,0.12630258620791593,0.0009154707980108597,0.18266027512811378,0.5423852694219947,false,0.36252277227505425
naive,0.1,0.09156574327197975,0.039093334866633106,0.04348217286319725,0.3854059125706307,true,0.21444404271691397
naive,0.1,0.06869287391385458,0.048259146365020336,0.031324792279369656,0.34338226116543014,true,0.18735352672239988
naive,0.1,0.11379656417428033,0.01261144520233167,0.09366358520789225,0.4562910241557426,true,0.2749773046818174
naive,0.1,0.07305474153202773,0.2028806360404598,-0.036029933219096366,0.28305131102932257,true,0.1235106889051131
naive,0.1,0.08345338636291487,0.04784945541662883,0.030540870830309763,0.3314865472921402,true,0.181013709061225
naive,0.1,0.08295061697739926,0.1817894552875689,-0.029782958041183583,0.2866930786119702,true,0.1284550602853933
naive,0.1,0.08314477770922699,0.0711760889957709,0.016737092008964477,0.3619444662569966,true,0.18934077913298056
naive,0.1,0.0943831684487923,0.04324073966847331,0.03465539898616632,0.33744158535369356,true,0.18604849216992994
naive,0.1,0.14854919110308926,0.13121823781371042,-0.015536560138711464,0.36155764775806243,true,0.17301054380967548
naive,0.1,0.14520333309421318,0.05109367757074536,0.03195624999255017,0.3756889683373277,true,0.2038226091649389
naive,0.1,0.1158607617342801,0.1342950201771625,-0.014850298194843348,0.31641134200109367,true,0.15078052190312516
naive,0.1,0.08208319051656532,0.03256135194169182,0.04535551846962807,0.3482529330476112,true,0.19680422575861964
naive,0.1,0.05421127081213968,0.022503910375085534,0.06542268381950822,0.40334322705456793,false,0.23438295543703808
naive,0.1,0.09049675089542679,0.22790615348111415,-0.05043565853752713,0.32743901796870944,true,0.13850167971559116
naive,0.1,0.11210254554485709,0.40646611583212294,-0.07707962189173016,0.23415344734415988,true,0.07853691272621487
naive,0.1,0.06316394718553607,0.029301510028791382,0.046359298856360254,0.3316605864228403,true,0.18900994263960028
naive,0.1,0.057398245363732114,0.20910013549913048,-0.03467752793683039,0.25872780987494326,true,0.11202514096905643
naive,0.1,0.05014484355191453,0.1984631489169136,-0.0369745722466224,0.3019268739165021,true,0.13247615083493985
naive,0.1,0.12771671779139165,0.004690633811871321,0.11058946460631253,0.4181986983182691,true,0.2643940814622908
naive,0.1,0.12345582394317078,0.0020425315790037757,0.16129045348333176,0.5299859124703157,false,0.34563818297682375
naive,0.1,0.1352009230295473,0.064645803732911,0.01981433485918127,0.34115836770641295,true,0.1804863512827971
naive,0.1,0.08278729245234287,0.3392044968760617,-0.25459257763021953,0.06746297424294821,false,-0.09356480169363567
naive,0.1,0.10678680019765238,0.08327477258153336,0.008263309921366868,0.3202211105343089,true,0.1642422102278379
naive,0.1,0.10590416961207642,0.136009222017202,-0.016458858917928698,0.33505015523888726,true,0.15929564816047928
naive,0.1,0.09781334062289686,0.006982647244351464,0.10255201940317443,0.4229933636220295,false,0.26277269151260196
naive,0.1,0.128063419188491,0.3278287543045262,-0.0670042080743897,0.26378579239128075,true,0.09839079215844551
naive,0.1,0.11665195343608874,0.0014538479580718086,0.18065144090129648,0.5668331613819685,false,0.3737423011416325
naive,0.1,0.08921656053969558,0.06948221176145097,0.01684368535290201,0.34199048568036583,true,0.1794170855166339
naive,0.1,0.08518690419328118,0.016174734843992702,0.07812989982175822,0.4162777147381426,true,0.24720380727995042
naive,0.1,0.1277388282853149,0.06902021660052263,0.01851224072296323,0.36965405848547295,true,0.19408314960421807
naive,0.1,0.10594164976501161,0.10977628920353345,-0.004573388843934101,0.324971822004429,true,0.16019921658024744
naive,0.1,0.07368651788893428,0.05765594516087195,0.025824580415738124,0.3610186000911375,true,0.19342159025343783
naive,0.1,0.09860872078261604,0.0032892926523197183,0.12597513710333585,0.44612259167577706,false,0.28604886438955646
naive,0.1,0.09752524102482718,0.3926438071852665,-0.07780995074947182,0.24619657916647286,true,0.08419331420850053
naive,0.1,0.09749656813909152,0.042316925865862484,0.03906570466785805,0.37240591697382386,true,0.20573581082084094
naive,0.1,0.10886405328595264,0.06894845386889267,0.018711860163449584,0.37268089395777027,true,0.1956963770606099
naive,0.1,0.12538828360290646,0.08811772563467873,0.006192238366092229,0.34257605791266255,true,0.1743841481393774
naive,0.1,0.07556684343657807,0.1673600318388429,-0.311480728602705,0.02719054237484908,false,-0.14214509311392795
naive,0.1,0.1478436640729769,0.0001483170341191991,0.2409190364855843,0.6097170216348331,false,0.4253180290602087
naive,0.1,0.11029626421304536,0.31439781392417027,-0.229851137073401,0.055389970245346545,false,-0.08723058341402722
naive,0.1,0.08807698819240516,0.09923867025659354,0.00040314518548259515,0.3586332281032797,true,0.17951818664438113
naive,0.1,0.10107801804464675,0.1917275816524497,-0.03300864196997777,0.28696474407376654,true,0.1269780510518944
naive,0.1,0.044982049795884264,0.040794986382233236,0.0427360604837522,0.39354756479564734,true,0.21814181263969976
naive,0.1,0.1438979544578205,0.019547693065395496,0.0768189942391648,0.44303398798405247,true,0.25992649111160865
naive,0.1,0.11392679664686735,0.0008260750341648319,0.18083249547619762,0.530960439853689,false,0.3558964676649433
naive,0.1,0.06848185320915225,0.01597984943775577,0.07508022768455935,0.39814748716102394,false,0.23661385742279165
naive,0.1,0.10637919667260899,0.04108232883870996,0.045903163963926824,0.4254684605188921,true,0.23568581224140944
naive,0.1,0.12370032321757313,0.04464271318863807,0.03835736666215592,0.38582776744673464,true,0.21209256705444526
naive,0.1,0.1470821619804967,0.007613321196998681,0.10296499643566148,0.43378305092204106,true,0.26837402367885127
naive,0.1,0.08757976869701538,0.4341866353289227,-0.08405505912624506,0.23643009029535839,true,0.07618751558455666
naive,0.1,0.0920157023012423,0.06888432191348663,0.016646468694691857,0.33078555376191154,true,0.17371601122830171
naive,0.1,0.09642073103126468,0.006047203717985912,0.105851079382942,0.4223111044221334,false,0.2640810919025377
naive,0.1,0.10622346813042216,0.15686335831215437,-0.021542719050874598,0.2877224676047372,true,0.13308987427693128
naive,0.1,0.10468684376473707,0.04567092313720944,0.03942124201432606,0.40620836890936174,true,0.2228148054618439
naive,0.1,0.13249700403478976,0.06315296631358075,0.023279228869120844,0.3823811051591999,true,0.20283016701416035
naive,0.1,0.15563595683202583,0.008351558047722035,0.11631138699824564,0.5017699873186653,true,0.30904068715845545
naive,0.1,0.0922926583464009,0.2935867058725288,-0.05629401105029344,0.2551773227543517,true,0.0994416558520291
naive,0.1,0.08475301404893083,0.05656647422613217,0.028675720894799278,0.3890178110960453,true,0.20884676599542226
naive,0.1,0.081681186205775,0.02928045032552041,0.05926546177100386,0.4237994373256633,true,0.24153244954833358
naive,0.1,0.14244681937910228,0.1600349087531891,-0.022496625659473996,0.28599640539159565,true,0.13174988986606082
naive,0.1,0.12086769526595366,0.24759332609403734,-0.053572619730340804,0.3070991273840843,true,0.12676325382687176
naive,0.1,0.07512115536374685,0.04939589029134898,0.030992081438615038,0.3492977624439273,true,0.19014492194127117
naive,0.1,0.07951716866781158,0.0015812009204258428,0.15713244794054554,0.4984464944557582,false,0.3277894711981519
naive,0.1,0.11571910415893552,0.02090949036830935,0.07419652862843823,0.4413733044929788,true,0.2577849165607085
naive,0.1,0.10490958336310906,0.023901425026986337,0.06413722955266593,0.40785392126549663,true,0.23599557540908128
naive,0.1,0.08754775582795184,0.1234961977044284,-0.01013787972474553,0.30873138632242225,true,0.14929675329883837
naive,0.1,0.07833757650489599,0.07461850849022923,0.012866822231828667,0.31970638796275797,true,0.16628660509729332
naive,0.1,0.10026460401480253,0.27947998372001065,-0.05628969351719103,0.2724074918474636,true,0.1080588991651363
naive,0.1,0.10744528060640662,0.02832863795022833,0.04861425490579932,0.3405303939666501,true,0.1945723244362247
naive,0.1,0.08434166714633026,0.00972359100049113,0.0930950724943101,0.4186725460835526,false,0.25588380928893134
naive,0.1,0.05855345059648071,0.050381690740646606,0.03147394905729317,0.36348707530825264,true,0.1974805121827729
naive,0.1,0.12469350035173075,0.09137479254772371,0.003832032994478707,0.29472653661234577,true,0.14927928480341224
naive,0.1,0.0887812115682063,0.6202372752647688,-0.21790116579504987,0.1170090641098319,true,-0.05044605084260899
naive,0.1,0.05382605452834147,0.33987107374925607,-0.06714128353360878,0.2527666220295707,true,0.09281266924798094
naive,0.1,0.11286101790073196,0.14459096839261884,-0.018296388264886887,0.3053957050555911,true,0.1435496583953521
naive,0.1,0.049669263460186935,0.4328952964677499,-0.08191295817371451,0.23120291654089203,true,0.07464497918358877
naive,0.1,0.0838773035938966,0.05366831932122393,0.026773134302782997,0.3361904786566503,true,0.18148180647971665
naive,0.1,0.12278724967284288,0.021710873918159207,0.06507588428127936,0.3941599058153432,true,0.2296178950483113
naive,0.1,0.11628745348354498,0.10483115751123692,-0.002218337019586375,0.31529995649812315,true,0.1565408097392684
naive,0.1,0.0900341179192145,0.021391370447601775,0.06406031971831233,0.38523593871210554,true,0.22464812921520894
naive,0.1,0.04071613595127353,0.03834426753653782,0.04295081733844716,0.3743958035038467,false,0.20867331042114692
naive,0.1,0.07206933757984978,0.18111853047327076,-0.0374432711661663,0.36308854343313046,true,0.16282263613348208
naive,0.1,0.07250522190208443,0.45380293707418407,-0.08772681880275411,0.23445143978291821,true,0.07336231049008206
naive,0.1,0.0898841410967709,0.36302471284846516,-0.06853846813264187,0.23812659893165633,true,0.08479406539950722
naive,0.1,0.14694924732214978,0.14635331371241297,-0.0166095189325291,0.2675025167083321,true,0.1254464988879015
naive,0.1,0.11372879372378285,0.059599093382052236,0.02602828132868218,0.3844523237790291,true,0.20524030255385564
naive,0.1,0.09860454223489207,0.09407324781109316,0.0028019786840733085,0.3159213335471922,true,0.15936165611563274
naive,0.1,0.0792159657592397,0.34160728126291645,-0.06769109643864774,0.2532441058825294,true,0.09277650472194082
naive,0.1,0.12507051698766253,0.043560647143844916,0.033379075327851004,0.32742166580784304,true,0.18040037056784702
naive,0.1,0.1364475066524778,0.0711713861667572,0.018087094623491284,0.3910684661794839,true,0.20457778040148758
naive,0.1,0.13670473045035658,0.015139935218924533,0.08053016326476264,0.41836993476029555,true,0.2494500490125291
naive,0.1,0.11928239411792489,0.0545847439291158,0.024719444986710165,0.3179607256024318,true,0.17134008529457098
naive,0.1,0.06598380968884682,0.14780588596376615,-0.02009591016191445,0.314588250001138,true,0.14724616991961176
naive,0.1,0.1204450346639108,0.01154378574614192,0.09044338746969532,0.428188150230065,true,0.25931576884988017
naive,0.1,0.10380928649231028,0.2891079582570732,-0.05415316001871394,0.2504915791692349,true,0.0981692095752605
naive,0.1,0.12715490665547355,0.09869042725163522,0.0007411316650331456,0.3827568574272179,true,0.1917489945461255
naive,0.1,0.11180829594573485,0.011193837087091195,0.08288057815501143,0.3886359950832095,true,0.23575828661911047
naive,0.1,0.08036759542688669,0.4932506043121063,-0.0860101524897446,0.20881795052240687,true,0.06140389901633113
naive,0.1,0.07758916966380096,0.11579798511028518,-0.008401618750371237,0.3744323745079132,true,0.183015377878771
naive,0.1,0.08634883477306078,0.05628421596019944,0.026257213430701365,0.35347978845516714,true,0.18986850094293425
naive,0.1,0.11142371241912354,0.017989746707793765,0.07366480586124449,0.4097867079634815,true,0.24172575691236298
naive,0.1,0.08976542728747486,0.09830093243122491,0.0008911005321081689,0.3543575979790114,true,0.17762434925555978
naive,0.1,0.08337721561756903,0.29355494913094976,-0.057772946487115354,0.26191839849501536,true,0.10207272600395
naive,0.1,0.05396731260020568,0.24919240489963423,-0.3099659902214331,0.05458050937905787,true,-0.12769274042118764
naive,0.1,0.08246921785105335,0.017110967313579053,0.07026721958163848,0.3828713855850463,true,0.2265693025833424
naive,0.1,0.07937602126392344,0.5272715742838391,-0.09985038383943409,0.22451610168428485,true,0.06233285892242538
naive,0.1,0.09688223662884683,0.0596218311904867,0.02357955279851992,0.34851172322648066,true,0.1860456380125003
naive,0.1,0.11809922902039245,0.2554028370528239,-0.05754954596656592,0.3154753456263695,true,0.12896289982990178
naive,0.1,0.09176544545007814,0.1662504028111738,-0.02575984874098769,0.29954589670363735,true,0.13689302398132483
naive,0.1,0.11381062202993085,0.012973966546367966,0.07218282334141968,0.3549984754841562,true,0.21359064941278794
naive,0.1,0.13948965270800998,0.03583921370674797,0.04511429705326048,0.37209163589440597,true,0.20860296647383322
naive,0.1,0.11950274564066397,0.05478288152454121,0.028039509760703574,0.3625632370643089,true,0.19530137341250622
naive,0.1,0.1563688308835416,0.2541130253708712,-0.28283844632526484,0.051224610166862236,false,-0.11580691807920131
naive,0.1,0.08591890106588346,0.08610748835066716,0.00718675910606964,0.3381055676761436,true,0.1726461633911066
naive,0.1,0.08428830613847854,0.06818709618492957,0.017575398457315483,0.3407344167098458,true,0.17915490758358063
naive,0.1,0.1554891790435908,0.007271290717009864,0.1086650801280406,0.4526226207718372,true,0.2806438504499389
naive,0.1,0.06620905348048492,0.041507578811541504,0.042109902899295115,0.39409107459421716,true,0.21810048874675614
naive,0.1,0.13017817378249757,0.16526699464756553,-0.02828166712653879,0.33334112960923684,true,0.15252973124134903
naive,0.1,0.11401266362218453,0.009946423815092757,0.09059150660863136,0.4100695150316229,true,0.25033051082012714
naive,0.1,0.1643455459171616,0.0029277874870806304,0.13732856615230427,0.47691236819021665,true,0.30712046717126046
naive,0.1,0.09625562153972801,0.21832732595196067,-0.043334065843899205,0.3011169005043495,true,0.12889141733022516
naive,0.1,0.12212994129900152,0.1579629012025809,-0.02228471746443192,0.2924896952792321,true,0.1351024889074001
naive,0.1,0.103664469325775,0.021919862414513068,0.06319803498726953,0.38458159568385764,true,0.22388981533556357
naive,0.1,0.12112473045133006,0.01114134657164271,0.10076610775177466,0.4718185839060762,true,0.28629234582892543
naive,0.1,0.03573491644569516,0.18798286208326254,-0.03186333180141859,0.2874367071661828,true,0.1277866876823821
naive,0.1,0.09101954956924438,0.16651178004597725,-0.026584540659970235,0.3080393505311978,true,0.14072740493561378
naive,0.1,0.14622921042959225,0.07812927733385792,0.011671800962253093,0.34043557267246416,true,0.17605368681735864
naive,0.1,0.1407435472458907,0.19678933385643368,-0.034140140654747825,0.28303262183920996,true,0.12444624059223106
naive,0.1,0.10337002154738978,0.04643430478430991,0.032963175874906436,0.345855566876381,true,0.18940937137564373
naive,0.1,0.0720575512840856,0.20936803095343348,-0.03919436442222152,0.2917990038832343,true,0.1263023197305064
naive,0.1,0.07258767745661879,0.0038035056432391356,0.1256184427612517,0.4564388376923062,false,0.29102864022677893
naive,0.1,0.09928044372244312,0.019103677890357662,0.07054767785111032,0.40273384435121407,true,0.2366407611011622
naive,0.1,0.10226170354122041,0.020984380366631073,0.07174307797718826,0.42750060050015876,true,0.2496218392386735
naive,0.1,0.1490979390594222,0.038867509914595415,0.04072169943132756,0.3591241263963053,true,0.19992291291381645
naive,0.1,0.07327597239371897,0.07299021542158096,-0.29184412019493855,-0.012567565314718893,false,-0.1522058427548287
naive,0.1,0.09623729982749442,0.13011484413961533,-0.013122057358750494,0.315889068156212,true,0.15138350539873074
naive,0.1,0.08926579698529176,0.13932258733432268,-0.016377536427548245,0.3071413155690274,true,0.14538188957073958
naive,0.1,0.06705697374486504,0.009045149052192149,0.09721710457992314,0.4284644866172904,false,0.2628407955986068
naive,0.1,0.09484062377068044,0.008345080265607112,0.09764736797136883,0.4211672149455019,false,0.2594072914584354
naive,0.1,0.09716102179690009,0.12554135342293016,-0.011012460922152661,0.3097852030162275,true,0.1493863710470374
naive,0.1,0.12101955454113963,0.020013649516159544,0.06506601937843642,0.37927056415662896,true,0.2221682917675327
naive,0.1,0.08293449050832705,0.00032192179728267523,0.2017027362457445,0.5416089142766359,false,0.37165582526119023
naive,0.1,0.12058601973833774,0.017203269157521878,0.08336295695006324,0.45522314239810735,true,0.2692930496740853
naive,0.1,0.15349814470538772,0.3365123213242636,-0.07186179280095806,0.2738725159144043,true,0.10100536155672313
naive,0.1,0.09414215783984614,0.0023343164051498285,0.1418493296537561,0.47536173228016243,false,0.30860553096695925
naive,0.1,0.1038185984398643,0.02126696404172833,0.0667388599611097,0.4002222541799533,true,0.2334805570705315
naive,0.1,0.10832407860485979,0.02288523897740301,0.05784604146287883,0.3596686125193609,true,0.20875732699111987
naive,0.1,0.1541806952044867,0.02686496402352803,0.05575874798988953,0.378346319041734,true,0.21705253351581175
naive,0.1,0.0932834851082531,0.01747997131941861,0.06602351705404208,0.3629044954242432,true,0.21446400623914263
naive,0.1,0.08267325973691159,0.10601619572076248,-0.002415849124291436,0.2765177846954807,true,0.13705096778559464
naive,0.1,0.11656322867497917,0.10242392995627518,-0.0011819763576984,0.33288903877188564,true,0.16585353120709362
naive,0.1,0.06521792604168541,0.30506015564190975,-0.062195267248892766,0.2682319371688644,true,0.10301833495998583
naive,0.1,0.12420954937685091,0.16240627790215456,-0.022914998222427124,0.2812605512734335,true,0.1291727765255032
naive,0.1,0.08973177283787794,0.013168251674500527,0.08500848974104616,0.4201902029962613,true,0.2525993463686537
naive,0.1,0.09301019262492774,0.022479150922405745,0.0666223520488411,0.4105129896292336,true,0.23856767083903735
naive,0.1,0.12048132676465066,0.17179450796910076,-0.026108619059497823,0.2824107678487313,true,0.12815107439461673
naive,0.1,0.1284164995118749,0.0032231047158411586,0.12193434053240873,0.4303133048685628,true,0.27612382270048574
naive,0.1,0.11550042557488872,0.00005364788586596125,0.2562030894755817,0.6082218395216993,false,0.4322124644986405
naive,0.1,0.11874984039739948,0.05911706337503101,-0.31092407061663796,-0.021343553596591208,false,-0.16613381210661457
naive,0.1,0.09572347536995253,0.03533954153916034,0.04399735449401124,0.35892500913848757,true,0.20146118181624942
naive,0.1,0.09904481392614935,0.05072282031928564,0.03299923683706679,0.3843603083185628,true,0.2086797725778148
naive,0.1,0.09113250993986269,0.10330238179718489,-0.0015510667851676707,0.32132647962639416,true,0.15988770642061326
naive,0.1,0.060800533651230726,0.006965481258983374,0.09919191399691735,0.4088930032137618,false,0.2540424586053396
naive,0.1,0.09541520103929596,0.08711145184690167,0.006344400445777276,0.32266104676516705,true,0.16450272360547216
naive,0.1,0.09069260809284879,0.007410716991676746,0.11671977128339894,0.4884461363227983,false,0.30258295380309863
naive,0.1,0.1337832723532429,0.09642644495092213,0.0018779933643911506,0.35336106732648076,true,0.17761953034543596
naive,0.1,0.13026622976857669,0.11931865075631148,-0.008394395049555914,0.308242467276695,true,0.14992403611356955
naive,0.1,0.14171497988465623,0.07374320846123293,0.01298533337755875,0.3109834668935299,true,0.16198440013554433
naive,0.1,0.06206372797684856,0.06493812412403957,0.0175325057417427,0.30472440159146796,true,0.16112845366660533
naive,0.1,0.12697612492759627,0.04041514964519197,0.040224013553360416,0.367254242355699,true,0.2037391279545297
naive,0.1,0.09393607072453493,0.3179972270020563,-0.0653688971287066,0.2673774646250666,true,0.10100428374818
naive,0.1,0.08764965914953456,0.00917796600355562,0.0862444783261935,0.3816315527876094,true,0.23393801555690147
naive,0.1,0.0721668484859345,0.010465096664539316,0.10267631675697392,0.47174192023868317,false,0.28720911849782854
naive,0.1,0.07163925627810117,0.059757198488971264,0.02550141374051032,0.37839410062023704,true,0.2019477571803737
naive,0.1,0.1367475308935299,0.009205259845465571,0.1097948685616183,0.48624072557723336,true,0.2980177970694258
naive,0.1,0.09502651123897125,0.15457635911440162,-0.022946524115340566,0.3181587786164797,true,0.14760612725056957
naive,0.1,0.1041539775138004,0.026939758902217788,0.05726811994030068,0.38922127946282004,true,0.22324469970156036
naive,0.1,0.14422753734365176,0.03110278581354067,0.04730750912804038,0.35192167726331236,true,0.19961459319567637
naive,0.1,0.0905256887299021,0.008376796339416459,0.10777237493961186,0.46530115381089665,false,0.28653676437525427
naive,0.1,0.08227572077775529,0.051671695354353744,0.03506536409854338,0.4182971758676344,true,0.22668126998308888
naive,0.1,0.0483279082592476,0.10443103585184249,-0.001973342309938425,0.30551118756834705,true,0.15176892262920433
naive,0.1,0.10202344776636073,0.0045103945158727204,0.12193524042399334,0.4575497697534204,false,0.28974250508870686
naive,0.1,0.13572175426114422,0.09612874745562167,0.0019948865818543993,0.34622191295907734,true,0.17410839977046588
naive,0.1,0.07788386967887512,0.024836270077623512,0.06008750620813422,0.39004050639182075,true,0.22506400629997747
naive,0.1,0.08963026451285769,0.039527947310335085,0.04632683028676127,0.41462961208969157,true,0.23047822118822642
naive,0.1,0.06836695356515243,0.07626845222707831,0.012767915300129107,0.34115374428643663,true,0.17696082979328287
naive,0.1,0.1048164088678443,0.3674474517910331,-0.06945586063064846,0.2378235038463818,true,0.08418382160786667
naive,0.1,0.14276480296845695,0.011991437195768373,0.08673631993905814,0.41563902247825524,true,0.2511876712086567
naive,0.1,0.12796096238516336,0.00291775456213766,0.13671291110719877,0.4745070178803269,false,0.3056099644937628
naive,0.1,0.10446415931251532,0.01759141476192884,0.08278535689165803,0.4562348442765588,true,0.2695101005841084
naive,0.1,0.12744687655371395,0.07147068537909247,0.016634114701161412,0.36380356494140653,true,0.19021883982128399
naive,0.1,0.0779533957522469,0.08507166846196902,0.007544137070765622,0.32929382024936776,true,0.1684189786600667
naive,0.1,0.12861245003550786,0.06934251765226147,0.017343096085028237,0.3503517907765077,true,0.18384744343076798
naive,0.1,0.1296136715262943,0.13477105612478144,-0.015192513906473554,0.319553548022558,true,0.15218051705804223
naive,0.1,0.08713053555173224,0.005539311553246536,0.10919894454889495,0.4273796837003096,false,0.2682893141246023
naive,0.1,0.12595085884435564,0.08790603673058987,0.005780917094609733,0.31403308769728533,true,0.15990700239594755
naive,0.1,0.10782390820952344,0.11602679615464631,-0.007862362285652652,0.34556830037950104,true,0.16885296904692418
naive,0.1,0.10407521983077529,0.1471500894524574,-0.017613490365611106,0.27925430730065404,true,0.13082040846752147
naive,0.1,0.051854952942541166,0.3681239444581959,-0.06945250197212648,0.23728732208938752,true,0.08391741005863053
naive,0.1,0.12132236568857493,0.3596857518081556,-0.07458800134904871,0.26205104002550345,true,0.09373151933822736
naive,0.1,0.06566435689572535,0.025619301601965676,0.05825436662315789,0.3846827467939823,true,0.2214685567085701
naive,0.1,0.08305764937333017,0.1205125254755888,-0.34830187384522937,0.010046374509723816,false,-0.16912774966775276
naive,0.1,0.06468465091871183,0.1528855535888699,-0.022217042114940577,0.3170299146715519,true,0.14740643627830566
naive,0.1,0.10042715319918365,0.18718421867953394,-0.03148437861537412,0.2863271173565445,true,0.12742136937058518
naive,0.1,0.09924093680650768,0.2640783531957918,-0.055240351548857244,0.2889023254185371,true,0.11683098693483994
naive,0.1,0.10441828183658869,0.03828702585929228,0.04512501288450088,0.3928478380140905,true,0.2189864254492957
naive,0.1,0.08263002843648391,0.07346218284522477,0.015760166056413866,0.373087158663889,true,0.19442366236015143
naive,0.1,0.1381070126076195,0.02803565954047441,0.05061915388952681,0.35232619990349684,true,0.20147267689651183
naive,0.1,0.11102177743596177,0.3698798433155841,-0.07293903522302975,0.2477806275436939,true,0.08742079616033208
naive,0.1,0.11695452867845968,0.07536366363172084,0.012999620561476327,0.3335977243000652,true,0.17329867243077074
naive,0.1,0.0740451853360478,0.030218138597234292,0.05921028767869296,0.4320994982627782,true,0.2456548929707356
naive,0.1,0.08966962848282238,0.09893662171299199,0.0005036441186039853,0.3205273773852797,true,0.16051551075194184
naive,0.1,0.133019558738556,0.16772552409046815,-0.024732563438122968,0.28194478131743367,true,0.12860610893965535
naive,0.1,0.10928017484742665,0.003156859780475214,0.14401297638022728,0.5064417324501991,false,0.32522735441521317
naive,0.1,0.09230627775073909,0.006778076076981592,0.09731321104677959,0.3985566924716439,false,0.24793495175921174
naive,0.1,0.12277706252228253,0.07110684024616325,0.016851589570247405,0.3634595829850513,true,0.19015558627764936
naive,0.1,0.12239899993616377,0.2129375329423443,-0.03834839787635197,0.2775721527144154,true,0.1196118774190317
naive,0.1,0.13678529108294094,0.01910507613974537,0.06787032233593807,0.3874621782105365,true,0.22766625027323728
naive,0.1,0.07442305994339349,0.06958204089348963,0.016098425753296952,0.3280478835264412,true,0.17207315463986908
naive,0.1,0.12774269447906303,0.01056490770953261,0.0854174467816971,0.39355801108531047,true,0.23948772893350379
naive,0.1,0.08240134064101563,0.06964067742851746,0.017345983439022106,0.3542265266701283,true,0.18578625505457522
naive,0.1,0.12826932499712426,0.023207877889068272,0.0655856164882494,0.410719435999194,true,0.2381525262437217
naive,0.1,0.13629182235246232,0.0504149362434484,0.0313295335417014,0.36211893102555803,true,0.19672423228362973
naive,0.1,0.14623970416847054,0.30846613341372253,-0.06114755078572119,0.2599811791160492,true,0.099416814165164
naive,0.1,0.09366622945105571,0.10000548076375138,-2.7823827778994392e-6,0.34449093192620295,true,0.17224407477171252
naive,0.1,0.09566836131622113,0.05941330645242402,0.02450999167289708,0.360095330029961,true,0.19230266085142905
naive,0.1,0.08428627220262852,0.08770262070056638,0.006271766712665133,0.33486726109436327,true,0.17056951390351419
naive,0.1,0.10882028373081813,0.0017437132260307935,0.15882648640735902,0.5104654372095823,false,0.3346459618084706
naive,0.1,0.12110720315954912,0.0037354809646729173,0.11741134804268885,0.4252229160389427,true,0.27131713204081576
naive,0.1,0.06533744913814474,0.1474901225767013,-0.018273790607071655,0.2878134548337168,true,0.13476983211332255
naive,0.1,0.08608682023200798,0.02010805117304166,0.07510196344238387,0.43871296333994214,true,0.256907463391163
naive,0.1,0.07050182210897557,0.015186275779910942,0.07957006454756277,0.41385446750830546,false,0.2467122660279341
naive,0.1,0.06964056914148511,0.23203432365775978,-0.045469354628370456,0.28714047628776795,true,0.12083556082969873
naive,0.1,0.14563171059561694,0.05571815756889659,0.029753919327808215,0.3944670298765689,true,0.21211047460218857
naive,0.1,0.12010401083854619,0.06618437551615605,0.021712598443497516,0.39311632121345685,true,0.20741445982847717
naive,0.1,0.09707434026750103,0.030225402741069645,0.05296342894810463,0.38657260105346686,true,0.21976801500078574
naive,0.1,0.10254153991529938,0.001519080864259419,0.14733551142307208,0.4649239313237007,false,0.3061297213733864
naive,0.1,0.09652599881498045,0.009604125584070766,0.09368677319268673,0.4198568411657365,true,0.2567718071792116
naive,0.1,0.126115408733712,0.2137355964345411,-0.03931654122738708,0.28282946152472593,true,0.12175646014866943
naive,0.1,0.09852837820410934,0.08727374010503693,0.007346105962798,0.37854604366576017,true,0.19294607481427908
naive,0.1,0.09943032525233922,0.04755315287866822,0.02880387661938802,0.310409070430546,true,0.169606473524967
naive,0.1,0.14658872121234642,0.004371709334188459,0.11474615002249411,0.42796650537400205,true,0.2713563276982481
naive,0.1,0.07467561389758352,0.012902651281672037,0.08890153281437707,0.4364098692732289,false,0.262655701043803
naive,0.1,0.11239106449976247,0.027405573287263778,0.059159774188667774,0.40617301691754315,true,0.23266639555310545
naive,0.1,0.07651065517248913,0.13851994374030635,-0.014805810320830726,0.28304315907136923,true,0.13411867437526925
naive,0.1,0.1588820041175,0.12750245032379184,-0.30578519845393437,0.011659514240182856,false,-0.14706284210687576
naive,0.1,0.09865010594453236,0.19736091975319586,-0.03787470711912427,0.31236520988838157,true,0.13724525138462865
naive,0.1,0.04699035947492831,0.10096961187427647,-0.00048423663730323696,0.33971061008882497,true,0.16961318672576087
naive,0.1,0.06954930885093787,0.26044077289943657,-0.05251420768809756,0.2800269775573505,true,0.11375638493462648
naive,0.1,0.13743053837862743,0.04255404415481562,0.03971509901347081,0.38065614115876517,true,0.210185620086118
naive,0.1,0.12539752001121138,0.05028059450492526,0.03368893831551473,0.38809014114871787,true,0.2108895397321163
naive,0.1,0.09560328838785702,0.10166455572293807,-0.0008432179737903056,0.3451753431542335,true,0.1721660625902216
naive,0.1,0.11195071809803463,0.06357428320498472,0.020411263583884898,0.3397030516028539,true,0.1800571575933694
naive,0.1,0.08700833508167832,0.29009359964605524,-0.05567868654770351,0.2563931021700951,true,0.1003572078111958
naive,0.1,0.11399241442713262,0.03970176451003024,0.04512304804074066,0.40543147804752977,true,0.22527726304413523
naive,0.1,0.09732084852929862,0.2213713975215894,-0.041140993292996975,0.2796015703255341,true,0.11923028851626857
naive,0.1,0.04316305479503296,0.17276361094890302,-0.025864425898562998,0.2764217737273156,true,0.1252786739143763
naive,0.1,0.0958630409686158,0.00408686077382542,0.12832360140231355,0.472505077686756,false,0.3004143395445348
naive,0.1,0.08039700053205052,0.004353822589827477,0.11121005521806901,0.41444995328956546,false,0.26283000425381725
naive,0.1,0.09517595322703627,0.006187458254118227,0.10360383593369793,0.4154803163886922,false,0.25954207616119507
naive,0.1,0.06894199838023041,0.027132087614160007,0.05692335858405584,0.38850076764486824,true,0.22271206311446204
naive,0.1,0.13473192599966913,0.005145559540894428,0.11498854482955309,0.44309238790207517,true,0.27904046636581414
naive,0.1,0.08413545254204643,0.035480997572439735,0.046068375140904005,0.3769868635126031,true,0.21152761932675354
naive,0.1,0.14072489065255128,0.00788936726003398,0.09871249821988934,0.41962419928248174,true,0.25916834875118555
naive,0.1,0.10370682094037725,0.1449477517005343,-0.018864266935636337,0.3125665077695806,true,0.14685112041697213
naive,0.1,0.09392832436141717,0.03664459395951319,0.04268806156094368,0.35837154605153493,true,0.2005298038062393
naive,0.1,0.08684980709717206,0.07430173431184386,0.01467580606671276,0.35977983996037355,true,0.18722782301354315
naive,0.1,0.10110490448109424,0.03274298273814432,0.05043344038728015,0.3887743422151091,true,0.21960389130119462
naive,0.1,0.1348201660342063,0.12735951276386842,-0.011960790955062361,0.3152367749337287,true,0.15163799198933317
naive,0.1,0.11871236871455282,0.09345241758663496,0.003505290303384645,0.3571512494167359,true,0.1803282698600603
naive,0.1,0.07336394066900828,0.03957809345397195,0.0392686579452865,0.35185322002806646,true,0.19556093898667648
naive,0.1,0.12965068698629667,0.03699967161784747,0.045072483120511264,0.38136312928736843,true,0.21321780620393985
naive,0.1,0.08151903279075937,0.033259936601542514,0.052918395832922904,0.4125424914309829,true,0.23273044363195292
naive,0.1,0.11227343040182433,0.03495675231624282,0.04993786196914152,0.403987510930632,true,0.22696268644988676
naive,0.1,0.06846930610035769,0.08827878177679672,0.0060079900909603134,0.337104075263351,true,0.17155603267715566
naive,0.1,0.10194601496368175,0.0023591011501008716,0.1350604509034258,0.45333409508409406,false,0.2941972729937599
naive,0.1,0.11905968371599854,0.016596457978859613,0.07425319950503254,0.39965577046977563,true,0.2369544849874041
naive,0.1,0.12078230632016193,0.010322719904438069,0.09389768020085679,0.4296637150285727,true,0.26178069761471473
naive,0.1,0.10524507856950872,0.0021424435767626124,0.1472933533201465,0.4873566919396686,false,0.3173250226299075
naive,0.1,0.12360221583747819,0.08958134382014146,0.006238450968026499,0.395244981877352,true,0.20074171642268926
naive,0.1,0.10497516317926897,0.1425898844476341,-0.01741768419270262,0.3033354100853361,true,0.14295886294631674
naive,0.1,0.14696760197141395,0.34885880792313095,-0.07881949025374287,0.287388542949129,true,0.10428452634769307
naive,0.1,0.1320025621001882,0.16159887561294684,-0.026699271803347885,0.33159821660254907,true,0.15244947239960058
naive,0.1,0.10366891808808866,0.030304675093888324,0.05099100226555206,0.37281621575897506,true,0.21190360901226357
naive,0.1,0.07706387212291167,0.12518154263154477,-0.009813625502128415,0.2798045748184551,true,0.13499547465816336
naive,0.1,0.09782247391245887,0.0009229119653321518,0.1586924465137772,0.47164005298264244,false,0.31516624974820984
naive,0.1,0.11925336127040953,0.000622236612106427,0.18545196448171308,0.5287972115466795,false,0.3571245880141963
naive,0.1,0.0839591708463977,0.09450765130657435,0.002629686416841609,0.32031628612432517,true,0.1614729862705834
naive,0.1,0.08814058539690754,0.0017277136518990077,0.15979245331113567,0.512926862597396,false,0.3363596579542658
naive,0.1,0.10646873620270056,0.03752353887009554,0.04193276036280344,0.3589286564019495,true,0.20043070838237648
naive,0.1,0.09726219915028439,0.040817430575052424,0.037537585604580787,0.3458512024506224,true,0.19169439402760158
naive,0.1,0.12995357460847096,0.2149549799332907,-0.038162275214518065,0.271974087547168,true,0.11690590616632496
naive,0.1,0.11587923734472887,0.01059782457680472,0.09147784276637028,0.4218732419577055,true,0.2566755423620379
naive,0.1,0.08655575834317061,0.15831693818049047,-0.02060365855402664,0.2689321512601144,true,0.12416424635304386
naive,0.1,0.17024007688808004,0.003380495864431091,0.1340320897070078,0.47690290978505195,true,0.3054674997460299
naive,0.1,0.06684969234351167,0.003713937553602714,0.11927114590836557,0.4315074124509622,false,0.2753892791796639
naive,0.1,0.09908274088605351,0.01372448990882318,0.07587001953851363,0.38041871624771134,true,0.2281443678931125
naive,0.1,0.11332074557998302,0.1803925952854639,-0.032783159013694885,0.3204586695752141,true,0.1438377552807596
naive,0.1,0.0943269278543093,0.07750055133177128,0.010352531542725696,0.2929284975436355,true,0.1516405145431806
naive,0.1,0.059175653281554434,0.02007984260837012,0.0632640875118908,0.3693238494478026,false,0.21629396847984672
naive,0.1,0.09132948358503976,0.0019999536741351397,0.13913140186048498,0.45579540839732535,false,0.2974634051289052
naive,0.1,0.1438813467191459,0.04382918120648989,0.039713848917699246,0.391988066281331,true,0.21585095759951511
naive,0.1,0.09514350293693062,0.0354632867605514,0.04713030409624089,0.38552715933004666,true,0.21632873171314376
naive,0.1,0.0914917166055081,0.009592164114153095,0.0942848407569967,0.4223881123065465,false,0.2583364765317716
naive,0.1,0.0921203223288489,0.18952512590033932,-0.03853025290606188,0.34226060874164943,true,0.15186517791779378
naive,0.1,0.06979246929796484,0.011518137244055288,0.09210260513186122,0.43573861686016646,false,0.2639206109960138
naive,0.1,0.11457214209491759,0.37667523169705297,-0.07622164229534417,0.2533551521529759,true,0.08856675492881586
naive,0.1,0.14078959062284327,0.1580726842360533,-0.02239106462342602,0.29338015886900737,true,0.13549454712279066
naive,0.1,0.13921001608594294,0.11126497514951036,-0.005406860179742373,0.3345549727582322,true,0.16457405628924493
naive,0.1,0.07415640995439862,0.012597547147759104,0.08934017301686417,0.4350699052252138,false,0.262205039121039
naive,0.1,0.11444870609097385,0.0325876949992262,0.05025633295580356,0.38610377556823716,true,0.21818005426202036
naive,0.1,0.12825214671367052,0.012878244551869061,0.0851200816762786,0.41758094288701697,true,0.2513505122816478
naive,0.1,0.08940429824629627,0.11084205273282521,-0.004766641669891797,0.30615243264925773,true,0.15069289548968295
naive,0.1,0.09668088746210006,0.10047581045080531,-0.0002159449434698535,0.30833529885181676,true,0.15405967695417347
naive,0.1,0.11786324105728226,0.008281147744516111,0.09555753483946056,0.4113243584449326,true,0.2534409466421966
naive,0.1,0.08885131024188442,0.0005886972900133473,0.18642295840573903,0.5286695525267702,false,0.35754625546625457
naive,0.1,0.12651221492846296,0.04117289049551031,0.03712264503251109,0.3447897349981702,true,0.19095619001534064
naive,0.1,0.12499589737007646,0.18374924094603506,-0.030679216050778196,0.2891568154086046,true,0.1292387996789132
naive,0.1,0.0988666073578148,0.05731778819433441,0.028441540482848526,0.3938902121463233,true,0.21116587631458592
naive,0.1,0.09253088211463932,0.3573731228497469,-0.06945108298303453,0.24591497470006063,true,0.08823194585851306
naive,0.1,0.10780146120935466,0.0012416419148865623,0.15917553427720277,0.4896976878609487,false,0.32443661106907573
naive,0.1,0.11300391425309281,0.04559167242853845,0.03513269956903611,0.3613424373269396,true,0.19823756844798787
naive,0.1,0.09679670630342234,0.0054315469811748686,0.11141905273346664,0.43424286741779006,false,0.27283096007562835
naive,0.1,0.08344042310374108,0.1516332649026744,-0.020929058723864413,0.3052723804403691,true,0.14217166085825234
naive,0.1,0.10636015561660647,0.23714422524904305,-0.04772898528549434,0.291615810884394,true,0.12194341279944983
naive,0.1,0.06147182452467685,0.023877577127324946,0.06460209800483296,0.41059401872004303,false,0.237598058362438
naive,0.1,0.12854421599582425,0.0033735390553761547,0.14507761710722528,0.5160196884108923,false,0.3305486527590588
naive,0.1,0.08148203146078008,0.27515279422208655,-0.06017226599577655,0.2974073066376388,true,0.11861752032093115
naive,0.1,0.09694305509549242,0.0033298894488987315,0.13754263548641402,0.48811730750727655,false,0.31282997149684527
naive,0.1,0.14154233220410464,0.07178024943901186,0.014744109157875496,0.32635362555915304,true,0.17054886735851427
naive,0.1,0.07551853267453877,0.016240438566498674,0.07641716359535053,0.4077982726128151,false,0.2421077181040828
naive,0.1,0.07479766779577891,0.02552272670881212,0.06642394585059894,0.437705094515888,true,0.2520645201832435
naive,0.1,0.12583522401819675,0.10974616761322256,-0.004854673064598025,0.3460013231968419,true,0.17057332506612194
naive,0.1,0.08554392681113968,0.03207088792322203,0.04484395764086599,0.3406764703878735,true,0.19276021401436974
naive,0.1,0.13297592013294546,0.1851600914021491,-0.309161749818625,0.03329291599795961,false,-0.13793441691033267
naive,0.1,0.13511724365067831,0.3430944150992334,-0.07116059441619683,0.26480759072220944,true,0.0968234981530063
naive,0.1,0.10396006255424728,0.07201947097196125,0.01549350373461092,0.34615806978924757,true,0.18082578676192923
naive,0.1,0.0822435806681003,0.09223118553259049,0.004139556970188862,0.35430302280134257,true,0.17922128988576572
naive,0.1,0.1297295993568126,0.0322216712671864,0.05506410034971565,0.41969002091669105,true,0.23737706063320335
naive,0.1,0.11870066731708052,0.04225104784792312,0.038054709444573565,0.3622225630261111,true,0.20013863623534234
naive,0.1,0.05443444825895329,0.11111964681423,-0.005268324613395964,0.3301348704966395,true,0.16243327294162174
naive,0.1,0.10154912267857154,0.11043226114325529,-0.004697043990457672,0.31324087019014213,true,0.15427191309984223
naive,0.1,0.12387312929935322,0.07464867474139758,0.014874641285365892,0.3700722769075885,true,0.19247345909647717
naive,0.1,0.12160550926509167,0.028329143720410257,0.06227722814550052,0.43624080780298585,true,0.24925901797424319
naive,0.1,0.08015193438291097,0.010677172825102898,0.09192412839634248,0.4248807149980457,false,0.2584024216971941
naive,0.1,0.1618623284034028,0.03639270769852203,0.04400163638617449,0.36735622167353954,true,0.20567892902985702
naive,0.1,0.05987917401632638,0.014094831651749828,0.07823934093149859,0.3960043731897178,false,0.2371218570606082
naive,0.1,0.09414830665531472,0.021151261729179107,0.07060294710016624,0.4222928993191569,true,0.24644792320966158
naive,0.1,0.09298528081211926,0.12232033752040615,-0.35566853368618734,0.011121349150898047,false,-0.17227359226764466
naive,0.1,0.1097101784506507,0.0972089952320954,0.0013603628314765859,0.32839841755343024,true,0.1648793901924534
naive,0.1,0.06812562216859587,0.04589206923678049,0.03730068815916568,0.3863690003095842,true,0.21183484423437496
naive,0.1,0.13519362182233505,0.004271816902003595,0.12089141813572912,0.4488876611445487,true,0.2848895396401389
naive,0.1,0.1180405199933159,0.099945034153267,0.000024296954367258872,0.2999127422791268,true,0.14996851961674704
naive,0.1,0.12001912132224597,0.10083411803204889,-0.0004337853301713823,0.35363084991920657,true,0.1765985322945176
naive,0.1,0.14802278243751874,0.1375270690621918,-0.014888804162956182,0.29163658903640444,true,0.13837389243672413
naive,0.1,0.13710319039627775,0.005520815049865294,0.12474638429034376,0.48787887570467015,true,0.30631262999750697
naive,0.1,0.054443728992188356,0.3261513839618799,-0.06546860727969529,0.2593973380447696,true,0.09696436538253715
naive,0.1,0.11702236706293749,0.006100664753577718,0.12123418053718674,0.4846389512628244,false,0.30293656590000556
naive,0.1,0.08001223227894581,0.268848717829341,-0.05501808273285273,0.28069204807382525,true,0.11283698267048627
naive,0.1,0.07802190895305784,0.0011527550748873427,0.1673549002744544,0.5102763618859136,false,0.33881563108018403
naive,0.1,0.09299179619663829,0.31326632887787437,-0.06387437840296782,0.266275917296976,true,0.10120076944700408
naive,0.1,0.08787114331649548,0.03770241031823118,0.03705630824831255,0.3184465782041035,true,0.177751443226208
naive,0.1,0.07335407680059838,0.022611837047436325,0.06679113902735428,0.4127704322777194,true,0.23978078565253685
naive,0.1,0.09725323513213828,0.023487356159508293,0.061843350431637356,0.3896871871528043,true,0.22576526879222084
naive,0.1,0.09741245586814677,0.08261274553321156,0.008875660484333109,0.33019603432214073,true,0.16953584740323693
naive,0.1,0.07921347252334071,0.10867149370847073,-0.3294882084407602,0.0041234131295113385,false,-0.16268239765562445
naive,0.1,0.1267640756285971,0.0015112984501011737,0.14197670304048468,0.44771512763821186,false,0.2948459153393483
naive,0.1,0.12396109478444622,0.03510012761548054,0.040617083056760955,0.32961667847562515,true,0.18511688076619304
naive,0.1,0.08615196366313385,0.03088524599497085,0.04537465896164025,0.33595469056664384,true,0.19066467476414203
naive,0.1,0.17227525750000416,0.03169741318555409,0.05593740575912187,0.42152180823403523,true,0.23872960699657855
naive,0.1,0.0628415692168111,0.11749051204475493,-0.007701818834588314,0.31116183446492346,true,0.15173000781516757
naive,0.1,0.11949345099461198,0.012393294789676924,0.08363506871476409,0.4050957406144039,true,0.244365404664584
naive,0.1,0.11271665204271304,0.06403926495268027,0.018215570444905876,0.30762920019663464,true,0.16292238532077025
naive,0.1,0.16814944960979064,0.24815827407861427,-0.051636135697885596,0.2950191341851802,true,0.12169149924364732
naive,0.1,0.1052936118255367,0.0009278932846906213,0.1617805996279441,0.4811064045622149,false,0.3214435020950795
naive,0.1,0.12446754936382878,0.010335119467634676,0.08758017662883388,0.4008975075505353,true,0.2442388420896846
naive,0.1,0.1301111634986427,0.005034970704203882,0.11616128972190728,0.44560810554987373,true,0.2808846976358905
naive,0.1,0.09794035096330655,0.17022475441833398,-0.02672751781230928,0.2949068324323285,true,0.13408965731000963
naive,0.1,0.11481583684398465,0.07073674876283695,0.015294277531480688,0.3252792002526578,true,0.17028673889206922
naive,0.1,0.07594055614441902,0.021530853392933973,0.06171727795033821,0.37231052260848496,true,0.2170139002794116
naive,0.1,0.10562803216015322,0.14619783195676456,-0.019988511947705512,0.32292066742755365,true,0.15146607773992407
naive,0.1,0.1471292724725836,0.0004854161528747758,0.18769954805592876,0.5225886473855574,false,0.35514409772074307
naive,0.1,0.1089737343937107,0.03142155111105219,0.047859802951655706,0.35850018702022957,true,0.20317999498594264
naive,0.1,0.12195461959107298,0.04490139107207514,0.03295037905062928,0.3334495703877248,true,0.18319997471917707
naive,0.1,0.09704037848591347,0.11498367639493855,-0.006614978716460745,0.3102786879671615,true,0.1518318546253504
naive,0.1,0.14027014326762824,0.10704120290332016,-0.0033587747637712495,0.32927601972538456,true,0.16295862248080667
naive,0.1,0.09123256912970064,0.17488892414204282,-0.029526663042216295,0.30751910326859083,true,0.13899622011318727
naive,0.1,0.0891531190052248,0.09556175835082896,0.0021650236832770064,0.3272610770206087,true,0.16471305035194284
naive,0.1,0.08673948228735469,0.050197593534157016,0.030945104924598427,0.35574712591458457,true,0.1933461154195915
naive,0.1,0.15041532460362322,0.06488627443996835,0.01845480788325629,0.32021808485564596,true,0.1693364463694511
naive,0.1,0.1436671179403997,0.0018530750382934789,0.16875144262401814,0.546922192225983,false,0.3578368174250006
naive,0.1,0.13156625654266302,0.0012777973994984005,0.14806533198392244,0.45712055687511166,false,0.30259294442951706
naive,0.1,0.05663906291603797,0.4527486049282341,-0.08739441462019142,0.2341915401873399,true,0.07339856278357425
naive,0.1,0.12727086340707944,0.04035594633951476,0.03856307959204064,0.35162035919216517,true,0.1950917193921029
naive,0.1,0.10772810883279284,0.019572155972675614,0.070424094415585,0.4063808439026072,true,0.2384024691590961
naive,0.1,0.09737841125829615,0.16015631445420864,-0.02553201292796725,0.32399022332692023,true,0.1492291051994765
naive,0.1,0.12697853768336934,0.10580777911343961,-0.002633585234651764,0.31210274694013174,true,0.15473458085274
naive,0.1,0.07963665486250289,0.0475246290359362,0.035871433388488166,0.3863084596185793,true,0.21108994650353372
naive,0.1,0.12600120566045853,0.002679330515661794,0.13693230850012417,0.4687771544702152,false,0.30285473148516967
naive,0.1,0.12345296194744268,0.014226499456407438,0.07073296365420181,0.35920236066680866,true,0.21496766216050522
naive,0.1,0.09039610707816809,0.09375134752513573,0.0030168483854778327,0.32234754472434346,true,0.16268219655491065
naive,0.1,0.10508116205639703,0.023727961689765983,0.07010808019227682,0.4441197465359334,true,0.2571139133641051
naive,0.1,0.12719014009534088,0.06551201796856296,0.019699641600076617,0.34884084274605076,true,0.1842702421730637
naive,0.1,0.12359667711292782,0.3222821788994521,-0.06422631313684622,0.25831060306340237,true,0.09704214496327808
naive,0.1,0.10881755852936136,0.004838295803689776,0.12219919968332046,0.4649818588141297,false,0.2935905292487251
naive,0.1,0.1305990030365444,0.16544772695498505,-0.02512345372272995,0.2953782988022799,true,0.13512742253977497
naive,0.1,0.11911790426845265,0.06587982889437476,0.01818210866334638,0.3258872124554498,true,0.17203466055939812
naive,0.1,0.11565556234056436,0.011794346496778308,0.08734456792979148,0.4163382393467995,true,0.2518414036382955
naive,0.1,0.08389613353724922,0.0785724425480916,0.01193999767041451,0.3559617547927526,true,0.18395087623158357
naive,0.1,0.10169807043184016,0.010742782834172557,0.08508409129744152,0.3939914526529973,true,0.23953777197521942
naive,0.1,0.06300988990175552,0.03553611063803979,0.04905250968085953,0.40189188937930465,true,0.22547219953008207
naive,0.1,0.06127284466403129,0.0951340292220478,0.002400267388933286,0.33055487922159654,true,0.16647757330526491
naive,0.1,0.10260764078875197,0.07106808992916336,0.015659512365337164,0.337250706857268,true,0.17645510961130256
naive,0.1,0.1260296647078087,0.07571597484074924,0.012393806976066069,0.32303954893612047,true,0.16771667795609327
naive,0.1,0.12803554064796374,0.0165205733500881,0.07646646418662051,0.4108202189646361,true,0.2436433415756283
naive,0.1,0.05717663515547467,0.016060075961907214,0.08306194254165139,0.4413308494588231,false,0.26219639600023725
naive,0.1,0.11007305715566043,0.048357857451539386,0.03453759883653265,0.37950907185346217,true,0.2070233353449974
naive,0.1,0.12013814002472545,0.021453228184162836,0.06008569976945449,0.3618366399694717,true,0.2109611698694631
naive,0.1,0.08282765464038007,0.028223313771739617,0.05971343833011786,0.4173221947192133,true,0.23851781652466555
naive,0.1,0.06329756163515911,0.015484341992169243,0.07526321367753139,0.39432980212660007,false,0.23479650790206574
naive,0.1,0.09380738058885937,0.20576581473631259,-0.037105845843889304,0.2844971089832749,true,0.12369563156969281
naive,0.1,0.12571616438124353,0.1413937502143527,-0.0169865048524033,0.3037370034776231,true,0.1433752493126099
naive,0.1,0.1130135882879803,0.18375878315397864,-0.03717151746526884,0.3503123281974173,true,0.15657040536607425
naive,0.1,0.06257350917553922,0.052713897713529106,0.02853241355941913,0.34953824539434486,true,0.18903532947688198
naive,0.1,0.08627969874285721,0.001841480735733013,0.13825555650835503,0.44769485851311136,false,0.2929752075107332
naive,0.1,0.10938110191579963,0.018985676339399044,0.06466352766429503,0.36813953393471854,true,0.2164015307995068
naive,0.1,0.09442677930611625,0.14184983803968984,-0.017888149825570993,0.31662727529250345,true,0.14936956273346622
naive,0.1,0.08508905034663992,0.03440036549641691,0.04738237670242393,0.378681577852513,true,0.21303197727746848
naive,0.1,0.06382231285817833,0.03315429245209363,0.04317825888488541,0.3358371876116953,true,0.18950772324829035
naive,0.1,0.13039912557099448,0.016082686182072613,0.0798644464995086,0.424573868754228,true,0.2522191576268683
naive,0.1,0.08605511176309173,0.11412317205151996,-0.006131090179565618,0.3045280814152357,true,0.14919849561783505
naive,0.1,0.13233293881011784,0.07716565657991663,0.011119440520457324,0.30968023265141104,true,0.16039983658593418
naive,0.1,0.13660490873702963,0.14573400534550668,-0.01916388823970161,0.31249178682307427,true,0.14666394929168633
naive,0.1,0.07039650680198359,0.006713814164054597,0.09772507765340394,0.3993465266457719,false,0.24853580214958793
naive,0.1,0.11245756183018248,0.026762740986698234,0.059716140268885026,0.4042979267214156,true,0.23200703349515034
naive,0.1,0.13582326219532667,0.03319664468736741,0.050709627322183926,0.39477921931035104,true,0.22274442331626748
naive,0.1,0.07416058056897736,0.13732294542058648,-0.015893356177258816,0.3129000186221126,true,0.14850333122242687
naive,0.1,0.11137771583817657,0.4304052202820463,-0.08492774477955077,0.24132404533654345,true,0.07819815027849635
naive,0.1,0.11794415910958984,0.00042006005794939456,0.1798680112330559,0.49422518456530246,false,0.3370465978991792
naive,0.1,0.07301229351508497,0.007357799829966051,0.08880820036352716,0.3709869473803566,false,0.22989757387194187
naive,0.1,0.1097589744084341,0.14380872965445443,-0.016406284832479856,0.27836095150117035,true,0.13097733333434525
naive,0.1,0.11237552515901593,0.13545717410693092,-0.014908191068981363,0.3078956736781737,true,0.1464937413045962
naive,0.1,0.07606781325056025,0.0859689854149705,0.006734596731848397,0.3135794576576432,true,0.1601570271947458
naive,0.1,0.0986973674267629,0.02575059916735446,0.06344064281069778,0.42013447178369506,true,0.24178755729719642
naive,0.1,0.1155537347296146,0.01768932333202876,0.06852837223440042,0.3785352344306663,true,0.22353180333253336
naive,0.1,0.09788162526398403,0.04154348440493309,0.03640337927023077,0.3409637916289029,true,0.18868358544956684
naive,0.1,0.12028855098780974,0.13868075150403714,-0.017266454592346103,0.32880623651380736,true,0.15576989096073063
naive,0.1,0.11534976286869036,0.043936164546396456,0.04372166397246671,0.43261757833268555,true,0.23816962115257614
naive,0.1,0.11421693361581021,0.07199106046378943,0.017085791466006445,0.3813087371067829,true,0.19919726428639467
naive,0.1,0.07425712654377573,0.477490715030144,-0.09511002389176781,0.23970108387007405,true,0.07229552998915312
naive,0.1,0.09159693371771567,0.16793563111809284,-0.026705189115546785,0.30358358571715505,true,0.13843919830080414
naive,0.1,0.0916775739049548,0.0011116028492459803,0.15174120813287462,0.46068274792094466,false,0.30621197802690964
naive,0.1,0.07942920079560277,0.16979203705479462,-0.028295561598084495,0.3139489914225702,true,0.14282671491224286
naive,0.1,0.09969520838939215,0.0006060221962096715,0.19742139229765274,0.5614572555129985,false,0.37943932390532564
naive,0.1,0.14084720535282982,0.010729195854021671,0.0892514041156825,0.4131310138180318,true,0.25119120896685715
naive,0.1,0.10425099241746268,0.038343556478648774,0.04156858405707667,0.36234135705233284,true,0.20195497055470477
naive,0.1,0.08050090368831755,0.0825413402733008,0.00926781119755471,0.34330069778473876,true,0.17628425449114674
naive,0.1,0.15849269353629808,0.08892845122918877,0.005928032881380302,0.35278286746672016,true,0.17935545017405025
naive,0.1,0.0860561576542515,0.2257189656803846,-0.04671077970435475,0.30785134912786205,true,0.13057028471175366
naive,0.1,0.09786970125916944,0.23381065820865193,-0.25627310724887037,0.041056214896546775,false,-0.10760844617616179
naive,0.1,0.119754132297104,0.031153575374123475,0.05125529019514291,0.38170950649313423,true,0.21648239834413857
naive,0.1,0.12058532627478295,0.06576789552783364,0.020533784869249533,0.3666808032713027,true,0.19360729407027613
naive,0.1,0.13417321092322043,0.06603556910897002,0.0221261703360717,0.39862841517821923,true,0.21037729275714548
naive,0.1,0.01619346811882829,0.06414884600586664,0.020579592637191807,0.348761896572399,false,0.1846707446047954
naive,0.1,0.0927670911917341,0.09422354239480987,0.003054580220146874,0.3535044359426423,true,0.1782795080813946
naive,0.1,0.0824843868224568,0.19486667190207338,-0.033088127768152314,0.27921738872083957,true,0.12306463047634361
naive,0.1,0.10219758092851339,0.07155912414870275,0.014832296944130519,0.3255044478621956,true,0.17016837240316307
naive,0.1,0.11553818945240334,0.09837845337557555,0.0007694897115280708,0.32068976320685105,true,0.16072962645918956
naive,0.1,0.12057143075730467,0.00105955715328536,0.16578201298409992,0.5004984735058282,false,0.33314024324496405
naive,0.1,0.11612267697930392,0.013807517113786073,0.07891473109252706,0.396523134945862,true,0.23771893301919453
naive,0.1,0.09787979518192873,0.36080724205661685,-0.07268078357551297,0.25439187348162673,true,0.0908555449530569
naive,0.1,0.0883951213767421,0.10866652839538415,-0.004304934486112522,0.3441861044334015,true,0.16994058497364448
naive,0.1,0.11226044182430008,0.020059126718165544,0.06959380904698464,0.4060838434733114,true,0.23783882626014802
naive,0.1,0.0975527213320801,0.1513956484760439,-0.019731465327612968,0.2890226084247641,true,0.1346455715485756
naive,0.1,0.10428006382686049,0.01959858542541993,0.0688086866107401,0.3972997114326101,true,0.2330541990216751
naive,0.1,0.11098060229850916,0.09422358612827178,0.003054598138412773,0.3535092272107466,true,0.1782819126745797
naive,0.1,0.10458964601611732,0.035080939669249515,0.04873951528715942,0.39536595955181375,true,0.22205273741948658
naive,0.1,0.09109991601708013,0.04742507642205457,0.034005858025759506,0.36534233595434656,true,0.19967409699005303
naive,0.1,0.03919712871608685,0.15841210606267606,-0.021433303258091008,0.2793467536901321,true,0.12895672521602056
naive,0.1,0.049900572864576324,0.049476432875080606,0.03291890351368881,0.3717499690603347,true,0.20233443628701175
naive,0.1,0.09474662831800393,0.10536021580378864,-0.0025860995112951257,0.33171133629683125,true,0.16456261839276806
naive,0.1,0.10135353112053659,0.27370245311263597,-0.06120116147882569,0.3046757699253963,true,0.12173730422328531
naive,0.1,0.13418854937691146,0.014202623884404016,0.07988305701468434,0.40542523245307577,true,0.24265414473388006
naive,0.1,0.11988996757243915,0.24564958798914982,-0.05033601999974044,0.29188379802007747,true,0.1207738890101685
naive,0.1,0.09729213764760747,0.003677669244331231,0.12555380922867668,0.45343537711149173,false,0.2894945931700842
naive,0.1,0.10544058380221513,0.057192264529123175,0.028371660637932783,0.39156206104881,true,0.20996686084337138
naive,0.1,0.11357927443146765,0.01184695068919219,0.08862514956740711,0.4230425592465338,true,0.25583385440697043
naive,0.1,0.07534248021682567,0.011775224274031982,0.08519339501997455,0.40587461003233827,false,0.24553400252615643
naive,0.1,0.1440370618835554,0.1389035449226012,-0.015602498206232995,0.2955361243883411,true,0.13996681309105405
naive,0.1,0.06306723012699805,0.12472691746906314,-0.011744283780327852,0.34069675028310087,true,0.1644762332513865
naive,0.1,0.15867445481557513,0.12914865431575395,-0.014700482156404099,0.36493537070758786,true,0.1751174442755919
naive,0.1,0.11769835786675947,0.08424170000609621,0.007948918971959179,0.32788343903865314,true,0.16791617900530614
naive,0.1,0.09096704295997331,0.0159673145560446,0.07408690793926537,0.3927605953477721,true,0.23342375164351872
naive,0.1,0.10350458789199868,0.4272238100410339,-0.0883500838555861,0.25322366289960807,true,0.08243678952201097
naive,0.1,0.029921553957552097,0.4033231851280368,-0.08151370575695227,0.2498900235701485,true,0.08418815890659812
naive,0.1,0.06264302224567464,0.0008216729697200715,0.18240399778019678,0.5352668850781138,false,0.3588354414291553
naive,0.1,0.1401226743330679,0.005075504663540716,0.11457570481000606,0.4402515868963664,true,0.27741364585318623
naive,0.1,0.06766112263700669,0.2986562594262693,-0.054235490668207154,0.2404115352720238,true,0.09308802230190832
naive,0.1,0.10244432240154742,0.03129555602465962,0.05014793603101955,0.37461455679830225,true,0.21238124641466088
naive,0.1,0.08104868944888557,0.18540497971897374,-0.031534477123628224,0.2920859072861325,true,0.13027571508125213
naive,0.1,0.10586166866890022,0.07547892470177332,0.013828738805856083,0.3566780874884702,true,0.18525341314716315
naive,0.1,0.11839464602706955,0.07959660915958465,0.009763818991244122,0.30668333383674506,true,0.1582235764139946
naive,0.1,0.10200220103376717,0.012847478049795847,0.08728804728380254,0.4278724909425864,true,0.2575802691131945
naive,0.1,0.0981569138111159,0.03754110179297912,0.05210965296347561,0.44621241284326363,true,0.2491610329033696
naive,0.1,0.07691798162751178,0.006343387049739767,0.11285411028983991,0.4551436175967428,false,0.2839988639432914
naive,0.1,0.0861100698764802,0.03648316080916212,0.042797393682304674,0.35801438222979676,true,0.20040588795605072
naive,0.1,0.09633404068876086,0.003843896210649203,0.12296376859027924,0.44765553960030957,false,0.2853096540952944
naive,0.1,0.11621341008590473,0.002838106294740528,0.14056239674856294,0.48567065598715853,false,0.31311652636786075
naive,0.1,0.08706023984711303,0.03275093428378069,0.04872310749181186,0.3756548892540607,true,0.21218899837293628
naive,0.1,0.11350108035691567,0.1398002852116495,-0.015220351055652254,0.2822544206959806,true,0.13351703482016417
naive,0.1,0.04997294543370778,0.0024136468120922656,0.15474028429705108,0.5211984940550374,false,0.33796938917604424
naive,0.1,0.08224439666165465,0.07348943611192998,0.016804080737947674,0.39824509865765856,true,0.2075245896978031
naive,0.1,0.12559535396746507,0.06761713104769514,0.01902378646304778,0.3615742288654642,true,0.190299007664256
naive,0.1,0.09568405829380727,0.4002115870090168,-0.07873044323588654,0.2435652471454777,true,0.08241740195479558
naive,0.1,0.07570368393985177,0.3609458555906416,-0.07575356021038271,0.26502403940355646,true,0.09463523959658687
naive,0.1,0.0768973250969543,0.1085245272133243,-0.0036513491885256655,0.29669635253593646,true,0.1465225016737054
naive,0.1,0.07930502837238479,0.10648224158324658,-0.0030067511867901964,0.319761778102972,true,0.1583775134580909
naive,0.1,0.08530105413875964,0.055239035264529564,0.025762578404461195,0.33719074648925373,true,0.18147666244685745
naive,0.1,0.10116774768701504,0.26659095611537337,-0.051226888292292674,0.26441185702968,true,0.10659248436869366
naive,0.1,0.04940909058614565,0.01020001237416468,-0.42657045300571494,-0.09354972855339486,false,-0.2600600907795549
naive,0.1,0.09310284074448813,0.05080307359972965,0.02979442018168435,0.34772963852273586,true,0.18876202935221012
naive,0.1,0.12144051467367217,0.28255279535783456,-0.06284173244212854,0.29968425319979586,true,0.11842126037883366
naive,0.1,0.07779191831941575,0.0031233742573980785,0.13972013639870415,0.4904622592566855,false,0.31509119782769485
naive,0.1,0.14111581751984387,0.08293618912244877,0.008176028824853937,0.31023612722836447,true,0.15920607802660922
naive,0.1,0.0948273318993679,0.003054594039462933,0.15123055466677238,0.5288898451865767,false,0.3400601999266745
naive,0.1,0.13697915318837467,0.013261823741112492,0.07602470157693486,0.37669451611104116,true,0.226359608843988
naive,0.1,0.07580594182239553,0.005734869652229974,0.11954223981873574,0.4713844879510199,false,0.2954633638848778
naive,0.1,0.08561748519586795,0.13726443725429305,-0.015158806792524737,0.29887538652181167,true,0.14185828986464347
naive,0.1,0.10926794828172773,0.006310267354315864,0.10160631501376102,0.4092914561588431,true,0.2554488855863021
naive,0.1,0.11436510479137638,0.06269746873293747,0.02197732188916282,0.3559568196029502,true,0.1889670707460565
naive,0.1,0.1139591218934625,0.05093454138854812,0.028592494955499814,0.33480314242851067,true,0.18169781869200524
naive,0.1,0.10881758490006847,0.03531450090581049,0.045874700088407216,0.3740349396861671,true,0.20995481988728715
naive,0.1,0.09138902810702897,0.11771216743344513,-0.00786547990586628,0.31394582064408155,true,0.15304017036910764
naive,0.1,0.1374829557224109,0.1522996641533959,-0.021095324677821103,0.304106671380037,true,0.14150567335110795
naive,0.1,0.05959152353276219,0.1069232837727845,-0.0032089823218861835,0.3198607064322282,true,0.15832586205517102
naive,0.1,0.11061646810958295,0.01029822653132254,0.09197142472821221,0.42055503903427505,true,0.2562632318812436
naive,0.1,0.11667195455726227,0.0011362889178596633,0.15146568012369552,0.4610406183469098,false,0.30625314923530267
naive,0.1,0.06566239919813269,0.10668343021096745,-0.0033758587457106415,0.34837363368111474,true,0.17249888746770203
naive,0.1,0.08271034564534852,0.06487603559427114,0.020349564042227347,0.35297829117427204,true,0.18666392760824968
naive,0.1,0.14744070897110567,0.05990232188244811,0.02540107095344482,0.37849287822701994,true,0.2019469745902324
naive,0.1,0.09837327464254735,0.005907342791946198,0.10146030513270438,0.4026936642825412,false,0.2520769847076228
naive,0.1,0.09059091240225865,0.006075793933006793,0.10813607290963392,0.4318829785424265,false,0.2700095257260302
naive,0.1,0.08839838663590945,0.13399037851781936,-0.014745396509970032,0.31681221340334215,true,0.15103340844668606
naive,0.1,0.10749987549061149,0.022501091261545373,0.06539595624611685,0.40315313694028987,true,0.23427454659320335
naive,0.1,0.11499215782271927,0.007216364714446068,0.10016920667422974,0.4164636024238941,true,0.2583164045490619
naive,0.1,0.10852144021968083,0.08657231493766662,0.007927056999156079,0.3863633473081546,true,0.19714520215365533
naive,0.1,0.06503900808984517,0.14642068297010272,-0.02194154904042353,0.3529043343395011,true,0.1654813926495388
naive,0.1,0.08423580862717563,0.22054109735122002,-0.04722192007526671,0.3228589883326858,true,0.13781853412870954
naive,0.1,0.0841071201843087,0.015622007903237223,0.08282704542161279,0.4354221759592086,true,0.2591246106904107
naive,0.1,0.10171071163898115,0.038993338148293165,0.04346693360286702,0.384411792153035,true,0.213939362877951
naive,0.1,0.08370925208022585,0.021750799407173612,0.06341891241141037,0.3844675985862991,true,0.22394325549885472
naive,0.1,0.10871979330055269,0.014046665093960945,0.08507643732248668,0.4300859062213116,true,0.25758117177189915
naive,0.1,0.07194856732996714,0.1269345915274971,-0.011990063473621138,0.32072493815192804,true,0.15436743733915345
naive,0.1,0.1627281908125681,0.0022723317172330423,0.14378519741158657,0.4799063994171253,true,0.31184579841435595
naive,0.1,0.09579163116006056,0.11718726337743919,-0.00863216302363884,0.354671643848335,true,0.17301974041234808
naive,0.1,0.09160701438303327,0.26228781818429153,-0.06160091938078638,0.3252419334730597,true,0.13182050704613665
naive,0.1,0.11586205216413441,0.029961394124012438,0.056212074385007,0.40794277248467536,true,0.2320774234348412
naive,0.1,0.10056918453639686,0.011326624218070945,0.08541843762839973,0.402003123730309,true,0.24371078067935437
naive,0.1,0.028222794725279696,0.020979724823145553,0.07094007338308189,0.42267126978977804,false,0.24680567158642996
naive,0.1,0.07049564599571237,0.08464450967043181,0.008198736441883292,0.34747366268513474,true,0.17783619956350902
naive,0.1,0.11852475738064869,0.015886003873997995,0.07868071347971226,0.41629190123269266,true,0.24748630735620247
naive,0.1,0.10973081384146122,0.06652694537830767,0.021387742512612384,0.39169471660932803,true,0.2065412295609702
naive,0.1,0.11979459490198179,0.03571849577440382,0.045280196639583686,0.3724718785785306,true,0.20887603760905712
naive,0.1,0.09697164644676701,0.018597928688179322,0.06891093174760718,0.38881498024912564,true,0.2288629559983664
naive,0.1,0.08174470447801695,0.0008624974366261985,0.16758803561661478,0.4943779717011881,false,0.33098300365890143
naive,0.1,0.09958146974274953,0.04899061951817318,0.029663430514503986,0.33101634800245733,true,0.18033988925848066
naive,0.1,0.05081424444652641,0.033183572787977435,0.0462042436103704,0.35960208661219983,true,0.20290316511128512
naive,0.1,0.127033076870505,0.1300713289208876,-0.011693483969583529,0.2818825721716317,true,0.1350945441010241
naive,0.1,0.10829227499661745,0.032990941047384786,0.047263698151358224,0.3663094672711571,true,0.20678658271125766
naive,0.1,0.12867874135099217,0.22380480409737363,-0.32053329675802145,0.04798832356543001,false,-0.13627248659629573
naive,0.1,0.08911810497293864,0.0121741663815174,0.08246599704521426,0.39711278730911603,true,0.23978939217716516
naive,0.1,0.06848668699724673,0.010382966871794588,0.08861143246008685,0.4061717755067422,false,0.24739160398341453
naive,0.1,0.12772097323635767,0.3034953697799755,-0.05954953463963851,0.25852915147858296,true,0.09948980841947223
naive,0.1,0.0927909756790274,0.15602489956928908,-0.020556636027756287,0.2782931813595222,true,0.12886827266588294
naive,0.1,0.11625060617355541,0.0337716729322802,0.05193332474453305,0.40940009591942916,true,0.2306667103319811
naive,0.1,0.0839675934353084,0.19374864742099798,-0.03417884735122251,0.2914611376658424,true,0.12864114515730996
naive,0.1,0.13697480282135183,0.0006072375781350059,0.18217874644311816,0.5182103092504998,false,0.350194527846809
naive,0.1,0.09537047463719296,0.10887510322251996,-0.00416273605118464,0.3251523034074948,true,0.16049478367815506
naive,0.1,0.09989505237272506,0.036674736545814095,0.04884374326944302,0.4103216547035774,true,0.2295826989865102
naive,0.1,0.1113885011262317,0.0010075864369125686,0.1660866001876375,0.4985240470499021,false,0.3323053236187698
naive,0.1,0.1282958487854996,0.0179995581163415,0.06898428118119179,0.3838377849759359,true,0.22641103307856386
naive,0.1,0.08458839034283075,0.11537035121258961,-0.006041828735683541,0.2764986012781035,true,0.13522838627120998
naive,0.1,0.06070949559188287,0.011268201830780368,0.09448088111676359,0.44393992918181335,false,0.26921040514928846
naive,0.1,0.11386811634422347,0.07828665291466379,0.011140491873183861,0.3274577983746958,true,0.16929914512393981
naive,0.1,0.13754267947398738,0.028567852845950446,0.06103608101591723,0.42976723046543974,true,0.2454016557406785
naive,0.1,0.1057827577096556,0.0001355742152955316,0.1863556455847519,0.4687067406838409,false,0.3275311931342964
naive,0.1,0.13389914526555313,0.4489091380973751,-0.08426456249575642,0.2280381611749176,true,0.07188679933958059
naive,0.1,0.14029426630350966,0.05322139349725591,0.02912796383750199,0.36153722097979424,true,0.19533259240864811
naive,0.1,0.06275033466303313,0.023199852579500142,0.06231393488037948,0.3901616763161956,true,0.22623780559828754
naive,0.1,0.1138351654089444,0.09232682530200054,0.003591856891298456,0.31133833673172073,true,0.15746509681150958
naive,0.1,0.13189096666472244,0.13183420813149488,-0.013711343307800217,0.3132750782494627,true,0.14978186747083125
naive,0.1,0.11163920687323545,0.035020920624767686,0.04598015906041644,0.37249302750981605,true,0.20923659328511623
naive,0.1,0.09178759939321313,0.002073021462019193,0.1629821173632335,0.5366899835674404,false,0.34983605046533695
naive,0.1,0.0846096846853716,0.01915881273756744,0.06448195294666956,0.3685745995952525,true,0.21652827627096102
naive,0.1,0.10349077510836478,0.27829220861624565,-0.054141700251887415,0.2635211398428826,true,0.1046897197954976
naive,0.1,0.08620623556818648,0.13419758656977923,-0.014706144955369677,0.3141756713510109,true,0.14973476319782061
naive,0.1,0.07033712641530732,0.02774519081137872,0.054898032298215355,0.37970552355632703,true,0.21730177792727118
naive,0.1,0.15309816366834034,0.000580134038767023,0.18485920852257165,0.5234853079120395,false,0.3541722582173056
naive,0.1,0.08143733722648165,0.25986745288740887,-0.04683255694652745,0.250505380486994,true,0.10183641177023327
naive,0.1,0.09782502350525733,0.15282860037505414,-0.021305993013808866,0.3043292677850696,true,0.14151163738563036
naive,0.1,0.11822935194408632,0.06533368678905985,0.018031730797074458,0.3174503086728523,true,0.16774101973496336
naive,0.1,0.08018909794591589,0.046954693896858565,0.034205903346802874,0.3633729605191879,true,0.1987894319329954
naive,0.1,0.11259708529309677,0.0000456384047798393,0.23806529591223166,0.5600831414373838,false,0.39907421867480775
naive,0.1,0.128567741961039,0.12149812752289764,-0.009703572503092533,0.32165078240125855,true,0.155973604949083
naive,0.1,0.09438765533638359,0.011943302625766454,0.08561135712400961,0.4097181274373257,true,0.24766474228066768
naive,0.1,0.1338143809522374,0.17237177883920646,-0.03128161554455097,0.33594132926447784,true,0.15232985685996342
naive,0.1,0.09695517674221175,0.11584970645023798,-0.007492524406982615,0.33286474614105094,true,0.16268611086703416
naive,0.1,0.13246457407310572,0.051376108972434255,0.026849813718187232,0.3179088288124536,true,0.1723793212653204
naive,0.1,0.1223309322893559,0.022114327805254186,0.06932001523843878,0.42367382034311624,true,0.2464969177907775
naive,0.1,0.0976649571476657,0.037093933990798154,0.04768286551416334,0.4042901804387679,true,0.22598652297646563
naive,0.1,0.11985680968835091,0.16175050409898525,-0.024211032605370858,0.3000256903168156,true,0.13790732885572235
naive,0.1,0.05974376508660003,0.021274299886002813,0.06435127732099455,0.38596801829081745,false,0.225159647805906
naive,0.1,0.10655661892632408,0.054987778156673287,0.027397201681720162,0.35619134273073555,true,0.19179427220622786
naive,0.1,0.05722212137897463,0.01905989924503474,0.06867085885856658,0.3916241332743273,false,0.23014749606644697
naive,0.1,0.12352818361465065,0.05448498533545036,0.0306166999901398,0.39277929489367536,true,0.2116979974419076
naive,0.1,0.09749842026605463,0.10084189161828987,-0.0004145682821434238,0.33485061115137754,true,0.16721802143461706
naive,0.1,0.14339829525743544,0.14284631786120996,-0.016831999010711973,0.29151138653922665,true,0.13733969376425734
naive,0.1,0.08106017817610497,0.13539321354994682,-0.015085235081130882,0.31207833096346316,true,0.14849654794116612
naive,0.1,0.0784064492562611,0.09148147227853115,0.0041863511753529314,0.326105221674079,true,0.16514578642471597
naive,0.1,0.09487801209827214,0.027676407741492784,0.05410731929680951,0.3736776418625373,true,0.21389248057967342
naive,0.1,0.10754398183402772,0.007011249835843744,0.10439531283040754,0.4310186568552539,true,0.26770698484283073
naive,0.1,0.07009885330453261,0.24991208572966098,-0.05239335705820149,0.2963059250102177,true,0.12195628397600809
naive,0.1,0.11062330440070756,0.017662139253778682,0.08011102782414156,0.44223227570414547,true,0.26117165176414353
naive,0.1,0.10052940509764444,0.0015458012116874368,0.17992269239408906,0.5690466279514144,false,0.3744846601727517
naive,0.1,0.08722792222620528,0.0005303902105780213,0.18947561473912933,0.5319463530191979,false,0.3607109838791636
naive,0.1,0.13697359862544548,0.025583214598967608,0.055404086929389584,0.3655723201313841,true,0.21048820353038683
naive,0.1,0.11088297794117376,0.07684817865493507,0.011237425474814489,0.308358163320005,true,0.15979779439740974
naive,0.1,0.09855439181736778,0.004601702295044237,0.140639833077266,0.5298205555287763,false,0.33523019430302115
naive,0.1,0.07648602829740965,0.050348263289446395,0.02845532095098241,0.3283521370411483,true,0.17840372899606535
naive,0.1,0.0652465692661671,0.06215030630523232,0.023195871046020666,0.36946905417573445,true,0.19633246261087756
naive,0.1,0.12891093683379867,0.00005055781989322736,0.2674278647033409,0.6327492007243353,false,0.4500885327138381
naive,0.1,0.11432889488873041,0.052373621773555014,0.02909217046979426,0.35329922250097967,true,0.19119569648538698
naive,0.1,0.07621462193462934,0.18477366287918792,-0.028089993841041896,0.2619041264606793,true,0.11690706630981869
naive,0.1,0.09298790662742829,0.1016159801155587,-0.0007333900211888567,0.30920396387013516,true,0.15423528692447316
naive,0.1,0.07646086418287212,0.18283081141084864,-0.03074041131631486,0.2925924607112481,true,0.13092602469746664
naive,0.1,0.10052515018090902,0.009298607018931966,0.09679520151058901,0.4298709755704448,true,0.2633330885405169
naive,0.1,0.10139674797689675,0.13985995201941093,-0.01681434984916691,0.31138074903859736,true,0.14728319959471523
naive,0.1,0.10892975355910965,0.18255534003977367,-0.031129034911362985,0.29717199578132314,true,0.13302148043498008
naive,0.1,0.134925611513719,0.0018208457663207206,0.15269942362461283,0.49369566771083717,false,0.323197545667725
naive,0.1,0.07874128183606317,0.011539287142635095,0.09710749674023808,0.459681830200238,false,0.27839466347023806
naive,0.1,0.12084602834060423,0.22779202157212605,-0.045184700602863934,0.29357703113530476,true,0.12419616526622042
naive,0.1,0.0836037736348932,0.0073658455700367515,0.10455937337721083,0.4369032535635287,false,0.27073131347036977
naive,0.1,0.09679137893021451,0.17915385672457954,-0.029687037853463022,0.2942443231013483,true,0.13227864262394265
naive,0.1,0.13031947360847018,0.032776110681014985,0.047111060931858184,0.36342486391043305,true,0.20526796242114562
naive,0.1,0.0970684336325489,0.022400985412023042,0.057043483111112986,0.35087842925959456,true,0.20396095618535376
naive,0.1,0.09956683281078689,0.14133354595111755,-0.018065566700467883,0.32346799688255284,true,0.15270121509104248
naive,0.1,0.15061857864662412,0.017580318342904456,0.07889128976016771,0.4346607648144295,true,0.2567760272872986
naive,0.1,0.08391613701620576,0.015030307567777753,0.07737223817808506,0.40087737669150336,true,0.23912480743479422
naive,0.1,0.09834503845980304,0.004168368002171682,0.11943247222084144,0.4414067118220385,false,0.28041959202143996
naive,0.1,0.11933242530890695,0.223136352092818,-0.04522960460284872,0.3035376935448516,true,0.12915404447100146
naive,0.1,0.10161212741687375,0.004618592264559208,0.11973132406524678,0.45138040125127954,false,0.28555586265826316
naive,0.1,0.09595685788829293,0.14756950993520596,-0.019952009639872315,0.31376297661734553,true,0.1469054834887366
naive,0.1,0.09273493671927222,0.014061755067818581,0.09001043407803452,0.455202389221921,true,0.2726064116499778
naive,0.1,0.10070439719332769,0.009101549036844738,0.09857637353352855,0.43519674149536447,true,0.2668865575144465
naive,0.1,0.13601508792942577,0.0491638259684955,0.031000985674479287,0.3474129156466448,true,0.18920695066056203
naive,0.1,0.0661666538167066,0.007068421973773464,0.11359074459078941,0.4699010016079478,false,0.2917458730993686
naive,0.1,0.09682379993901324,0.05112827151095589,0.03204444545502785,0.3770535914116375,true,0.20454901843333267
naive,0.1,0.10289484914185734,0.013783250837533057,0.08610926498269883,0.4324062962844865,true,0.25925778063359267
naive,0.1,0.10325418008977717,0.1477984225644675,-0.01821234826049592,0.2851432724456542,true,0.13346546209257915
naive,0.1,0.10386762505095086,0.0053408268143714825,0.11356946895795655,0.44104768386316656,false,0.27730857641056156
naive,0.1,0.12464822699151552,0.4412971124202178,-0.09588969337318892,0.2646857219393722,true,0.08439801428309163
naive,0.1,0.17380788224727445,0.020421018202440615,0.07355107106004494,0.4327215903306844,true,0.2531363306953647
naive,0.1,0.08772474558415326,0.0014585191654481965,0.1526981109732611,0.4793206353626319,false,0.31600937316794653
naive,0.1,0.09771835173146112,0.010452135212411517,0.09344129857355807,0.42915405769292536,true,0.26129767813324173
naive,0.1,0.12222407143540712,0.061307428423164174,0.022477300601557143,0.34905782344693426,true,0.18576756202424569
naive,0.1,0.08436215104924706,0.01480596822156211,0.07741660239318382,0.3988834856849596,true,0.23815004403907172
naive,0.1,0.06254901128582234,0.011502958925343913,0.09733477124425449,0.46030140709452105,false,0.2788180891693878
naive,0.1,0.0613967500247494,0.0331046245446539,0.05025224325529051,0.39043597494286086,true,0.22034410909907567
naive,0.1,0.09427447274673618,0.025096957096527414,0.05772618162645399,0.37686094719797375,true,0.21729356441221387
naive,0.1,0.10087539881063683,0.014250974312832574,0.0889076686155657,0.45177706204696594,true,0.2703423653312658
naive,0.1,0.12046470502590766,0.4568015827869392,-0.0853591254446914,0.2263953267225486,true,0.0705181006389286
naive,0.1,0.09942756488510232,0.0018145025491417967,0.13240192548184876,0.42786514905092937,false,0.28013353726638907
naive,0.1,0.0971625381805325,0.028631757371061023,0.05428307383075423,0.3827482534123071,true,0.2185156636215307
naive,0.1,0.07099597822595631,0.016075220853882733,0.07831060020095632,0.4162381652490757,false,0.247274382725016
naive,0.1,0.09833283723825349,0.016331684636013536,0.0748807247434789,0.40047863379912857,true,0.23767967927130373
naive,0.1,0.10999855106668205,0.042400112524952044,0.03473695503985105,0.3317712644571462,true,0.18325410974849865
naive,0.1,0.11748305151851003,0.043828586710950586,0.03645490402308313,0.3598163102134513,true,0.1981356071182672
naive,0.1,0.0838292197435095,0.018619050653036425,0.06394944448887457,0.3609977714510652,true,0.2124736079699699
naive,0.1,0.06561421889484743,0.012059470653413914,0.08106275030315879,0.38916054467760924,false,0.23511164749038402
naive,0.1,0.09876853234504245,0.2411228743075103,-0.048829352177369154,0.2910159283667345,true,0.12109328809468269
naive,0.1,0.09399174412305501,0.012900369114175208,0.08021165336378261,0.39372856174105364,true,0.23697010755241812
naive,0.1,0.10962545707405436,0.29375111636994566,-0.05315873028659411,0.2407884743085728,true,0.09381487201098936
naive,0.1,0.100294332166934,0.12153756467268448,-0.009548686253850608,0.3159628325153655,true,0.15320707313075746
naive,0.1,0.05366090706626223,0.11235724779536442,-0.005941223824267733,0.3359490777502635,true,0.1650039269629979
naive,0.1,0.05954954150566835,0.008017550184790745,0.09947486396718905,0.42461238684161084,false,0.26204362540439996
naive,0.1,0.1438905737290282,0.0600749656367856,0.024453060386932124,0.3661991803756439,true,0.19532612038128802
naive,0.1,0.11137326998647665,0.20234874150652976,-0.03763041705272899,0.2969768667109096,true,0.12967322482909033
naive,0.1,0.10040554049745526,0.20487010064771766,-0.04002979072133378,0.3092191782440097,true,0.13459469376133795
naive,0.1,0.07213649674758313,0.375314112326564,-0.08498770049431217,0.28371622342459,true,0.09936426146513894
naive,0.1,0.1114204700920914,0.011436491043682427,0.08083001410800214,0.38155595681525234,true,0.23119298546162723
naive,0.1,0.04793046745685914,0.010273003278873066,0.09682234296071093,0.4424174454200255,false,0.2696198941903682
naive,0.1,0.06302703334343238,0.11457546097674232,-0.007223233947456109,0.3479870218918377,true,0.1703818939721908
naive,0.1,0.08012628870416694,0.10801119964050604,-0.003945820692131424,0.3407619664148346,true,0.16840807286135157
naive,0.1,0.10482958962540058,0.02532223212012456,0.05967124780413516,0.39148624132695076,true,0.22557874456554297
naive,0.1,0.10052228800043525,0.029402919810317125,0.058660391819293556,0.42058794663456467,true,0.2396241692269291
naive,0.1,0.14135446337775096,0.0220091224574051,0.06763436160298994,0.41240063195865284,true,0.2400174967808214
naive,0.1,0.16731703788238086,0.005519702621361579,0.1229348696871593,0.4807733514580158,true,0.30185411057258754
naive,0.1,0.10695020614464854,0.051882933420563895,0.027391918316334113,0.3285158481925914,true,0.17795388325446276
naive,0.1,0.10846017563909666,0.07193725991841123,0.015407289478970881,0.3431263873908732,true,0.17926683843492205
naive,0.1,0.11360955559534013,0.093478088685304,0.003070609413732328,0.31411507514188464,true,0.15859284227780848
naive,0.1,0.06802115460665432,0.10674150885009162,-0.0033423385690493357,0.3419898383937444,true,0.16932374991234755
naive,0.1,0.06722222138986188,0.0028690718119214354,0.14673977835860064,0.5079099451347007,false,0.32732486174665065
naive,0.1,0.1407217853587207,0.029893430331735388,0.053335794142267856,0.38649919231844354,true,0.2199174932303557
naive,0.1,0.12839537516330193,0.039751084827729585,0.04332201084233367,0.38967980896157656,true,0.2165009099019551
naive,0.1,0.14147359454497754,0.0005403788992127989,0.16855508687828727,0.4740554517683815,false,0.32130526932333436
naive,0.1,0.09440407823538015,0.188540878550715,-0.032806049677244736,0.29428495403676624,true,0.13073945217976074
naive,0.1,0.08583395043788503,0.0869717666224233,0.006706597010637333,0.3372889900475895,true,0.1719977935291134
naive,0.1,0.12022234854523091,0.09881013802549439,0.000533120793926728,0.3031227800497538,true,0.15182795042184027
naive,0.1,0.0952835692367626,0.026204521983496265,0.057514255215003,0.384681113854624,true,0.2210976845348135
naive,0.1,0.07587441795171733,0.05586592423243749,0.029849808947924827,0.3973176780885192,true,0.213583743518222
naive,0.1,0.14101242737421393,0.18175102884273361,-0.03243469638354049,0.31234973062258464,true,0.13995751711952206
naive,0.1,0.1483297783858875,0.006418866784283999,0.1067031232294563,0.4315051533799059,true,0.2691041383046811
naive,0.1,0.09811501802957764,0.0635336967702957,0.021845437989241823,0.36311043622704825,true,0.19247793710814504
naive,0.1,0.12973761122674213,0.009173046070407836,0.0938999415412913,0.41544545986337045,true,0.2546727007023309
naive,0.1,0.09023963913345386,0.11790935584612368,-0.007967160547037277,0.31463526738414627,true,0.1533340534185545
naive,0.1,0.1042737941451975,0.035175380797484807,0.04395096772407556,0.35725991273930835,true,0.20060544023169194
naive,0.1,0.048410227492137636,0.18186324688446714,-0.02970230652153047,0.28568698779735835,true,0.12799234063791393
naive,0.1,0.16038571117588302,0.032658555141512814,0.05040255030199359,0.38782388282770364,true,0.2191132165648486
naive,0.1,0.1460033976878216,0.06110246670573,0.023151884114872318,0.35734691667107743,true,0.19024940039297486
naive,0.1,0.09227713143904222,0.02557323960229952,0.05637273321331726,0.37188259496558934,true,0.2141276640894533
naive,0.1,0.08099302646979374,0.183256381166673,-0.028779626228867636,0.27268201729110103,true,0.1219511955311167
naive,0.1,0.11864108737963139,0.006424314351048938,0.11654705513719285,0.47140575924332906,true,0.29397640719026097
naive,0.1,0.09015372314794433,0.0358174790058332,0.04302058735152062,0.3546539966665545,true,0.19883729200903758
naive,0.1,0.09442624052570266,0.09068123951087609,0.0043847566046330555,0.3115423946965103,true,0.15796357565057167
naive,0.1,0.08969986243907964,0.6203979222078904,-0.1170062131298485,0.21782954203588184,true,0.05041166445301666
naive,0.1,0.14511139526935954,0.013612011774642097,0.08719624278186563,0.43595492897807353,true,0.2615755858799696
naive,0.1,0.125192227608646,0.048573364023693985,0.03449749698848298,0.38105981364134955,true,0.20777865531491627
naive,0.1,0.0780746843806398,0.2923833170097247,-0.054480320326598414,0.2482910704594313,true,0.09690537506641644
naive,0.1,0.11779498182592946,0.014815630892888228,0.07557822064483635,0.3895048385682057,true,0.23254152960652102
naive,0.1,0.11877507740206054,0.07660247973242484,0.011615260963258489,0.31512810000258645,true,0.16337168048292247
naive,0.1,0.0673670105827412,0.24202427108234495,-0.04391034744823691,0.2602561754232277,true,0.1081729139874954
naive,0.1,0.09081935225724588,0.041621439762065754,0.0389195747134555,0.3651774939491522,true,0.20204853433130385
naive,0.1,0.09887851800683657,0.03666489944104364,0.04357765225251284,0.3660034660484489,true,0.2047905591504809
naive,0.1,0.1250381727709049,0.5810360979379066,-0.11301000119580751,0.22713276915871766,true,0.05706138398145507
naive,0.1,0.08564690316666539,0.09814609523555906,0.0008543897118670762,0.311259250050146,true,0.15605681988100653
naive,0.1,0.11320526274268,0.0007879131653569265,0.18257762803663413,0.5333798408806543,false,0.3579787344586442
naive,0.1,0.1120093698385432,0.060145327614753503,0.021383784087154828,0.320891824780409,true,0.17113780443378193
naive,0.1,0.09464655086943856,0.00715899095336422,0.10065958157556446,0.41769130034449686,false,0.25917544096003065
naive,0.1,0.08506617472321709,0.006089446090051019,0.11485120898149048,0.45893322518946444,false,0.28689221708547746
naive,0.1,0.06305130446243576,0.19223894670072122,-0.03703214984544986,0.32036263621804595,true,0.14166524318629806
naive,0.1,0.12401688870641094,0.008652768241814195,0.10008444619023474,0.4358387984873121,true,0.2679616223387734
naive,0.1,0.06408559919960086,0.004692131686317769,0.10853571976891954,0.41045847317132755,false,0.25949709647012353
naive,0.1,0.10347273923255466,0.007495403966515668,0.10028179925265107,0.42083876654540703,true,0.26056028289902905
naive,0.1,0.09837070354291319,0.0379876093533994,0.04466510553279998,0.3862676193642012,true,0.21546636244850056
naive,0.1,0.07991663900589879,0.03398859956479187,0.050249058663877966,0.39800029363164524,true,0.2241246761477616
naive,0.1,0.09002465171412123,0.20453820725987734,-0.037790500434756485,0.29273623867053966,true,0.12747286911789157
naive,0.1,0.07441409170110186,0.06816477833604964,0.017663172195988952,0.34216841284017224,true,0.1799157925180806
naive,0.1,0.09411059297646532,0.0017489085400588,0.1619577829284607,0.5207403711268384,false,0.3413490770276495
naive,0.1,0.10017490081028378,0.09572446826210568,0.002072726825951332,0.325371955199588,true,0.16372234101276967
naive,0.1,0.1714018154036675,0.010583054492751029,0.09562762736862518,0.44082709634806905,true,0.2682273618583471
naive,0.1,0.06708843747940312,0.25054386413123886,-0.04607438255622831,0.25962109911812037,true,0.10677335828094603
naive,0.1,0.11335593208858417,0.16363127423833826,-0.027653353632334732,0.33349976795520186,true,0.15292320716143357
naive,0.1,0.09351926058822593,0.08487735320238675,0.007376635283515981,0.31766359606566974,true,0.16252011567459285
naive,0.1,0.09089748240418594,0.031504526557216084,0.052037674789121635,0.3904973510636436,true,0.2212675129263826
naive,0.1,0.10808635066088805,0.16618159976208402,-0.026707378749717514,0.31085551684278545,true,0.14207406904653397
naive,0.1,0.06033903325030022,0.10899786262149518,-0.0042488131172255805,0.3274407414935062,true,0.16159596418814032
naive,0.1,0.1125036016990532,0.17543820251447306,-0.030322546430500474,0.31374769115332757,true,0.14171257236141355
naive,0.1,0.14502225066351893,0.03385474025593617,0.04958449264002521,0.3915921127720743,true,0.22058830270604973
naive,0.1,0.15511198275637084,0.009029053393384296,0.10536639611394322,0.4641544491625595,true,0.28476042263825135
naive,0.1,0.0797478351154566,0.006314375850504108,0.108972398141466,0.4390287463437552,false,0.2740005722426106
naive,0.1,0.13012766151454136,0.001997036610060383,0.15752994825060643,0.5159616761737778,false,0.3367458122121921
naive,0.1,0.13256547903230928,0.12374051704593074,-0.011231572690566877,0.3386857765375949,true,0.163727101923514
naive,0.1,0.07961132388864163,0.08407616665487584,0.008612788998261789,0.3514013737341998,true,0.18000708136623078
naive,0.1,0.11544864883034853,0.1062419908101316,-0.0029886181270391554,0.329879158561014,true,0.16344527021698743
naive,0.1,0.12235622045647608,0.426742997124073,-0.08946774108479537,0.25676318382536556,true,0.0836477213702851
naive,0.1,0.09906009543060756,0.04330337263218983,0.038689913814813265,0.3772700402589314,true,0.20797997703687235
naive,0.1,0.06395240028756315,0.1820516208523813,-0.031481254058734254,0.30217786839482697,true,0.13534830716804636
naive,0.1,0.0878236839166571,0.1577844320561075,-0.02322992481169661,0.30575215557725105,true,0.14126111538277722
naive,0.1,0.10218899959458974,0.26361960610949026,-0.05374269055737527,0.2817516173470337,true,0.1140044633948292
naive,0.1,0.09350495944591089,0.11416460147601316,-0.006974698321725897,0.34544792010645187,true,0.16923661089236297
naive,0.1,0.11578963597597734,0.0717837730123376,0.01649900540004462,0.3652474355305348,true,0.1908732204652897
naive,0.1,0.13019440262967052,0.000033734436615954985,0.27593447686532907,0.6387681861010177,false,0.45735133148317336
naive,0.1,0.1293681621270938,0.003330600475605137,0.11921886519022568,0.4231047079703599,true,0.2711617865802928
naive,0.1,0.08722804522601972,0.009951277989545988,0.07988166789865511,0.36164152662854065,true,0.2207615972635979
naive,0.1,0.0873713009628974,0.2446948756310284,-0.05367699211125393,0.3130387204347589,true,0.12968086416175248
naive,0.1,0.0949531340038574,0.0311532257583007,0.04551001460645368,0.33892059609323943,true,0.19221530534984657
naive,0.1,0.03644097249500069,0.006274729874765111,0.11282077298977305,0.4538814920366446,false,0.2833511325132088
naive,0.1,0.10995023136484337,0.00068231305319319,0.19456216046371597,0.5599440972995824,false,0.3772531288816492
naive,0.1,0.1294719067896948,0.0030996611133400783,0.1373153256685909,0.48140350908313084,false,0.30935941737586087
naive,0.1,0.10103315717175798,0.021534231107874512,0.07058337309199117,0.425827681083361,true,0.2482055270876761
naive,0.1,0.10146045699784298,0.05004422862238304,0.030759123211477446,0.35226590401420926,true,0.19151251361284335
naive,0.1,0.1151825044763284,0.05955695149410672,0.024369333842619828,0.35951174641361994,true,0.19194054012811987
naive,0.1,0.1261325600107933,0.000139445099367763,0.2014107855132551,0.5075529555051458,false,0.35448187050920044
naive,0.1,0.1367742364761369,0.18888535701814077,-0.03273914142201409,0.29267465137548554,true,0.12996775497673574
naive,0.1,0.09846837948598469,0.033706979554399476,0.04247215956012962,0.33434431908428264,true,0.18840823932220613
naive,0.1,0.14111416550810205,0.03184922147342548,0.044452862514105324,0.3360842979850234,true,0.19026858024956436
naive,0.1,0.11045432637664246,0.06102632767553131,0.02081842902965786,0.320604943787561,true,0.17071168640860943
naive,0.1,0.06127461363819475,0.1710494836400859,-0.02852718388458339,0.3114773257969744,true,0.1414750709561955
naive,0.1,0.06966139163926285,0.5486755597631108,-0.10487740822393654,0.22524739924209147,true,0.060184995509077466
naive,0.1,0.11404419057731312,0.14569506657787082,-0.018410887936887138,0.3004490308904423,true,0.14101907147677756
naive,0.1,0.06430807292167855,0.02195425795786126,0.06459650251521293,0.39339433029090715,false,0.22899541640306004
naive,0.1,0.1621822682193403,0.12199507545519568,-0.01110170731984167,0.3600500203046233,true,0.17447415649239081
naive,0.1,0.08201883705394407,0.3716437627931575,-0.07558803591596344,0.2553199952402232,true,0.08986597966212989
naive,0.1,0.08640034065229069,0.017257495624810357,0.07593193163734688,0.4151774316041301,true,0.24555468162073849
naive,0.1,0.11006088083426196,0.03249979825740219,0.04541743314342078,0.34826223772121717,true,0.19683983543231898
naive,0.1,0.13500309749536632,0.041254531367779,0.041023902368069354,0.38172959882850294,true,0.21137675059828614
naive,0.1,0.11287091654064584,0.031337391005115775,0.04964824715481761,0.371218474466819,true,0.21043336081081832
naive,0.1,0.09959931279666155,0.043723628566515065,0.036751054057978266,0.3618590831852715,true,0.19930506862162486
naive,0.1,0.08223672599536921,0.04482142000361657,0.039187420030330655,0.3958258695357916,true,0.21750664478306111
naive,0.1,0.11665948417709189,0.051279382747041365,0.03120958671122004,0.36862959654087046,true,0.19991959162604525
naive,0.1,0.12118284948842181,0.022943632114589843,0.07131552327799828,0.4439928280997256,true,0.25765417568886195
naive,0.1,0.10618677506179257,0.22648141470458866,-0.045724740354760374,0.29976788771002394,true,0.12702157367763178
naive,0.1,0.11440354883258465,0.18042099000624198,-0.29826562230523196,0.03052240947311441,false,-0.13387160641605877
naive,0.1,0.15577410813306192,0.2222458418725641,-0.04093483489225966,0.27646171907283246,true,0.11776344209028639
naive,0.1,0.08014572927192692,0.06047217956816465,0.023921913185459498,0.36242669068767636,true,0.19317430193656793
naive,0.1,0.13841094178113192,0.005910394914738966,0.11425394068524472,0.4535230967524485,true,0.2838885187188466
naive,0.1,0.09279947294877046,0.018692852443746695,0.07467985235983335,0.4222936204874691,true,0.2484867364236512
naive,0.1,0.0900212791343564,0.1500409912418336,-0.020421145429253607,0.3065394529720411,true,0.14305915377139375
naive,0.1,0.07828118035135076,0.006929642273164487,0.1158681829239003,0.4770481872757265,false,0.2964581850998134
naive,0.1,0.10935696867143989,0.09789452785102915,0.0010663741643539004,0.34184854749693555,true,0.17145746083064473
naive,0.1,0.139845518418246,0.00492067415554185,0.11537523254944262,0.4405201858178559,true,0.27794770918364925
naive,0.1,0.03206484615026401,0.12488496882280824,-0.37088045585994556,0.012862390662444684,false,-0.17900903259875045
naive,0.1,0.15548346725332501,0.0075072923436283545,0.10157343933805268,0.42642699458693417,true,0.26400021696249343
naive,0.1,0.1268546307212331,0.08221228065707477,0.00872001787973048,0.31671773339734105,true,0.16271887563853576
naive,0.1,0.08040570665763468,0.0009576074403913423,0.14970929705676828,0.4467823445936705,false,0.2982458208252194
naive,0.1,0.10811935231260542,0.1652699669361878,-0.029826763401786416,0.35153790642181065,true,0.16085557151001212
naive,0.1,0.08575055407049825,0.05387972489991854,0.03207323650618529,0.40497326718924187,true,0.2185232518477136
naive,0.1,0.07982479016505929,0.01922794753669501,0.08168477362428314,0.46764868001105286,false,0.274666726817668
naive,0.1,0.04723356823334309,0.08512869919939556,0.00794464788145613,0.3481639170810338,true,0.17805428248124497
naive,0.1,0.059879525459102426,0.016810511819407386,0.0752963005765869,0.4073498091201653,false,0.2413230548483761
naive,0.1,0.0992799080946547,0.09586880136370655,0.0024020740849330924,0.3903937236801119,true,0.1963978988825225
naive,0.1,0.0711531995855959,0.01780438764312472,0.08120481913566188,0.4497716776951658,false,0.26548824841541385
naive,0.1,0.10884749565519353,0.0023380889530693937,0.12225739337669098,0.40980559665802085,false,0.2660314950173559
naive,0.1,0.06483225586383556,0.11791539807797985,-0.008907834397155867,0.35166978866489157,true,0.17138097713386785
naive,0.1,0.11338240002464577,0.022469165884759734,0.06847523752891241,0.42183625558970805,true,0.24515574655931022
naive,0.1,0.15345493562681672,0.12183926693790029,-0.0100681826765317,0.32875491504283166,true,0.15934336618314998
naive,0.1,0.055443011614729525,0.13880805243914227,-0.017754104412549293,0.33706065499833315,true,0.15965327529289194
naive,0.1,0.09499885507168741,0.3503465334861577,-0.06721348977458483,0.2438027137151316,true,0.08829461197027338
naive,0.1,0.09258055647511418,0.1206740189454403,-0.00929594698220082,0.31987501763153,true,0.15528953532466458
naive,0.1,0.09500762638994721,0.01689050997869458,0.07195922314747197,0.39003984805874303,true,0.2309995356031075
naive,0.1,0.11377096122543234,0.010006057076090535,0.10142115539545127,0.4598848377445517,true,0.2806529965700015
naive,0.1,0.11779151207382772,0.03346975923152524,0.05013222201373607,0.3926111298765077,true,0.2213716759451219
naive,0.1,0.12972659937262082,0.06589044701651482,0.020384822118670293,0.36549578446898967,true,0.19294030329383
naive,0.1,0.09742093007841139,0.03199187072410068,0.048161924411697254,0.36525573133998884,true,0.20670882787584305
naive,0.1,0.12140403057951361,0.0018010504996191917,0.1447569780394612,0.4673116934559557,false,0.30603433574770844
naive,0.1,0.09972153344773663,0.024884655526586436,0.0575279765387709,0.3738227148169093,true,0.2156753456778401
naive,0.1,0.09138790206968198,0.409634822829588,-0.07987059721244913,0.24043340867049232,true,0.0802814057290216
naive,0.1,0.1345042115462026,0.09493079784439172,0.002578253362352262,0.3406483057260107,true,0.17161327954418149
naive,0.1,0.19225995361446696,0.09624960783866339,0.0018943007952068602,0.339466682839461,true,0.17068049181733394
naive,0.1,0.0976318631891143,0.16944512682111118,-0.028169081244088706,0.31395015202072996,true,0.1428905353883206
naive,0.1,0.12994620942858093,0.006231425969740817,0.11686385180173534,0.46940824531625536,true,0.29313604855899533
naive,0.1,0.10048939173049798,0.032423899790050614,0.04632311604756845,0.35462181584963953,true,0.200472465948604
naive,0.1,0.09563554758454546,0.13008308829039084,-0.012319124425112737,0.2968548667096312,true,0.14226787114225922
naive,0.1,0.10848623229544793,0.01655927500164815,0.0755868112719221,0.4064713359804758,true,0.24102907362619896
naive,0.1,0.09284674194016466,0.082409542924267,0.008767691785575044,0.32221315938555806,true,0.16549042558556654
naive,0.1,0.09784608980253146,0.009364455035701696,0.09913445794733611,0.4411260340422606,false,0.27013024599479835
naive,0.1,0.11043399036514248,0.09057102717356418,0.004910670784528781,0.3447258337952366,true,0.17481825228988268
naive,0.1,0.12371561369497548,0.006661253845328981,0.11672275482282832,0.47610076739253804,true,0.2964117611076832
naive,0.1,0.08505308956234635,0.22107798874835172,-0.041434961022142294,0.2821954302367003,true,0.120380234607279
naive,0.1,0.08594473502658939,0.5644103420265956,-0.10428187709545153,0.21676690081328084,true,0.05624251185891466
naive,0.1,0.11241223604125682,0.006340273649063209,0.10138136244674206,0.4088278395163026,true,0.2551046009815223
naive,0.1,0.09933280772889302,0.05084075764283727,0.029110913474030692,0.340073230209715,true,0.18459207184187287
naive,0.1,0.07720059563448871,0.19698139594062836,-0.033148201234405816,0.27432850102776013,true,0.12059014989667716
naive,0.1,0.0824831642975029,0.03294507390406032,0.04395334322854316,0.34031347369310966,true,0.1921334084608264
naive,0.1,0.11570393861992267,0.035232831592673826,0.04456348853702305,0.36269479439748165,true,0.20362914146725236
naive,0.1,0.07778674952711231,0.009244554471698892,0.09800843604269507,0.43455513258383005,false,0.26628178431326255
naive,0.1,0.10084875006771796,0.2895075707339506,-0.05337590088334934,0.2464460880358976,true,0.09653509357627413
naive,0.1,0.11041005567734528,0.04415535449913887,0.03347533134140687,0.33292121275147346,true,0.18319827204644015
naive,0.1,0.1273385288727883,0.004868731935190657,0.11930977423549505,0.4545630978062808,true,0.2869364360208879
naive,0.1,0.1019088954304913,0.025285330542964474,0.06138282048631086,0.4023901319188893,true,0.23188647620260008
naive,0.1,0.10701729852226659,0.06275629149283003,0.023480152412606453,0.3809855496333181,true,0.2022328510229623
naive,0.1,0.09886253286951184,0.17167975875092936,-0.02839451077072558,0.30757831368992494,true,0.13959190145959968
naive,0.1,0.13191984605718854,0.11818392708792701,-0.007837826880345872,0.3050320922799665,true,0.14859713269981034
naive,0.1,0.05938115272462631,0.024413010614813525,0.0637327027717755,0.4098735272757357,false,0.23680311502375562
naive,0.1,0.09273347280301188,0.00531563020485427,0.13358626125108194,0.5182662249293873,false,0.32592624309023466
naive,0.1,0.1143372988605557,0.14806281895833173,-0.020469856608165027,0.3188664797019344,true,0.14919831154688468
naive,0.1,0.08293782936044687,0.18083949597174762,-0.030758368351947313,0.29918287313981207,true,0.13421225239393236
naive,0.1,0.0816467279324569,0.07443728475863616,0.013094825378560188,0.3228700887390359,true,0.16798245705879805
naive,0.1,0.06027952320536757,0.17108526071992033,-0.02739081547588426,0.2989344802725027,true,0.13577183239830923
naive,0.1,0.09402418442033159,0.027951362015371205,0.060601506715384584,0.42103526622358056,true,0.2408183864694826
naive,0.1,0.10351389287900206,0.09117182277615767,0.004342679101186436,0.3261399895446514,true,0.1652413343229189
naive,0.1,0.10447837771942062,0.0029462331005076104,0.13096761695026735,0.45529194307342424,false,0.2931297800118458
naive,0.1,0.06008074198645767,0.024766495902088424,0.05850874671473971,0.37921129653097163,true,0.21886002162285567
naive,0.1,0.08212099840458553,0.03776286815830879,0.04553266077273546,0.3918132437785167,true,0.21867295227562605
naive,0.1,0.11899610479288186,0.016477935370101535,0.08359765384333467,0.4486735443411251,true,0.2661355990922299
naive,0.1,0.1201658906933666,0.029829968125644982,0.050592722158707,0.3661174579192973,true,0.20835509003900216
naive,0.1,0.1510731950552983,0.17224264610061712,-0.03052836531370512,0.3283780623731061,true,0.1489248485297005
naive,0.1,0.08097012200329518,0.009097957292815774,0.1026691529749793,0.4532164582227917,false,0.2779428055988855
naive,0.1,0.12510302777154772,0.06156249785730527,0.021963201927918286,0.3436858708555853,true,0.18282453639175178
naive,0.1,0.10525666074971793,0.0026560524126401446,0.1366052082624799,0.4670110990922828,false,0.30180815367738134
naive,0.1,0.10416654233242677,0.01436253648791794,0.08302416606478108,0.423065266608101,true,0.25304471633644104
naive,0.1,0.0677605948416111,0.0772227921970078,0.01209359673459623,0.3377178617013369,true,0.17490572921796654
naive,0.1,0.12844243146431789,0.008335860672654611,0.10702032182888391,0.4614603074047251,true,0.2842403146168045
naive,0.1,0.11192424014866245,0.020826873755343138,0.06792024225943902,0.4032840653002375,true,0.23560215377983829
naive,0.1,0.08388755845538598,0.02655604057037796,0.04740870091321847,0.3195304071635432,true,0.18346955403838083
naive,0.1,0.07119987652610413,0.2628948287263155,-0.05197716526563112,0.2735447842685406,true,0.11078380950145475
naive,0.1,0.09936139031420858,0.05308871452786934,0.02566399729792551,0.3174507780643413,true,0.1715573876811334
naive,0.1,0.14574552277320083,0.024841850408341717,0.06259030939058172,0.40633647577368404,true,0.2344633925821329
naive,0.1,0.10727949478614243,0.021353363354855135,0.06268397745560161,0.37663712258479437,true,0.219660550020198
naive,0.1,0.06174726529663329,0.09722621918094723,0.0014099875437597609,0.3425069128449805,true,0.17195845019437014
naive,0.1,0.12096215724879399,0.03539425914256595,0.050439733618258015,0.41197472455716644,true,0.23120722908771224
naive,0.1,0.0917374910029332,0.07045268614345533,0.015270423093115632,0.3213298005976617,true,0.16830011184538865
naive,0.1,0.11400087981468635,0.006777446895628259,0.09186377532467299,0.37622969894475294,true,0.23404673713471297
naive,0.1,0.09612738423311981,0.03143178799456287,0.04724013105776223,0.35393703968470014,true,0.2005885853712312
naive,0.1,0.09859172629291467,0.07791436642740664,0.012506725889247144,0.36099086439776984,true,0.1867487951435085
naive,0.1,0.09216238921077373,0.18901295702427293,-0.034468452285976475,0.3077420973305335,true,0.13663682252227852
naive,0.1,0.11628296256365182,0.16938225960883554,-0.02674387442450399,0.2983089764437455,true,0.13578255100962075
naive,0.1,0.1152937274525349,0.004500889691924688,0.11651618795882679,0.4370348783862632,false,0.276775533172545
naive,0.1,0.0950274309806068,0.05128031272845561,0.03103188516071806,0.36653927726387914,true,0.19878558121229858
naive,0.1,0.058858693407704415,0.023385836621764088,0.06014949270471842,0.37816367770804277,false,0.2191565852063806
naive,0.1,0.08143862377106399,0.08139337810446062,0.010597657798620347,0.36705619502483666,true,0.18882692641172852
naive,0.1,0.10228281246410327,0.04444003685297938,0.032323679689653745,0.3236035610563507,true,0.17796362037300223
naive,0.1,0.12345168902830296,0.07232180216867495,0.014093226662657943,0.31864258781153937,true,0.16636790723709866
naive,0.1,0.09760059031209532,0.005021102736162282,0.11390364145614104,0.43670012271881076,false,0.2753018820874759
naive,0.1,0.08848523844708141,0.0800362036243342,0.011204068029144532,0.360165050514108,true,0.18568455927162628
naive,0.1,0.1175628379532381,0.05891958680833042,0.026172168314209904,0.37912385538615856,true,0.20264801185018425
naive,0.1,0.09498500377720448,0.15175124504155854,-0.02271386657572197,0.3306140188382891,true,0.1539500761312836
naive,0.1,0.11869248666711557,0.15659438450207333,-0.023917959455928395,0.32082834668599847,true,0.14845519361503504
naive,0.1,0.11051799500833455,0.13508539061932112,-0.015919608020090265,0.3320402101350862,true,0.15806030105749796
naive,0.1,0.12242721800174432,0.03817627995842591,0.03963035041585253,0.34416484899118105,true,0.1918975997035168
naive,0.1,0.13204811405515765,0.17451030586303226,-0.02963863165001479,0.3100904210834684,true,0.1402258947167268
naive,0.1,0.10675387790741256,0.10282213837021228,-0.0013797770034784107,0.33409122574673283,true,0.1663557243716272
naive,0.1,0.10567550903831999,0.15424468527107904,-0.02236783032411377,0.3118658242721516,true,0.1447489969740189
naive,0.1,0.13266952732841292,0.02282962160262091,0.058588607554243,0.36383596391922157,true,0.21121228573673229
naive,0.1,0.059836278491643746,0.15810599325624525,-0.02412962043547212,0.3159948485215912,true,0.14593261404305954
naive,0.1,0.02602287960927979,0.0014964347565899058,0.14987968670196294,0.47203174024910266,false,0.3109557134755328
naive,0.1,0.11920629605208999,0.020245920776562735,0.08142595386531623,0.47714978225501126,true,0.27928786806016376
naive,0.1,0.0653426584991796,0.4404562464407373,-0.08282526353804794,0.229129529357822,true,0.07315213290988702
naive,0.1,0.09435964275921611,0.04676143882865528,0.033795751769900434,0.3573633452201771,true,0.19557954849503878
naive,0.1,0.1429532709528886,0.06507830755527998,0.021474367915500725,0.3749327801005045,true,0.19820357400800262
naive,0.1,0.05108356555966042,0.3532841543258607,-0.07310330365053602,0.26248587629472697,true,0.09469128632209547
naive,0.1,0.15459463382076072,0.038247782854918255,0.040806197922235415,0.35493962213486907,true,0.19787291002855223
naive,0.1,0.06630323440789547,0.22412229038769937,-0.04034103901728171,0.26885241957886286,true,0.11425569028079056
naive,0.1,0.11536263349196285,0.03616163564762297,0.05180452853205067,0.4303078304682827,true,0.24105617950016667
naive,0.1,0.08201758683795773,0.029612885573585164,0.05548937118581787,0.39966720084288365,true,0.22757828601435076
naive,0.1,0.1350469326659165,0.01746981514206091,0.07572371233640252,0.41612277355715044,true,0.24592324294677648
naive,0.1,0.10652833229372526,0.1598152304674664,-0.025542283454103504,0.3257978435480534,true,0.15012778004697497
naive,0.1,0.06641916069255173,0.2818166055865344,-0.04953412555445601,0.23704871082394313,true,0.09375729263474357
naive,0.1,0.03407613051501593,0.0056484884348843795,-0.47129666918819724,-0.11991466474674198,false,-0.2956056669674696
naive,0.1,0.055496681444095794,0.013614512668398089,0.08392164897524293,0.41960979248223684,false,0.2517657207287399
naive,0.1,0.10619966325153224,0.09510220193679664,0.002373964889206659,0.3247808191876379,true,0.16357739203842228
naive,0.1,0.09604271799609203,0.006484708816786236,0.10568825895965919,0.42840757146673625,false,0.2670479152131977
naive,0.1,0.09273859781234552,0.0034586707973903027,-0.4897990336842243,-0.13710849511666437,false,-0.3134537644004443
naive,0.1,0.0810709087992027,0.09261256875624432,0.003600070216258494,0.32437163881110165,true,0.16398585451368006
naive,0.1,0.1076545702506767,0.006652923223239949,0.10817958268999087,0.44112480111842445,false,0.27465219190420764
naive,0.1,0.12480667603159985,0.09990189922430495,0.00004717408490695352,0.32622701708862334,true,0.16313709558676515
naive,0.1,0.08475591678196621,0.0004046927979515496,0.18636684549365717,0.5103856000279525,false,0.3483762227608049
naive,0.1,0.12356826605683309,0.36927047527240114,-0.2602236861941028,0.07645057867692323,false,-0.09188655375858978
naive,0.1,0.10789039445070012,0.15473972470224556,-0.020888112511827567,0.2888294369740383,true,0.13397066223110538
naive,0.1,0.08551487754760816,0.013177109559298987,0.09231997118643812,0.45643494517857486,false,0.2743774581825065
naive,0.1,0.11165785794615941,0.07116572349830114,0.01555286173851117,0.3362021247174542,true,0.17587749322798268
naive,0.1,0.09615702428591076,0.024697095596368374,0.06259510201874904,0.40507840806521467,true,0.23383675504198184
naive,0.1,0.10323316488919908,0.1321830440077943,-0.01344765070412074,0.3041208832568262,true,0.14533661627635272
naive,0.1,0.09487787378894098,0.19700149014187035,-0.032087579034562885,0.2655024111478894,true,0.11670741605666327
naive,0.1,0.016394934350001618,0.04679729134962341,0.04020760977599411,0.42552741670664274,false,0.2328675132413184
naive,0.1,0.14042909790468205,0.0044646062358019096,0.11729310663359424,0.43925426495799513,true,0.2782736857957947
naive,0.1,0.10228844007915597,0.05060612884267176,0.027588099570218128,0.3203981127326156,true,0.17399310615141686
naive,0.1,0.06332427652188068,0.04650277123582573,0.035525077996010845,0.3733426813028813,true,0.20443387964944607
naive,0.1,0.13066599704230014,0.13522131500287066,-0.014404082754693126,0.29934621066376954,true,0.1424710639545382
naive,0.1,0.10563723403461392,0.10937552486365673,-0.004201329769001727,0.3110092986304866,true,0.15340398443074243
naive,0.1,0.07529081146250843,0.08742335363972951,0.00659053787449651,0.34379896106217456,true,0.17519474946833552
naive,0.1,0.12328465892426141,0.10338359667380313,-0.0017595901280425819,0.35584596401282287,true,0.17704318694239013
naive,0.1,0.0732298730906484,0.014190233101493178,0.0740602443619458,0.37575572605952484,false,0.22490798521073532
naive,0.1,0.09544762528656334,0.008098649250473265,0.10798508488878522,0.46213519977674467,false,0.28506014233276494
naive,0.1,0.08766209408142207,0.04673854585713357,0.03206040584821823,0.338828423856141,true,0.1854444148521796
naive,0.1,0.10016986968954636,0.001907430064580819,0.1407282708053796,0.45794533708509877,false,0.2993368039452392
naive,0.1,0.06358093437906524,0.000020669719622588422,0.25783517418780677,0.5824838730642967,false,0.42015952362605175
naive,0.1,0.11820983279618658,0.07332633862461722,0.016306868525591878,0.3838869776712257,true,0.2000969230984088
naive,0.1,0.0719978366885328,0.03666214385230758,-0.3646060701204979,-0.043413909046148114,false,-0.204009989583323
naive,0.1,0.0911282426820254,0.019444688960683264,0.06730657656043892,0.38725740015909627,true,0.2272819883597676
naive,0.1,0.07570855492240307,0.0020558185997119824,0.14748380417756918,0.48507114483412234,false,0.31627747450584576
naive,0.1,0.119533006556388,0.035487427709156076,0.04827934648168683,0.3951353778667821,true,0.22170736217423448
naive,0.1,0.11107597998509902,0.01593972420526325,0.07166293444323943,0.3796561702853003,true,0.22565955236426988
naive,0.1,0.11000247987904044,0.08618392333253233,0.0072450258618449725,0.3428085350554001,true,0.17502678045862255
naive,0.1,0.1031864816712678,0.02163242030372066,0.06503206024661701,0.3932021697449606,true,0.2291171149957888
naive,0.1,0.14267434375680965,0.008803139078128751,0.10826556633732182,0.4736527174395903,true,0.29095914188845606
naive,0.1,0.16586747240394817,0.0012751192690099325,0.16177713488375264,0.49932408910480297,true,0.3305506119942778
naive,0.1,0.1653346082742661,0.04043837206183235,0.042770241216111005,0.3907062348421368,true,0.2167382380291239
naive,0.1,0.0913964096547299,0.013916655907732908,0.08876374127228329,0.4472504382113599,true,0.2680070897418216
naive,0.1,0.14047830242060827,0.003911425789362273,0.1273162784104282,0.4649858040290827,true,0.29615104121975544
naive,0.1,0.08502820125700589,0.21249513167404624,-0.3403901394439084,0.04686563282371223,false,-0.14676225331009807
naive,0.1,0.07629779342453981,0.01563798903091436,0.07410561212912839,0.38972554165744344,true,0.23191557689328593
naive,0.1,0.0803791051620895,0.3562270789316991,-0.0723746197243358,0.2572659731134188,true,0.0924456766945415
naive,0.1,0.11442593866532082,0.05344565310446272,0.02876825080138376,0.35915572568123466,true,0.1939619882413092
naive,0.1,0.10946545074432303,0.012205354627505821,0.08639034787754596,0.41635653981018217,true,0.25137344384386406
naive,0.1,0.09759713615129123,0.15315415795037657,-0.021687046298067836,0.30803688389877404,true,0.1431749188003531
naive,0.1,0.1283650620494023,0.04854526214280054,0.03719482002857194,0.41057355036385745,true,0.2238841851962147
naive,0.1,0.10654324142460872,0.08683564454080352,0.0070328238634472795,0.3499011335805123,true,0.17846697872197978
naive,0.1,0.09636597751035077,0.0009069931019445609,0.16617377535929825,0.49292230960463945,false,0.32954804248196884
naive,0.1,0.11334459728338178,0.1831879611570195,-0.030275743568761226,0.2870675564208628,true,0.12839590642605078
naive,0.1,0.14243901219432173,0.1870558137250798,-0.03537579189071338,0.32213806547566015,true,0.14338113679247338
naive,0.1,0.12622285678456097,0.1134432170848429,-0.005997491968278756,0.31248988543888523,true,0.15324619673530324
naive,0.1,0.13447185773614798,0.006566646482776137,0.10658808884497856,0.4333141498725856,true,0.2699511193587821
naive,0.1,0.09460463625181885,0.005087270500564438,0.11940428971480502,0.4590244053772319,false,0.28921434754601844
naive,0.1,0.10910549089841542,0.1633239654960577,-0.026707145876623428,0.3235023202569312,true,0.1483975871901539
naive,0.1,0.07997941227693225,0.028191515830890076,0.05800372164046655,0.40509369798811656,true,0.23154870981429157
naive,0.1,0.11267922912146523,0.007299761571106338,0.09656569602852186,0.4026098479636401,true,0.24958777199608098
naive,0.1,0.0744371608568664,0.002070836475487358,0.12162438134751177,0.4004404859435927,false,0.26103243364555223
naive,0.1,0.06715333401760287,0.09698702108939171,0.0016895898071674353,0.37760928014685236,true,0.1896494349770099
naive,0.1,0.0894528560557075,0.019101119816396523,0.06349636435592187,0.3624588031981634,true,0.21297758377704265
naive,0.1,0.05094364965974137,0.11410980136524804,-0.32200558256941936,0.006477019423308611,false,-0.1577642815730554
naive,0.1,0.12103446880210499,0.00975124898242348,0.08550022326371995,0.38482818423475895,true,0.23516420374923944
naive,0.1,0.14777313747129214,0.0013016989151756,0.1772833461113813,0.5485772001663418,false,0.36293027313886156
naive,0.1,0.07855400310826038,0.003062063667561633,0.12388454192103554,0.4334309379949686,false,0.2786577399580021
naive,0.1,0.07894218688973685,0.10295480136316601,-0.0014006878842005022,0.32403233245883156,true,0.16131582228731553
naive,0.1,0.07837999787045609,0.02493525908788357,0.062327846259666336,0.4054625851813176,true,0.23389521572049196
naive,0.1,0.1424156038222697,0.00133554286189448,0.16883338465292447,0.5240978911131113,false,0.3464656378830179
naive,0.1,0.048091062802651026,0.10114776001944953,-0.0004884399002975104,0.2896022191907467,true,0.1445568896452246
naive,0.1,0.06560661243542236,0.06962213829279652,0.0173377919987511,0.3538199090405705,true,0.1855788505196608
naive,0.1,0.10154433647301665,0.04908883623485641,0.031247477494747516,0.34953227275475274,true,0.1903898751247501
naive,0.1,0.044563734968021865,0.09610667062283917,0.002076149455062598,0.35826159970195737,true,0.18016887457850997
naive,0.1,0.14414842611455095,0.010966968793827862,0.09525312775505626,0.4438528913373073,true,0.2695530095461818
naive,0.1,0.1519676720275278,0.004906534311827762,0.11136880179472178,0.42497440153338395,true,0.26817160166405285
naive,0.1,0.0996121784853449,0.00754123763107191,0.09738723250260628,0.4093113876365596,true,0.25334931006958294
naive,0.1,0.09467457472596494,0.04752744461138116,0.038689647349456985,0.4166867276216569,true,0.22768818748555694
naive,0.1,0.10245943871045761,0.08835023362305325,0.006198575224066749,0.3500017501301576,true,0.17810016267711218
naive,0.1,0.08853362242317629,0.1976983417848126,-0.03604452197577926,0.2963646093472655,true,0.1301600436857431
naive,0.1,0.1172015339973216,0.09461881582593624,0.002474617057394879,0.3077453317656017,true,0.1551099744114983
naive,0.1,0.052156525336401,0.07365231064372801,0.015469960214867629,0.36909629911038555,true,0.1922831296626266
naive,0.1,0.10366619869390858,0.06086616146479342,0.024090138219283824,0.36923419345211694,true,0.19666216583570037
naive,0.1,0.0971826096050184,0.15356910507096266,-0.020684780827064042,0.29172024470865277,true,0.13551773194079436
naive,0.1,0.08335056069794307,0.19049472067437678,-0.036173048163169436,0.3182676959073163,true,0.14104732387207342
naive,0.1,0.12559318917377796,0.016204182335318243,0.06705858480675028,0.3575435874617835,true,0.2123010861342669
naive,0.1,0.11015345667333476,0.015522899600203924,0.07666343754707194,0.40204521491375345,true,0.2393543262304127
naive,0.1,0.08985761069808795,0.060888816788593814,0.021365294726859413,0.3276894350866316,true,0.17452736490674553
naive,0.1,0.11361790222920062,0.11730919658778645,-0.007537197618119967,0.3075813719449386,true,0.15002208716340934
naive,0.1,0.09869626773276308,0.012610057722670499,0.07935659347849053,0.38657904166209056,true,0.23296781757029053
naive,0.1,0.09093290369239228,0.06156100989260879,0.02247117567810067,0.3516190879369736,true,0.18704513180753715
naive,0.1,0.10322971624480083,0.07970838583984885,0.01068016603836977,0.3374318659531458,true,0.1740560159957578
naive,0.1,0.09240999990496272,0.0018893432317921817,0.13062404329725436,0.42449771593981495,false,0.27756087961853465
naive,0.1,0.09830913818669695,0.07527714086539924,0.013383823418783053,0.3421575587933311,true,0.1777706911060571
naive,0.1,0.10037320338993487,0.03482603154293696,0.05414876339512609,0.4368023375663227,true,0.2454755504807244
naive,0.1,0.14562129771484955,0.003084649398975921,0.15553078350561367,0.5448200170340417,false,0.3501754002698277
naive,0.1,0.13032294921657842,0.08175011974472332,0.00885868411042584,0.31316509842330376,true,0.1610118912668648
naive,0.1,0.13842059547933275,0.022244388625928622,0.06531178364505841,0.4003368643462952,true,0.2328243239956768
naive,0.1,0.13299371692762496,0.002096939260968419,0.13668055409398955,0.4508291354931641,false,0.29375484479357683
naive,0.1,0.12200632482292244,0.07451216305404394,0.012687737191576537,0.313830126437042,true,0.16325893181430928
naive,0.1,0.12272214345883568,0.05568821197558901,0.02763054045974847,0.36602088462333326,true,0.19682571254154088
naive,0.1,0.06284030381835361,0.10627552232349312,-0.002902434715643498,0.3186798633368511,true,0.1578887143106038
naive,0.1,0.09045130699652501,0.00010325668139595023,0.2163260025215849,0.5343168048886953,false,0.3753214037051401
naive,0.1,0.12683242633388678,0.035143371286969365,0.04650560198890663,0.3777607149209317,true,0.21213315845491917
naive,0.1,0.049456428439024945,0.011583049130821052,0.09838989979297474,0.46630783050608193,false,0.28234886514952834
naive,0.1,0.1526736494504781,0.02127182206203461,0.06407374936235846,0.38428202400885203,true,0.22417788668560526
naive,0.1,0.08268201610593186,0.19054988037150836,-0.03127198502555788,0.27499725553679805,true,0.12186263525562009
naive,0.1,0.1126293459500516,0.09490388617755108,0.0020791433297096262,0.2732339405973546,true,0.13765654196353214
naive,0.1,0.04606115306831543,0.06972277488185838,0.01738317959022384,0.35605224373137395,true,0.1867177116607989
naive,0.1,0.10294732940958613,0.05076091070777149,0.030170138976663124,0.35174324900455933,true,0.19095669399061124
naive,0.1,0.08530346584883272,0.17576678707788804,-0.028468469792217843,0.29341939323242666,true,0.1324754617201044
naive,0.1,0.13836473477410202,0.33855049200359,-0.06429535755590912,0.243216457290552,true,0.08946054986732144
naive,0.1,0.13308374349263577,0.024494132131393002,0.06060869289022755,0.3904784412915242,true,0.22554356709087586
naive,0.1,0.0942198142894212,0.0006236595958544369,0.1779037957081396,0.5073895680016315,false,0.34264668185488556
naive,0.1,0.09202035992441822,0.03424781228493018,0.046989160227472876,0.3742905397986416,true,0.2106398500130572
naive,0.1,0.12653248683707247,0.027916643467154167,0.05779412198398337,0.4012280233495947,true,0.22951107266678902
naive,0.1,0.07497663600725289,0.10753061890961929,-0.0035463915200412144,0.3254470287444774,true,0.1609503186122181
naive,0.1,0.09333308091769814,0.023179407170858375,0.060156925117059334,0.3764855589544781,true,0.21832124203576872
naive,0.1,0.03532917114669425,0.07844137960963538,0.011630511811866862,0.34448403300976177,true,0.17805727241081432
naive,0.1,0.07485764876736069,0.26636484002816596,-0.059142372530026355,0.30562727394780753,true,0.12324245070889059
naive,0.1,0.1365147342227176,0.1905737329115746,-0.034899574796794786,0.30682565477839047,true,0.13596303999079784
naive,0.1,0.09755316931721049,0.10839956319158259,-0.004098530175798809,0.33788953871738897,true,0.16689550427079508
naive,0.1,0.10930024388040657,0.00535391251480752,0.11248673482716617,0.43706860682466087,false,0.27477767082591353
naive,0.1,0.1322603562014159,0.00010286556141291885,0.20154824612479563,0.49769426607907075,false,0.3496212561019332
naive,0.1,0.07696791972428052,0.12718912078995231,-0.012445418545199899,0.32995444991635203,true,0.15875451568557608
naive,0.1,0.0929699011330817,0.14525815595566224,-0.017067827540255986,0.2810106202402293,true,0.13197139634998667
naive,0.1,0.10671891147301757,0.007312368195060165,0.11505853637138289,0.4799146227343877,false,0.29748657955288527
naive,0.1,0.1428072573757156,0.06150613890040451,0.022918007992249106,0.3580217526465873,true,0.1904698803194182
naive,0.1,0.13502164135253178,0.25687563598218394,-0.05538830559416827,0.30115686561996524,true,0.1228842800128985
naive,0.1,0.071002475075099,0.1241324522967211,-0.012071468514791073,0.3583849059188689,true,0.17315671870203891
naive,0.1,0.0762429928929963,0.19472525841290786,-0.0294529390666481,0.24886948936913794,true,0.10970827515124491
naive,0.1,0.10152442410021541,0.2475822588017876,-0.0475513830423646,0.27260078524496373,true,0.11252470110129957
naive,0.1,0.10298199624957849,0.03080649256854914,0.0469759684196808,0.34721743275862993,true,0.19709670058915535
naive,0.1,0.0672838440726929,0.08767673620324418,0.006216150332068099,0.3311761292511992,true,0.16869613979163367
naive,0.1,0.09734083385340887,0.062119174088711274,0.020719883911804987,0.3297193466958587,true,0.17521961530383182
naive,0.1,0.0780009950680638,0.11828305712792227,-0.0076524099007787005,0.29626368591340185,true,0.14430563800631158
naive,0.1,0.07388433771970096,0.21099820371725886,-0.04155201764997213,0.30536210536549296,true,0.13190504385776042
naive,0.1,0.09073084011852864,0.004169477694618345,0.12959473105286717,0.4789892178218626,false,0.3042919744373649
naive,0.1,0.06782156196699024,0.26507433331258523,-0.05527159849405927,0.2875557197345416,true,0.11614206062024116
naive,0.1,0.0753306883404007,0.07579116622669484,0.01203678451229201,0.3147859582704168,true,0.1634113713913544
naive,0.1,0.11217049893035339,0.1421615532709908,-0.018674920098888576,0.3282888542818714,true,0.15480696709149142
naive,0.1,0.09657689605319968,0.026809033823216047,0.05778013259202011,0.3915850850705752,true,0.22468260883129765
naive,0.1,0.0737241255477438,0.05023337188285962,0.030907880462947207,0.35563517489050234,true,0.19327152767672479
naive,0.1,0.09418571658674514,0.03482827805608736,0.049364168493360255,0.39822596129998855,true,0.22379506489667442
naive,0.1,0.1498465625717313,0.006627481913426695,0.12647544952925113,0.5152683904060714,true,0.3208719199676613
naive,0.1,0.09736319413404274,0.049766964740629964,0.03369445917111358,0.38324396615756756,true,0.20846921266434057
naive,0.1,0.10774132742866271,0.26670767430539705,-0.05021617706332081,0.25903795486658854,true,0.10441088890163387
naive,0.1,0.0647288848478965,0.03835759865995695,0.04022574474775581,0.3507456832268492,true,0.1954857139873025
naive,0.1,0.1373256130605285,0.2141013704469774,-0.04259191167685705,0.3055308252814504,true,0.13146945680229669
naive,0.1,0.11580093834972877,0.021407885266960733,0.0697972262445195,0.4198914915268118,true,0.24484435888566566
naive,0.1,0.09496383488767868,0.014670869262900562,0.07783032696778366,0.3996693890346048,true,0.23874985800119425
naive,0.1,0.1198561264240888,0.023162186850018498,0.06341275705834967,0.3967104145406549,true,0.23006158579950228
naive,0.1,0.1303766866863665,0.17965429164467542,-0.027648770460606167,0.272504154081187,true,0.12242769181029041
naive,0.1,0.09327140870664019,0.0008552219550197412,0.16146047065616076,0.4758626849542851,false,0.3186615778052229
naive,0.1,0.10092655986294076,0.002337961299755915,0.13379106236385338,0.44846264741817077,false,0.2911268548910121
naive,0.1,0.0695078543810503,0.0644328007918109,0.02286062759121285,0.39093479130183495,true,0.2068977094465239
naive,0.1,0.11741805297011085,0.02245319055001653,0.06522469517243093,0.40166858512941017,true,0.23344664015092056
naive,0.1,0.14422912630115076,0.03546845234014589,0.04516554612215337,0.3694972166230769,true,0.20733138137261514
naive,0.1,0.10379406606137677,0.05793892266471674,0.023778845379290425,0.3350543397178467,true,0.17941659254856857
naive,0.1,0.07726787173974084,0.013860959735004907,0.08349932651437802,0.42013007288286114,false,0.2518146996986196
naive,0.1,0.1426002268637437,0.06787730204000889,0.017819636481268192,0.3417539646573007,true,0.17978680056928445
naive,0.1,0.11310841177006999,0.3748332403833459,-0.08327954722224672,0.27843992287927627,true,0.09758018782851478
naive,0.1,0.09952405501009572,0.0343281504722267,0.05120901035911715,0.40861946420897555,true,0.22991423728404636
naive,0.1,0.12577614192184902,0.01848916771815083,0.0682538823307732,0.38413607076428824,true,0.22619497654753074
naive,0.1,0.09674810155318819,0.10837416845339878,-0.0037064642533496672,0.3064755585656018,true,0.15138454715612606
naive,0.1,0.11433260266928526,0.11199858251905834,-0.006206109448552627,0.3611267601829472,true,0.17746032536719727
naive,0.1,0.1696716793464554,0.005110766416160185,0.1239067694490879,0.47678695922892406,true,0.300346864339006
naive,0.1,0.10213980938512932,0.007446615552741869,0.10576622851629414,0.4431368257670678,false,0.274451527141681
naive,0.1,0.060175197400298364,0.5882722261693745,-0.10815935412216494,0.21427716536408736,true,0.0530589056209612
naive,0.1,0.06042222911251633,0.03277794270702354,0.0434770836763812,0.3354049388354841,true,0.18944101125593266
naive,0.1,0.12484197133580215,0.023862458351674352,0.06402264867263369,0.4067754996405884,true,0.23539907415661104
naive,0.1,0.08201813804753548,0.10697967322635768,-0.003521070430073603,0.34817926599657295,true,0.17232909778324967
naive,0.1,0.12439307628767401,0.017558483759743997,0.08473949096068623,0.46664192851324715,true,0.2756907097369667
naive,0.1,0.09146891740969243,0.7249650818705051,-0.13633006354711397,0.21052076155512744,true,0.03709534900400673
naive,0.1,0.08772149941175551,0.010755454479541736,0.09196942074446185,0.42602622914038496,false,0.2589978249424234
naive,0.1,0.10634037133668661,0.0012925797907681242,0.15908844253525997,0.4918484124800726,false,0.3254684275076663
naive,0.1,0.08505596013001473,0.08169162920162477,0.009074316990469317,0.3197060318935211,true,0.16439017444199522
naive,0.1,0.08619763224440842,0.03313689940888697,0.04533650718533708,0.35249046449254096,true,0.198913485838939
naive,0.1,0.1182430918166572,0.0022880910013211653,0.15809370656469723,0.5282091259446491,false,0.34315141625467316
naive,0.1,0.11852376962258744,0.03669563892331384,0.05243436108349983,0.4406882805998169,true,0.24656132084165838
naive,0.1,0.11608881742048513,0.047753869955626624,0.029274078591318392,0.3170050696184058,true,0.1731395741048621
naive,0.1,0.1321000023628484,0.010635192367555488,0.08509292316001263,0.3928415103477544,true,0.2389672167538835
naive,0.1,0.10593989838250699,0.22992314380271198,-0.04607944583234999,0.29510666779158135,true,0.12451361097961569
naive,0.1,0.1150279375348707,0.11390853814198663,-0.007012845190562111,0.35353234342692547,true,0.17325974911818168
naive,0.1,0.09878538402094807,0.14870990825157449,-0.018964661499057456,0.29181041116932455,true,0.13642287483513355
naive,0.1,0.12582291852494515,0.02271655421437028,0.06124769444483441,0.37939442956143576,true,0.2203210620031351
naive,0.1,0.11301111833369216,0.005279953463544124,0.11996829568705838,0.46477505133395436,false,0.29237167351050636
naive,0.1,0.09626020138142984,0.17219807153629701,-0.023848067352318522,0.256663694553986,true,0.11640781360083376
naive,0.1,0.08513288208236339,0.013011639580041921,0.07321520593911843,0.3604289855847048,true,0.2168220957619116
naive,0.1,0.08980835476866045,0.008291061363043126,0.09579930124924121,0.4124940128198412,false,0.2541466570345412
naive,0.1,0.08006485177844903,0.15201015182245967,-0.27604906004848595,0.019051983795126237,false,-0.12849853812667986
naive,0.1,0.1418827278377474,0.15392249069337852,-0.01970460377889205,0.2762323259122018,true,0.12826386106665488
naive,0.1,0.12506649809756973,0.07204946246532744,0.014769990490318768,0.3303813742897662,true,0.1725756823900425
naive,0.1,0.08387549104087441,0.21435139341620327,-0.03591498143392048,0.2571407995915446,true,0.11061290907881206
naive,0.1,0.11765728570099311,0.016663213110254083,0.07494137917122931,0.40400502116905823,true,0.23947320017014376
naive,0.1,0.0792541587441225,0.03834723244320707,0.0411042022679714,0.358322753339918,true,0.1997134778039447
naive,0.1,0.04556429219632601,0.040082064800070906,0.04156608140300516,0.376673842119832,true,0.2091199617614186
naive,0.1,0.0966261504389676,0.03306597441833258,0.044087658844936706,0.3422522127183629,true,0.19316993578164982
naive,0.1,0.08203120488137446,0.27408404417734067,-0.05616368365853873,0.2790677323628515,true,0.11145202435215638
naive,0.1,0.08127706622646978,0.006205194187832603,0.11002566829613328,0.4415192666152874,false,0.2757724674557103
naive,0.1,0.10951800785811663,0.00019604457925630466,0.19834182287936955,0.5121570623063966,false,0.35524944259288305
naive,0.1,0.08513808040199312,0.032171614846995024,0.049448211942915266,0.37647714408275146,true,0.21296267801283336
naive,0.1,0.10993853204100472,0.05651209129364725,0.026596928278841858,0.36028155000809237,true,0.1934392391434671
naive,0.1,0.10319346278053614,0.0015015457976597713,0.17175122024903405,0.5411528479845462,false,0.3564520341167901
naive,0.1,0.07874108258778278,0.16655938527829747,-0.023857130655529496,0.2762580255859529,true,0.12620044746521172
naive,0.1,0.1172490571667447,0.09701912346864805,0.0014048545919446431,0.31738102746706576,true,0.1593929410295052
naive,0.1,0.04736617252763197,0.020672576513945187,0.07025114753323752,0.41567075143414506,false,0.2429609494836913
naive,0.1,0.11720985552195874,0.26828610774898687,-0.2673701194709298,0.05225576152971742,false,-0.10755717897060621
naive,0.1,0.07706238269604701,0.2633280172348535,-0.05642823371663212,0.296287931159906,true,0.11992984872163694
naive,0.1,0.08530371852582842,0.08003285776563843,0.010606458228747923,0.3408936493395559,true,0.1757500537841519
naive,0.1,0.07899282292060913,0.002071488845526216,0.15496563423310156,0.5102376518594989,false,0.33260164304630024
naive,0.1,0.14288361188720095,0.06150502943420034,0.022701079353155268,0.3546211420102068,true,0.188661110681681
naive,0.1,0.11609083297036948,0.029645507566028448,0.05308687767030429,0.38263351817215274,true,0.21786019792122852
naive,0.1,0.10859779962383237,0.3299305600919493,-0.2749814688014662,0.07040663511539853,false,-0.10228741684303382
naive,0.1,0.08043804783798247,0.061963957193898675,0.02391270487764577,0.37874274792189955,true,0.20132772639977264
naive,0.1,0.13019087244014624,0.14951499974975477,-0.019684863986369205,0.2983663944405065,true,0.13934076522706865
naive,0.1,0.09415516764152967,0.07863739882357175,0.011641743724716408,0.3481970079640574,true,0.17991937584438691
naive,0.1,0.11895347164088461,0.023352648980684957,0.06377923822140619,0.40068972412178994,true,0.23223448117159806
naive,0.1,0.13385499245649965,0.04985903391421425,0.030596169823113473,0.348796586545235,true,0.18969637818417423
naive,0.1,0.15433819069653879,0.01763678083065532,0.07151945392393236,0.3945691326008227,true,0.23304429326237755
naive,0.1,0.05690332173751064,0.04754492041596933,0.03671521050042584,0.39558833223085976,true,0.2161517713656428
naive,0.1,0.10648151126903639,0.07569799438242414,0.013359247525362355,0.34792520940066507,true,0.1806422284630137
naive,0.1,0.07649990693504527,0.005302909819225722,0.12498813661505245,0.4846642239432003,false,0.3048261802791264
naive,0.1,0.09512486024707692,0.2679314929926115,-0.054139115312209385,0.27751243468190445,true,0.11168665968484753
naive,0.1,0.10432860190190343,0.19565317823569237,-0.03832733727437129,0.32107740726939715,true,0.14137503499751294
naive,0.1,0.1176767900653077,0.11621707788455231,-0.007345287047430787,0.31918506225810495,true,0.15591988760533707
naive,0.1,0.12204704527809664,0.012710635598850141,0.0894976668823832,0.43713437323197407,true,0.26331602005717863
naive,0.1,0.09463335234736799,0.062311021041851815,0.02207459953981286,0.3533315901766394,true,0.18770309485822614
naive,0.1,0.07026133459704935,0.002369733431142316,0.1369989298826242,0.46015414784468434,false,0.29857653886365426
naive,0.1,0.07032874855299287,0.005395963920558372,0.12031622044612114,0.4682647130787666,false,0.29429046676244386
naive,0.1,0.1281936515464004,0.010119775174903962,0.09183745265295476,0.41779785954566273,true,0.25481765609930873
naive,0.1,0.11641863669491212,0.10173030321931203,-0.0009385577786303889,0.36966440296058606,true,0.18436292259097783
naive,0.1,0.08432446985669097,0.05459308828752592,0.02830517805788263,0.36416354894960673,true,0.19623436350374468
naive,0.1,0.08138908433703003,0.1662661866393287,-0.026271709701294027,0.3054323551567891,true,0.13958032272774756
naive,0.1,0.08511219905799171,0.006906498207257214,0.12048781518165513,0.49567237634305333,false,0.30808009576235423
naive,0.1,0.11047933463400625,0.1262835043246449,-0.010643028005587613,0.29136933162949996,true,0.14036315181195616
naive,0.1,0.09002989483929559,0.015804741011953213,0.0737922170942849,0.38965709787470165,true,0.23172465748449328
naive,0.1,0.125855312117887,0.09141830767273636,0.003794855200753011,0.29338214277003793,true,0.14858849898539547
naive,0.1,0.10381786114529166,0.020743807488241266,0.06275705200321299,0.3719277966358825,true,0.21734242431954776
naive,0.1,0.06425105296917376,0.10411187890187457,-0.0020626233437272545,0.343854969877662,true,0.17089617326696738
naive,0.1,0.08728437526097298,0.006137054673591387,0.10844189027118162,0.4340809592318085,false,0.27126142475149506
naive,0.1,0.10617329302566848,0.0564110308665127,0.02718457116729439,0.36722879611192777,true,0.19720668363961108
naive,0.1,0.12381504119860148,0.2808246172899986,-0.058726822207222876,0.2823734847480378,true,0.11182333127040746
naive,0.1,0.10789344737312323,0.003065605539538217,0.16021792987037553,0.5606576985505306,false,0.36043781421045307
naive,0.1,0.08524512049581219,0.013358610910550168,0.07710349871877376,0.38299477768924267,true,0.2300491382040082
naive,0.1,0.10473375663276842,0.11466726805902766,-0.006189053618643164,0.29635762969833623,true,0.14508428803984655
naive,0.1,0.07909398859879452,0.13072299545289642,-0.014137044263478976,0.3339759563310597,true,0.15991945603379035
naive,0.1,0.09938446332262192,0.010398192971132715,0.08766815642796078,0.40202229736615613,true,0.24484522689705845
naive,0.1,0.05817457206180502,0.030219774430803353,0.04940829126304461,0.36058015827287604,true,0.20499422476796034
naive,0.1,0.03482800014646065,0.1691002717051913,-0.030345885818410495,0.3397299051258219,true,0.15469200965370572
naive,0.1,0.07095198065258347,0.0021820287092957744,0.14249414067337862,0.47274568927802074,false,0.3076199149756997
naive,0.1,0.06676901100003227,0.012605041836814098,0.0840733823342073,0.4095024153236479,false,0.2467878988289276
naive,0.1,0.0900750510945905,0.07410310331026092,0.013505469141961601,0.3283312435602559,true,0.17091835635110875
naive,0.1,0.09103146649587199,0.06656444861372245,0.018737186710730214,0.34358501781097806,true,0.18116110226085413
naive,0.1,0.11585014316658296,0.012161163499539355,0.08509774988364435,0.4096437502874585,true,0.24737075008555143
naive,0.1,0.067308590387276,0.08770109977344107,0.006450992147418483,0.34439252121498953,true,0.17542175668120402
naive,0.1,0.05945577109072802,0.1835967290825175,-0.03309704727321347,0.31245185501679473,true,0.13967740387179062
naive,0.1,0.11783816015076619,0.11799991859857777,-0.007939323052788216,0.31201860637721757,true,0.15203964166221468
naive,0.1,0.1291123466718906,0.07604516191667303,0.01401075642405522,0.3706022944580989,true,0.19230652544107707
naive,0.1,0.11131500794682449,0.0992595204747437,0.0003351561089225963,0.30656237982790596,true,0.15344876796841428
naive,0.1,0.10498211392787372,0.09839348491638121,0.0008848386094499061,0.3722268092761495,true,0.18655582394279968
naive,0.1,0.07724930150635394,0.030283827459684692,0.05022777008894874,0.36706999205122715,true,0.20864888107008794
naive,0.1,0.08440766992453366,0.08783442242975784,-0.2883689228875376,-0.005340999181895401,false,-0.1468549610347165
naive,0.1,0.08278692504190578,0.016522529015931414,0.07280314419970749,0.3911571858184232,true,0.23198016500906532
naive,0.1,0.13077301614595407,0.07627964107200252,0.012419372024507602,0.33200943657997295,true,0.17221440430224028
naive,0.1,0.09540716241459016,0.010577373692101572,0.08835407136866502,0.4072318714757525,true,0.24779297142220877
naive,0.1,0.10559877608270388,0.1141437260211555,-0.007134161831196029,0.35385120027134703,true,0.1733585192200755
naive,0.1,0.11265084052582545,0.04483359762377931,0.03742135326585552,0.37809473992260323,true,0.20775804659422936
naive,0.1,0.07603817657884451,0.02468044431048725,0.05839197728366913,0.37774012610735624,true,0.21806605169551269
naive,0.1,0.13769071716378609,0.09451770405819962,0.0023815573538526202,0.29063192912928293,true,0.1465067432415678
naive,0.1,0.06407912836974948,0.0051243412583299236,0.1270920009508763,0.48931211335889585,false,0.3082020571548861
naive,0.1,0.11270765792029451,0.08190091112369392,0.010268972579070251,0.3662133652765782,true,0.18824116892782425
naive,0.1,0.10090328615109001,0.27485698459648805,-0.055444342295588436,0.27443995567022317,true,0.10949780668731736
naive,0.1,0.09307183328315506,0.28794050258871134,-0.05826271093692381,0.2709475509290406,true,0.1063424199960584
naive,0.1,0.0587393272765237,0.21465632459530973,-0.03775309862210453,0.2696715449400282,true,0.11595922315896183
naive,0.1,0.06494680490453242,0.04251850968224327,0.035592382754466884,0.3408637728905848,true,0.18822807782252585
naive,0.1,0.12164575967011075,0.0954323327481816,0.002300333886312622,0.3377468172808108,true,0.1700235755835617
naive,0.1,0.04947703813594325,0.11827306479459186,-0.007992359731729154,0.3095875061521789,true,0.15079757321022486
naive,0.1,0.08849175216789594,0.04275802666208098,0.03685262538983958,0.35487578793157615,true,0.19586420666070786
naive,0.1,0.12074746823783564,0.016384220067328047,0.08599923960665581,0.46052471390127436,true,0.2732619767539651
naive,0.1,0.083035943407039,0.06356596787302665,0.020615152621313027,0.3430070630130166,true,0.1818111078171648
naive,0.1,0.14498125290727806,0.000030925727513068024,0.2804720067716575,0.6463663162718771,false,0.4634191615217673
naive,0.1,0.13444682650285514,0.002474265420755548,0.1309539689693471,0.44276259666371254,true,0.2868582828165298
naive,0.1,0.12929795809506742,0.01587070483275082,0.07119603481635359,0.37655127321531934,true,0.22387365401583645
naive,0.1,0.1212214800439841,0.0042845389528176105,0.11491709339822007,0.4269470211944938,true,0.27093205729635694
naive,0.1,0.12062514045595851,0.04565083873307326,0.03789038891950519,0.39024918494990357,true,0.21406978693470438
naive,0.1,0.1118851698614606,0.04005232292074298,0.041577313996473464,0.37652387883043675,true,0.2090505964134551
naive,0.1,0.0965702063076707,0.2714431619776695,-0.05854968939281581,0.2947953015566913,true,0.11812280608193775
naive,0.1,0.10155934188194075,0.08464719867508295,0.007121554276932507,0.3018764702193683,true,0.1544990122481504
naive,0.1,0.10569972226008219,0.012262277510044505,0.08570305503197345,0.41367073926525394,true,0.2496868971486137
naive,0.1,0.10263157560652333,0.11278749898817673,-0.0055356561892525025,0.3027750591230036,true,0.14861970146687556
naive,0.1,0.1337056585617626,0.007092899721162559,0.09550115162872452,0.3953977488235668,true,0.24544945022614567
naive,0.1,0.09058443136217754,0.10165620378387719,-0.0008826559682572621,0.36313404558448303,true,0.18112569480811289
naive,0.1,0.07742270297123695,0.6264810806925658,-0.10866312271035822,0.19998802766504453,true,0.04566245247734315
naive,0.1,0.12602762194674477,0.034396269280005116,0.04722776559308686,0.3774121657971946,true,0.21231996569514075
naive,0.1,0.09823307964283144,0.01568903481685694,0.07216294281904045,0.379981724903316,true,0.22607233386117823
naive,0.1,0.10169695403918895,0.22262611888793526,-0.042529552192128076,0.28645405750410063,true,0.12196225265598627
naive,0.1,0.13605361004958438,0.13335289828821106,-0.013494030941531066,0.2951154228697646,true,0.14081069596411677
naive,0.1,0.08705619779481323,0.06778433165564021,0.017908410785684142,0.34234971353834187,true,0.18012906216201302
naive,0.1,0.11144923816462281,0.5500510136587029,-0.10028913192531103,0.21477136737575708,true,0.057241117725223035
naive,0.1,0.10499609277937935,0.05615496735041839,0.028335951971307477,0.3801281096614155,true,0.20423203081636152
naive,0.1,0.08986453522101305,0.16291245735200818,-0.02121092331460736,0.2584473210400168,true,0.1186181988627047
naive,0.1,0.10208308039231223,0.21739293059988443,-0.03620001898746274,0.25329451888700355,true,0.1085472499497704
naive,0.1,0.08143923529730615,0.1645401386831147,-0.02420345165156515,0.28817462645977954,true,0.13198558740410718
naive,0.1,0.13205255761131274,0.00025605853913541007,0.1959953045741613,0.5165725415500451,false,0.3562839230621032
naive,0.1,0.10591818207991048,0.037347331185017645,0.03760419222219963,0.32062574749850326,true,0.17911496986035144
naive,0.1,0.08022715583083233,0.1406370858552869,-0.015590060080059698,0.28357848953326836,true,0.13399421472660433
naive,0.1,0.10743396068171772,0.1736075548182888,-0.025483114714567268,0.26954350134941907,true,0.1220301933174259
naive,0.1,0.08642720628500036,0.06708397428549212,0.019637379445942293,0.36647585477375605,true,0.19305661710984917
naive,0.1,0.09674745054186938,0.013891619808797563,0.07633336794923337,0.38437358820156975,true,0.23035347807540157
naive,0.1,0.06446197174382273,0.03535607375341825,0.04785497461821145,0.3905364165152072,true,0.21919569556670931
naive,0.1,0.0977573130392225,0.11176913020202964,-0.005803425659114819,0.34410129663681277,true,0.16914893548884896
naive,0.1,0.04809868343675983,0.0945354563092865,0.002617854305403372,0.3205212301106396,true,0.1615695422080215
naive,0.1,0.12921876286857267,0.0035001982259792366,0.12874145984564625,0.4608745419556013,true,0.29480800090062376
naive,0.1,0.11621257207073561,0.01161224348954197,0.09896770018381754,0.4694188625722323,true,0.2841932813780249
naive,0.1,0.09489969042963535,0.0022376655085920637,0.1412420734155241,0.4703398908796097,false,0.3057909821475669
naive,0.1,0.11808426458542885,0.05641208790227896,0.0278042015960267,0.3756100234532118,true,0.20170711252461926
naive,0.1,0.085344312123035,0.006583554314755844,0.10850280980135482,0.4413620134542372,false,0.274932411627796
naive,0.1,0.08554365070931609,0.03935214836193548,0.038661931785876735,0.34466933499272606,true,0.1916656333893014
naive,0.1,0.10138350577536985,0.22554513825347033,-0.045164269414813774,0.29801838855527774,true,0.12642705957023198
naive,0.1,0.10177058601364979,0.07024018180382158,0.018542372802443308,0.38710499493408523,true,0.20282368386826427
naive,0.1,0.0721167480322592,0.03634541814380151,0.047691416680149645,0.3977470149689414,true,0.2227192158245455
naive,0.1,0.08279112127468573,0.274753634967529,-0.057185082534943504,0.28320108357703044,true,0.11300800052104348
naive,0.1,0.08815104253304233,0.18775844780565712,-0.030778805128049425,0.2782834935938328,true,0.12375234423289169
naive,0.1,0.13186829446898254,0.040415138881627226,0.04023915931505748,0.3673924374618728,true,0.20381579838846514
naive,0.1,0.07951567020403803,0.022291088076549937,0.07621522372389478,0.4676578590588797,true,0.27193654139138723
naive,0.1,0.1126760901863143,0.03248142133408567,0.04988602308016779,0.3823748193031006,true,0.2161304211916342
naive,0.1,0.09964811696424823,0.05559419797702795,0.02768212553836344,0.3657784165890525,true,0.19673027106370797
naive,0.1,0.1099394091565967,0.08489832836617844,0.007823918910876332,0.33741399785359427,true,0.1726189583822353
naive,0.1,0.16357657190591876,0.05173075602067437,0.03334624254809859,0.39838547515567313,true,0.21586585885188586
naive,0.1,0.11223844062438171,0.06333053817900329,0.018421739534082104,0.30426716755436845,true,0.16134445354422527
naive,0.1,0.10881586764181168,0.0013696780903784116,0.1503790288396253,0.46828862726371123,false,0.30933382805166826
naive,0.1,0.07171414862608329,0.02332796304812339,0.06044406588699616,0.37952924362792195,true,0.21998665475745907
naive,0.1,0.09333170882964618,0.001416468323348631,0.14850062529044045,0.46440667686512077,false,0.3064536510777806
naive,0.1,0.1400701247495558,0.0014183797476536827,0.18512246439260804,0.579033561789051,false,0.3820780130908295
naive,0.1,0.09729696359739376,0.049217887432718876,0.0310961364670026,0.34894159369453026,true,0.19001886508076643
naive,0.1,0.08893332475946472,0.2541403535720192,-0.052363243539817875,0.28908102973590327,true,0.11835889309804269
naive,0.1,0.07946028885543159,0.014972315552575057,0.07613604287035,0.39390701191876254,true,0.23502152739455628
naive,0.1,0.10268437470284207,0.1421782152894848,-0.01736010398219967,0.3050638732810509,true,0.1438518846494256
naive,0.1,0.09862974159651858,0.005793082081299796,0.10846424324134185,0.4286461115210062,false,0.268555177381174
naive,0.1,0.1060373085167876,0.03875301643548668,0.04767783014878568,0.41939842013166084,true,0.23353812514022326
naive,0.1,0.06827568859007738,0.06282435203115087,0.021580903378056765,0.3509027637288875,true,0.18624183355347212
naive,0.1,0.10612754575662722,0.19921538232751293,-0.035571468589556676,0.2885259096791377,true,0.12647722054479052
naive,0.1,0.1420993942748707,0.02555196198300303,0.05337425750872152,0.35193827426425006,true,0.20265626588648578
naive,0.1,0.06896507558386106,0.1579020381332646,-0.020235711593856495,0.26585016990190286,true,0.12280722915402319
naive,0.1,0.10056501339496043,0.05820072973465413,0.02387660935543251,0.33890996526641826,true,0.18139328731092538
naive,0.1,0.1287841507040819,0.006495942657006652,0.10518134204464635,0.42652339543873574,true,0.26585236874169105
naive,0.1,0.12154987848816715,0.021390789006702538,0.05845089557228367,0.35149826620320507,true,0.20497458088774437
naive,0.1,0.11477809039316007,0.021308723658722394,0.07046911635441191,0.42298927473654513,true,0.24672919554547854
naive,0.1,0.10355660469388143,0.0335263287291735,0.047216598884514294,0.3702331788694283,true,0.2087248888769713
naive,0.1,0.11305545666018034,0.07661789895227812,0.012192489144642826,0.331023302802997,true,0.17160789597381992
naive,0.1,0.137672294479768,0.11723915005163148,-0.009132386415915128,0.37413668731094063,true,0.18250215044751275
naive,0.1,0.1435736857805676,0.048274460042698454,0.03622400910853668,0.39723498474187235,true,0.21672949692520452
naive,0.1,0.09538145883739703,0.014144985478396955,0.07931716711009393,0.4019685014014033,true,0.2406428342557486
naive,0.1,0.13955655029784153,0.017852350154511667,0.08570036560055258,0.47520597273248,true,0.2804531691665163
naive,0.1,0.10096273928521557,0.0312837339667422,0.05059936513469404,0.37788990984301013,true,0.21424463748885209
naive,0.1,0.11962732753046541,0.06943953160622214,0.01745184617356496,0.3537899167289197,true,0.18562088145124234
naive,0.1,0.14871465900865594,0.017346242840207308,0.08100562996361632,0.44385054042510347,true,0.2624280851943599
naive,0.1,0.14246622373409956,0.002852849976349768,0.13860764144405463,0.47931973735968075,true,0.3089636894018677
naive,0.1,0.12748311342877425,0.08457062952776676,0.007413292785794945,0.3126128254589301,true,0.16001305912236252
naive,0.1,0.11160943627744621,0.004216405270411522,0.13044427058282876,0.48315415711305704,false,0.3067992138479429
naive,0.1,0.09275407200020001,0.27341657765983846,-0.05942281743748748,0.2962444103194757,true,0.11841079644099411
naive,0.1,0.10538515788865954,0.08288607829378757,0.009274075338902593,0.3508177085780231,true,0.18004589195846285
naive,0.1,0.06752628333522863,0.04273850807742596,0.038852792075089876,0.37396908584605526,true,0.20641093896057258
naive,0.1,0.14087394365088213,0.12318042216514687,-0.009946707558917495,0.3068388115109326,true,0.14844605197600758
naive,0.1,0.11755232902945223,0.29389514599375754,-0.06270395485775818,0.28384221113889685,true,0.11056912814056932
naive,0.1,0.05722040089598421,0.06748168348037735,0.018922058629162686,0.35796590368378617,true,0.18844398115647443
naive,0.1,0.12584856281977624,0.2237507581413051,-0.04788244935561958,0.31994802336342676,true,0.1360327870039036
naive,0.1,0.14563537202482135,0.044404787790208455,0.03205944683495893,0.3206948690563279,true,0.1763771579456434
naive,0.1,0.10411580175709996,0.017283024758840807,0.06849450511164196,0.37473786672441384,true,0.2216161859180279
naive,0.1,0.07183182016689424,0.1390973945354345,-0.3356916595445403,0.017804580852870205,false,-0.15894353934583505
naive,0.1,0.06662139459881879,0.016523244356918244,0.06827772233064588,0.36684926655972616,false,0.21756349444518602
naive,0.1,0.0832562886392443,0.08757467691040703,0.006051775350993077,0.3196772367088243,true,0.16286450602990868
naive,0.1,0.10509186054187504,0.02900662167697983,0.044668937181330554,0.317530629971696,true,0.1810997835765133
naive,0.1,0.06840126868699653,0.12061362694894044,-0.009356120462971768,0.32284822831401494,true,0.1567460539255216
naive,0.1,0.09209328884902686,0.03598689385890995,0.04779306676518727,0.39546577679181893,true,0.22162942177850312
naive,0.1,0.08914226415335598,0.006979775691698715,0.1184039519700984,0.48832925756188234,false,0.30336660476599037
naive,0.1,0.1118454915219459,0.0031859565811950498,0.12559375254199673,0.44235473926453245,false,0.2839742459032646
naive,0.1,0.0772036506461007,0.0378741415001811,0.04849406571531592,0.4183268172733622,true,0.23341044149433907
naive,0.1,0.08923302241135529,0.024428149675478853,0.06406852905617008,0.4121704675871035,true,0.23811949832163679
naive,0.1,0.10293093770755904,0.19183936594550602,-0.0332315477830161,0.28859116264409,true,0.12767980743053695
naive,0.1,0.131384727478994,0.029817961186991135,0.05262874905122891,0.38075218465134053,true,0.21669046685128474
naive,0.1,0.13087773589557908,0.06198063855884599,0.023341600619972203,0.3698838236296216,true,0.1966127121247969
naive,0.1,0.1249885957893512,0.014488855225244256,0.07592370046944119,0.3881103890649371,true,0.23201704476718915
naive,0.1,0.09236933662732437,0.23106344632680267,-0.04850908150646188,0.3083113331711607,true,0.12990112583234942
naive,0.1,0.11897699476858327,0.11660380327614454,-0.007407759731393682,0.31466484824755875,true,0.15362854425808253
naive,0.1,0.11364807118051984,0.005672086200153196,0.10490433536130309,0.4126746753256828,true,0.25878950534349293
naive,0.1,0.10957835380775484,0.0829427848411642,0.008147923791097633,0.30929538654476163,true,0.15872165516792963
naive,0.1,0.12175015899978117,0.004588664458220385,0.1273488611057135,0.4794820420669176,false,0.30341545158631555
naive,0.1,0.07187887993767447,0.028353474510706873,0.054488305901877726,0.381882408046069,true,0.21818535697397337
naive,0.1,0.14180836330033866,0.009668258558775253,0.10053997301458392,0.4514205663559754,true,0.27598026968527967
naive,0.1,0.08845331764656693,0.1425946954558299,-0.0188548628594023,0.32833007631666866,true,0.15473760672863318
naive,0.1,0.056248121180718515,0.006142334629304554,0.10022861562897417,0.4012817916988087,false,0.2507552036638914
naive,0.1,0.09625614423284047,0.0018933457375436373,0.15493256357979357,0.5036439443343382,false,0.3292882539570659
naive,0.1,0.10282205456468033,0.1389506647453845,-0.01775587697866493,0.33594608815826615,true,0.1590951055898006
naive,0.1,0.18103082133459297,0.001335943965859762,0.20344659091646605,0.631568940669708,false,0.417507765793087
naive,0.1,0.07278190619429734,0.02353333593230849,0.06651998414737395,0.4195819117316454,true,0.24305094793950965
naive,0.1,0.12949418701036555,0.1554739808154136,-0.02298604280957564,0.3139983451441586,true,0.1455061511672915
naive,0.1,0.07899449685449579,0.21603277237738028,-0.04357283328937944,0.30800747272670853,true,0.13221731971866454
naive,0.1,0.07271637736411034,0.2424623754273572,-0.04254157913287851,0.25147000172267964,true,0.10446421129490055
naive,0.1,0.10658147455166007,0.06541067438502611,0.018560133238493426,0.32757489941324636,true,0.1730675163258699
naive,0.1,0.04583783797765688,0.21608799678376653,-0.03828918590511128,0.27054575837757305,true,0.11612828623623088
naive,0.1,0.1638954115058781,0.05631917653407303,0.02562106453720958,0.3452437742530153,true,0.18543241939511243
naive,0.1,0.1126308917685696,0.0036027536696488388,0.12186139293619314,0.43848250988475534,false,0.28017195141047424
naive,0.1,0.07917652607281211,0.020988466483633336,0.07783971719556115,0.46387185130716235,true,0.27085578425136175
naive,0.1,0.10214471013494747,0.06412664009583836,0.022969595989691644,0.38899124654191775,true,0.20598042126580468
naive,0.1,0.11647746741367355,0.005484173481177399,0.11286716184872614,0.44079141454719784,true,0.276829288197962
naive,0.1,0.07960609484853967,0.006460768163396661,0.09545668688527556,0.3866036375106776,false,0.24103016219797657
naive,0.1,0.11248535450993856,0.0024725662974164906,0.13471142489295368,0.4554185557420893,false,0.2950649903175215
naive,0.1,0.09881979644193925,0.04771245903155549,0.034579284759821,0.3740808068862739,true,0.20433004582304745
naive,0.1,0.071950546363619,0.02849304123635953,0.061773119348171895,0.4342514011043206,true,0.24801226022624626
naive,0.1,0.08225349687790393,0.022876848485798126,0.059245498234604455,0.36830137159620374,true,0.2137734349154041
naive,0.1,0.11234907008422737,0.009795874874098772,0.09622152052163177,0.43364923920396203,true,0.2649353798627969
naive,0.1,0.14378211755333972,0.005808941619133076,0.11272576049354327,0.4457544497614913,true,0.2792401051275173
naive,0.1,0.02929696386719826,0.020735459484702977,0.06538178212939844,0.3874100109765308,false,0.22639589655296463
naive,0.1,0.09992026328470904,0.2792422805668517,-0.05844030699998963,0.28313940427121304,true,0.11234954863561171
naive,0.1,0.1261199012820039,0.002455738739507533,0.1344326662600688,0.45399886558353175,false,0.29421576592180027
naive,0.1,0.05279287872535917,0.1030794337374412,-0.0015279325522804255,0.3392662775199302,true,0.1688691724838249
naive,0.1,0.12679683178879012,0.0650985560607645,0.017606585276084635,0.30760487760642075,true,0.1626057314412527
naive,0.1,0.11556236278548121,0.007476694460874101,0.08961948237932224,0.37586060634510465,true,0.23274004436221346
naive,0.1,0.12220594294721808,0.18103568291719127,-0.03368383199376382,0.32693093956409014,true,0.14662355378516317
naive,0.1,0.09665078892229585,0.00009484190656973887,0.2253920717586852,0.5536857641240127,false,0.389538917941349
naive,0.1,0.11124188059647248,0.001119247696887627,0.18211352487881252,0.5533390399323246,false,0.36772628240556854
naive,0.1,0.09906150569757391,0.16043826093436717,-0.02484790421854996,0.31397406301085307,true,0.14456307939615154
naive,0.1,0.09777920482212428,0.006073198842563804,0.12543055323653063,0.5009072081784094,false,0.31316888070747
naive,0.1,0.10716335719304818,0.18858453935655167,-0.03556509281381043,0.3188952711848502,true,0.1416650891855199
naive,0.1,0.14260438671810674,0.23420775273172192,-0.04279448930879015,0.2664355837730005,true,0.11182054723210516
naive,0.1,0.11820691557520936,0.039722378490461306,0.041922875723080066,0.3768519901171834,true,0.20938743292013173
naive,0.1,0.09834200838535125,0.3074067209642517,-0.06503537297749734,0.27773282559653384,true,0.10634872630951825
naive,0.1,0.11234031018645224,0.004825904135980415,0.13107675380607334,0.4985039915831704,false,0.31479037269462185
naive,0.1,0.08745087360619376,0.007241561786160731,0.09947618556078788,0.41393379971988964,false,0.25670499264033875
naive,0.1,0.0900224553290677,0.08144989261676516,0.009237006301956757,0.32095949322872286,true,0.1650982497653398
naive,0.1,0.09223879025337695,0.005037741969322103,0.12914532325389913,0.49547237370768027,false,0.3123088484807897
naive,0.1,0.09494252942102743,0.027838385904144742,0.06260329915587864,0.4338769797675227,true,0.24824013946170068
naive,0.1,0.09574650543095893,0.13666765053015054,-0.016355116645341977,0.32735426186127203,true,0.15549957260796504
naive,0.1,0.10658593708595906,0.2444733422375025,-0.05188099506293914,0.30296730940806654,true,0.1255431571725637
naive,0.1,0.06544973803847311,0.07170706262649255,-0.3947120602442199,-0.017883190524415532,false,-0.20629762538431773
naive,0.1,0.0951256268302865,0.11449429256952616,-0.00545744316629207,0.2643434200307938,true,0.12944298843225088
naive,0.1,0.07192729652700733,0.07150014984367985,0.016105690679585477,0.3526465696462979,true,0.18437613016294171
naive,0.1,0.037818534808776984,0.12571938349947792,-0.28193496998162093,0.010088695436874018,false,-0.13592313727237346
naive,0.1,0.11128417877248788,0.038898572470634746,0.04184466055686489,0.3692832251415977,true,0.20556394284923132
naive,0.1,0.0688746340312093,0.21408481082554356,-0.04483911378579952,0.32169190311537244,true,0.13842639466478646
naive,0.1,0.12684143683891272,0.03476394716073041,0.04555516681735067,0.3669818429399337,true,0.20626850487864218
naive,0.1,0.08022815463017494,0.14821186559811084,-0.019270357458609638,0.29932812424277355,true,0.14002888339208197
naive,0.1,0.09172376847487913,0.15605760136529728,-0.025340414337005818,0.34287298176560654,true,0.15876628371430035
naive,0.1,0.10557911392916286,0.08940452218913447,0.00529599727316471,0.3297717680664158,true,0.16753388266979025
naive,0.1,0.10522337744790972,0.3048467453962655,-0.05955420804297881,0.2570732181762555,true,0.09875950506663836
naive,0.1,0.09109034333022038,0.08044036927798882,0.009923463116050968,0.32599952204853133,true,0.16796149258229115
naive,0.1,0.12563981879664352,0.03795777454606172,0.04449330173336516,0.38452728553493853,true,0.21451029363415183
naive,0.1,0.044689262806184835,0.051150296445083794,0.03090021641685542,0.36379137411874723,true,0.19734579526780133
naive,0.1,0.07670988182949823,0.2256065157908361,-0.04560421081357355,0.3007930963079284,true,0.1275944427471774
naive,0.1,0.08134938976221151,0.3050366647738804,-0.07085109268037071,0.30559253774448525,true,0.11737072253205727
naive,0.1,0.13088844867727858,0.021474813022996884,0.06619431233083142,0.39881609618836933,true,0.23250520425960036
naive,0.1,0.09139782065110186,0.1986422048933105,-0.3255873671228812,0.03993604557123215,false,-0.14282566077582454
naive,0.1,0.09431769285891438,0.1965189263959185,-0.030320186928444,0.25198581467139386,true,0.11083281387147494
naive,0.1,0.10068136738358247,0.009721153792347679,0.09293892515401944,0.41794045377505673,true,0.2554396894645381
naive,0.1,0.12523819450122145,0.011230421805810435,0.09406615123186723,0.4415315954615374,true,0.2677988733467023
naive,0.1,0.1046634453174903,0.009112286377160193,0.11001029294050069,0.4858328587871389,false,0.2979215758638198
naive,0.1,0.10440630953476766,0.07112960429875165,0.015273569819279575,0.32971028044695627,true,0.17249192513311792
naive,0.1,0.114328859100162,0.0029263310309629834,0.12144982578156743,0.42173449172284766,false,0.27159215875220755
naive,0.1,0.08448689855234873,0.0764695591727544,0.013489190432616427,0.3637443938695376,true,0.18861679215107702
naive,0.1,0.10494877859093941,0.0037166565197984504,0.13699344691146115,0.4956898322083198,false,0.3163416395598905
naive,0.1,0.08056112023509669,0.11497838070803701,-0.007054210775412517,0.3309942275576749,true,0.16197000839113118
naive,0.1,0.05316632406520978,0.09613657495283988,0.0018692161009322417,0.32507513354726447,true,0.16347217482409837
naive,0.1,0.1070579042532027,0.11895353249100858,-0.007842974083605875,0.29331630506760753,true,0.1427366654920008
naive,0.1,0.0716021149519004,0.039029805694925646,0.04127692073503822,0.36534103977062904,true,0.20330898025283364
naive,0.1,0.13797968753027978,0.6458742593834167,-0.11543325053500088,0.20492853123148447,true,0.04474764034824179
naive,0.1,0.16031320076613048,0.0012152727069107186,0.14790974676108065,0.45385442230892087,true,0.30088208453500076
naive,0.1,0.06204438382413132,0.0412185940467483,0.034301080712520166,0.3189135256876825,true,0.17660730320010132
naive,0.1,0.10968159294535783,0.23813738135780396,-0.045581736116863614,0.27675505008636603,true,0.11558665698475121
naive,0.1,0.11263943230886492,0.036793517654118174,0.04161047784422925,0.35047345615737147,true,0.19604196700080034
naive,0.1,0.1347232157571736,0.09569376971218355,0.002013783221251897,0.31384027004035736,true,0.15792702663080463
naive,0.1,0.132063053976391,0.3878858026568643,-0.07755506123106629,0.2489548128251937,true,0.0856998757970637
naive,0.1,0.11917976737082134,0.006211413597321774,0.13009306876209997,0.5221655910526772,false,0.3261293299073886
naive,0.1,0.10930130922702089,0.007383757570557893,0.09581448977540058,0.40060206241248664,true,0.2482082760939436
naive,0.1,0.11570218106511272,0.06350394323072771,0.022581104618617648,0.3749895061112032,true,0.19878530536491043
naive,0.1,0.11509577407911152,0.0992912380972024,0.00034552322837005933,0.3302147950459998,true,0.16528015913718494
naive,0.1,0.09381403375324018,0.04245083385877871,0.03274065044699745,0.313067732467572,true,0.17290419145728475
naive,0.1,0.1312981923498882,0.16634279653912692,-0.024989790924358046,0.2902261303507127,true,0.13261816971317733
naive,0.1,0.0930675040409999,0.017171397317098942,0.07242295164230939,0.39518386099571434,true,0.23380340631901186
naive,0.1,0.07685667856652897,0.04654574872414019,0.03860749154812443,0.40615160207652123,true,0.22237954681232283
naive,0.1,0.06450667954156646,0.012379745966084613,0.0873160154651659,0.42277298110050754,false,0.2550444982828367
naive,0.1,0.0898392244130585,0.03625998217879226,0.04727687192086433,0.3935494577178764,true,0.22041316481937037
naive,0.1,0.08781887397459433,0.43472741387127956,-0.08388729316189945,0.23561755914155103,true,0.07586513298982579
naive,0.1,0.09764019473597782,0.1937447403467769,-0.03478995978398661,0.2966833547201101,true,0.13094669746806173
naive,0.1,0.10573800149888156,0.04441330932469884,0.039712707723496915,0.39733027943885,true,0.21852149358117348
naive,0.1,0.08861788124836664,0.028063168059095023,0.05801248315595098,0.404027493660961,true,0.231019988408456
naive,0.1,0.10010448480508898,0.027245358338514106,0.05828750700206539,0.39879247050408917,true,0.2285399887530773
naive,0.1,0.06119763129847214,0.21979615786482307,-0.04083826212382363,0.2807301885141146,true,0.11994596319514547
naive,0.1,0.09538726444529533,0.14028061965035302,-0.017763973445226816,0.32577476067764455,true,0.15400539361620888
naive,0.1,0.09005885594438795,0.02889958239888517,0.047012624680421666,0.33341592017891447,true,0.19021427242966807
naive,0.1,0.1663741826802946,0.010197301386558744,0.09597582478572908,0.4375989764087873,true,0.2667874005972582
naive,0.1,0.06367828402091222,0.09002607531379804,0.0049864863734286335,0.33042196431526205,true,0.16770422534434534
naive,0.1,0.15798319171857914,0.0019179556787891872,0.1271503474719395,0.41408142634767864,true,0.2706158869098091
naive,0.1,0.07771126843112575,0.04262964921618193,0.038140752711988746,0.36620032842154404,true,0.2021705405667664
naive,0.1,0.08721491192600421,0.07715506067498394,0.01303089283279843,0.36273411871348593,true,0.1878825057731422
naive,0.1,0.12189472658160395,0.025666689021883408,0.05808816835820621,0.383982888176187,true,0.2210355282671966
naive,0.1,0.10245946310361431,0.10798655326770107,-0.0036440253885868246,0.3156518957375396,true,0.1560039351744764
naive,0.1,0.11216701579671898,0.11987008599807049,-0.008336428827198261,0.2979634682072169,true,0.14481351969000933
naive,0.1,0.08100262814222081,0.19430667427450002,-0.034803345747371345,0.29523283214302043,true,0.13021474319782453
naive,0.1,0.1132509829865642,0.0010236421013438792,0.16171390538973646,0.48627835760491206,false,0.32399613149732426
naive,0.1,0.0911782915379907,0.21495953722382852,-0.04108602011379969,0.2928008068183619,true,0.1258573933522811
naive,0.1,0.10251428580336717,0.0011683139428284716,0.1509207718696923,0.4609040586027505,false,0.3059124152362214
naive,0.1,0.14030558792263464,0.0006965674322336122,0.16210693606347723,0.4675262163950342,false,0.31481657622925574
naive,0.1,0.13317926455215098,0.007881270253671083,0.0920601895680383,0.3912430613117449,true,0.2416516254398916
naive,0.1,0.07411368223064717,0.08238940074489214,0.010212142050222417,0.3748446616183594,true,0.1925284018342909
naive,0.1,0.08590227210816638,0.13681878170925743,-0.015232867459493982,0.3037242654626877,true,0.14424569900159687
naive,0.1,0.11765154408391788,0.00953621958147911,0.09739853477761054,0.43561704836226656,true,0.26650779156993853
naive,0.1,0.09301640607092405,0.014897759084731219,0.07631155875977688,0.3940865694064781,true,0.2351990640831275
naive,0.1,0.098548200498921,0.1813909634698986,-0.03003716478825766,0.29040178387635585,true,0.13018230954404908
naive,0.1,0.0668789453916998,0.1797355049288661,-0.02876882809445397,0.28328553188686234,true,0.12725835189620419
naive,0.1,0.09502916993948382,0.021289433481868944,0.06253940552600623,0.3752284787468835,true,0.21888394213644485
naive,0.1,0.1067782469433308,0.37092095278541937,-0.07302257008568216,0.24723018537166588,true,0.08710380764299186
naive,0.1,0.12412188826774447,0.18268186077490114,-0.033495624161367005,0.3193286023597368,true,0.1429164890991849
naive,0.1,0.11975665494200607,0.3045713898098459,-0.06179309156765356,0.26704822283965757,true,0.102627565636002
naive,0.1,0.10105433655641294,0.05662689231793635,0.028196416244438888,0.38314740327180963,true,0.20567190975812427
naive,0.1,0.14407350888727602,0.03278892267932998,0.05411480886174036,0.4175695687998894,true,0.23584218883081487
naive,0.1,0.13779829642626193,0.39332655668621275,-0.07771140816983757,0.24538075069203558,true,0.083834671261099
naive,0.1,0.07806884403959913,0.05038537822099819,0.028881524295114647,0.33357824549410453,true,0.1812298848946096
naive,0.1,0.09247771897680122,0.016357481436737677,0.07658692402802936,0.4098581673620705,true,0.24322254569504992
naive,0.1,0.08965536420940716,0.06169220981136871,0.022446429994244926,0.35261815432524357,true,0.18753229215974426
naive,0.1,0.13497107000559536,0.07887624688273276,0.011302678256717463,0.3421365164929612,true,0.1767195973748393
naive,0.1,0.06328917818770384,0.005294023649927116,0.10929935689703524,0.42367872613375596,false,0.2664890415153956
naive,0.1,0.12233448278104891,0.6646275025845094,-0.12458450017729614,0.2137623990729212,true,0.04458894944781252
naive,0.1,0.09431376603167882,0.01287422924375625,0.08380935057560779,0.41110766837863677,true,0.24745850947712228
naive,0.1,0.08964770461200454,0.1268028087423667,-0.01142421677236835,0.3070115522854465,true,0.1477936677565391
naive,0.1,0.068902238975647,0.09334257278984187,0.0030557269874736115,0.30611816070863085,true,0.15458694384805224
naive,0.1,0.09411513090333637,0.04869847865321966,0.033581585756605636,0.3720750367491542,true,0.20282831125287992
naive,0.1,0.07437582217658298,0.0035952409759948643,0.12288585029526108,0.44200434915361575,false,0.28244509972443843
naive,0.1,0.10392659893630374,0.058733972936123965,0.023039344879402485,0.33198652139229845,true,0.17751293313585045
naive,0.1,0.06940804653254537,0.1536142097078972,-0.01999075337727388,0.28171554517409503,true,0.1308623958984106
naive,0.1,0.11704209905235881,0.04604590123453689,0.03404978956053306,0.3539808552665818,true,0.19401532241355743
naive,0.1,0.10688644429252012,0.07443750273552172,0.013762850445799224,0.33934426285433794,true,0.17655355665006858
naive,0.1,0.09598243897003675,0.006574245537477901,0.09843579285987653,0.4002801315166239,false,0.2493579621882502
naive,0.1,0.1120644422771434,0.029037763548912004,0.053693179431481,0.38193760866240184,true,0.21781539404694142
naive,0.1,0.10734306440563766,0.0022523827240403145,0.14884273459532646,0.4961338146471308,false,0.32248827462122864
naive,0.1,0.09408129159685613,0.40180533298545607,-0.08736423294765588,0.2690148835065013,true,0.09082532527942272
naive,0.1,0.13595153906255827,0.6160052775094328,-0.12465053379928812,0.23400569659551487,true,0.054677581398113385
naive,0.1,0.13042091995749333,0.04437400356509348,0.03605589966843897,0.36041351455237697,true,0.19823470711040797
naive,0.1,0.10266156523111925,0.166892920931925,-0.02536843710195147,0.2924369033667066,true,0.13353423313237756
naive,0.1,0.08245509509162725,0.03430333270401511,0.04730520031642685,0.3772648056127853,true,0.2122850029646061
naive,0.1,0.0800895370724631,0.007508924987832838,0.10763222903834854,0.45188749844553455,false,0.27975986374194156
naive,0.1,0.08355325786680483,0.03206224165007914,0.04861888513394072,0.3692850083670921,true,0.20895194675051643
naive,0.1,0.11014057947358653,0.1318047400649361,-0.30035946361288446,0.013134621500678373,false,-0.14361242105610303
naive,0.1,0.10183668715776355,0.04664266042336082,0.030565255029564142,0.3222897673087807,true,0.1764275111691724
naive,0.1,0.04342329012172898,0.42579844030517505,-0.08823297797768664,0.2538733298402045,true,0.08282017593125893
naive,0.1,0.08739160762735974,0.031256016298926895,0.04892901947169634,0.36519570296151294,true,0.20706236121660462
naive,0.1,0.15935677515337948,0.055959770194172025,0.03026221747814614,0.40382932889055545,true,0.21704577318435078
naive,0.1,0.10727738236886243,0.44101949628549586,-0.08628601958296347,0.2383502589300078,true,0.07603211967352216
naive,0.1,0.08393253673998259,0.0347052265551923,0.043924675121954804,0.35339310755093034,true,0.19865889133644257
naive,0.1,0.10630192535535246,0.0054141376520954404,0.12652215598328398,0.4927692567876637,false,0.30964570638547384
naive,0.1,0.1294406687387447,0.022475405718130264,0.06181761400530614,0.38087542701389476,true,0.22134652050960044
naive,0.1,0.06901741574750443,0.04297924823721117,0.036736448171407504,0.35555881522486,true,0.19614763169813373
naive,0.1,0.07928852468835082,0.0009821887490211476,0.15091544567880003,0.4516725945858546,false,0.3012940201323273
naive,0.1,0.10309351012704134,0.15341475403483826,-0.02293856730199506,0.324359888612508,true,0.15071066065525646
naive,0.1,0.09503746692243163,0.011503773754825534,0.09629891339832475,0.4554129059665467,false,0.27585590968243573
naive,0.1,0.07957639291108537,0.015280291417140116,0.08114266648229712,0.42301140263438824,false,0.2520770345583427
naive,0.1,0.07155073425376109,0.10455056290477033,-0.0020381957713971333,0.30735172250177345,true,0.15265676336518816
naive,0.1,0.10715410099681183,0.002988918677999161,0.12764102457556203,0.4447820611766561,false,0.28621154287610906
naive,0.1,0.1344802558536949,0.01878962710562824,0.0728814853714598,0.41304926865331826,true,0.24296537701238904
naive,0.1,0.09300799723759438,0.09799317693261736,0.0009207933997433249,0.30976806395915674,true,0.15534442867945003
naive,0.1,0.11673841667528166,0.0026483808596383493,0.13890161458872355,0.47464465637084874,false,0.30677313547978613
naive,0.1,0.043915278556468755,0.10807072067181052,-0.004524231148034241,0.3878858714924843,true,0.19168082017222504
naive,0.1,0.12300862398260813,0.003779837065175603,0.12519445404019225,0.45438188482225106,false,0.28978816943122165
naive,0.1,0.15229075971772468,0.035599567550006296,0.04575269257545625,0.3753781013123555,true,0.21056539694390589
naive,0.1,0.09687074435858886,0.18671108650722204,-0.03486810114457567,0.3186360185430396,true,0.14188395869923195
naive,0.1,0.10850482936604153,0.1746267976863817,-0.03062349363953587,0.3199461780384478,true,0.14466134219945598
naive,0.1,0.11876236883090867,0.10256664893063076,-0.0012559920219796794,0.3341821317928616,true,0.16646306988544096
naive,0.1,0.1317564316576827,0.02528195668216797,0.07075276393427496,0.4637797759302299,true,0.26726626993225244
naive,0.1,0.10021058946321874,0.036014772396730246,0.04511192863795366,0.3735092437303027,true,0.20931058618412818
naive,0.1,0.09936705779208364,0.1050937330781556,-0.0028555024557294917,0.3851830234805761,true,0.1911637605124233
naive,0.1,0.04805953563668391,0.4703916225800083,-0.0959437477824755,0.246009521878995,true,0.07503288704825975
naive,0.1,0.10636930111205316,0.21315702919296706,-0.04342440314246812,0.3137788341447636,true,0.13517721550114772
naive,0.1,0.11717205258610844,0.10440152325718131,-0.0021599491832516027,0.3366197714396263,true,0.16722991112818736
naive,0.1,0.11005867529433917,0.038212731213044464,0.03950631390563325,0.34336553469389275,true,0.191435924299763
naive,0.1,0.08145960048735455,0.0270453104827876,0.062175510488875124,0.4235461148627062,true,0.24286081267579068
naive,0.1,0.12452550697607913,0.07658937774898772,0.011954852805440591,0.3241460983383998,true,0.1680504755719202
naive,0.1,0.1061614390227314,0.13128363645413968,-0.014391479182116695,0.33425153643417815,true,0.15993002862603073
naive,0.1,0.15176412030761624,0.09514631984097437,0.0025504620069729256,0.35213989863034456,true,0.17734518031865873
naive,0.1,0.059680263748762896,0.24114020177843148,-0.04687401845245441,0.27933262917461127,true,0.11622930536107844
naive,0.1,0.11626668533326924,0.222439023714264,-0.038978618797240405,0.26288730157107587,true,0.11195434138691773
naive,0.1,0.1281529036720986,0.17353014207809564,-0.026644488704215902,0.2820938413933757,true,0.1277246763445799
naive,0.1,0.13231218970309785,0.006400238761976529,0.1103641371829831,0.44601229329381553,true,0.2781882152383993
naive,0.1,0.05887109570565863,0.06009631176480319,0.022078295999109793,0.33084117755576237,true,0.1764597367774361
naive,0.1,0.13012116757008887,0.008903960553365993,0.09360230062492769,0.41076669660508003,true,0.25218449861500386
naive,0.1,0.10749763382640981,0.0015800829438244507,0.15501416734554757,0.49168119026498064,false,0.3233476788052641
naive,0.1,0.0728281101380724,0.0356829664844359,0.0466262054835439,0.38324522171390235,true,0.21493571359872313
naive,0.1,0.09379051373787953,0.08620956674956566,0.006820072960529444,0.32332542690008065,true,0.16507274993030505
naive,0.1,0.10812947620631959,0.0006484138266362369,0.17420764486363918,0.49878494823622355,false,0.33649629654993135
naive,0.1,0.12266759648006165,0.025647440607106664,0.06129669632349785,0.40502188893845603,true,0.23315929263097693
naive,0.1,0.1281480162438514,0.06490209748903458,0.02010716791085826,0.34906714343938,true,0.18458715567511913
naive,0.1,0.085432357238729,0.16274236851094404,-0.027491260922336808,0.33579288210407754,true,0.15415081059087038
naive,0.1,0.09739231435141764,0.15254596703012474,-0.01953045181563054,0.2803400382671184,true,0.13040479322574391
naive,0.1,0.1296235370612405,0.0070518415474767225,0.10866380215362526,0.44926506378680975,true,0.2789644329702175
naive,0.1,0.16515698022290723,0.05626570645928062,0.022579684585180282,0.30381933143240214,true,0.1631995080087912
naive,0.1,0.08444147700920215,0.2535224052789497,-0.04531973354185652,0.2510685011437182,true,0.10287438380093085
naive,0.1,0.12078535656930284,0.31844128697341434,-0.06288188424888899,0.25675189829999356,true,0.0969350070255523
naive,0.1,0.07390863207110544,0.11193674226848957,-0.005632543052528249,0.32940378108572627,true,0.161885619016599
naive,0.1,0.1264072569611014,0.09435019702410653,0.002760855853739669,0.3267847621975989,true,0.1647728090256693
naive,0.1,0.11523888949068803,0.07462330263546382,0.014421782250010146,0.358416430784951,true,0.18641910651748056
naive,0.1,0.10748238673700095,0.18334633515611565,-0.030636513987796876,0.2899967314064167,true,0.1296801087093099
naive,0.1,0.11627544952077,0.1675875279985863,-0.024662619094570876,0.28166476333073887,true,0.12850107211808398
naive,0.1,0.14298655843889974,0.003680688736683206,0.12468526735013605,0.450365075290015,true,0.28752517132007555
naive,0.1,0.12248165564127655,0.05294031946395363,0.024977975330796154,0.30778352981859275,true,0.16638075257469445
naive,0.1,0.09671351054341538,0.056653920879261244,0.028625461299532196,0.38926502680834263,true,0.2089452440539374
naive,0.1,0.10739938453416986,0.17063402383301476,-0.030737737702804968,0.3373873807363948,true,0.1533248215167949
naive,0.1,0.11688230930097512,0.0011688535230546479,0.1806343052053244,0.5516780671852365,false,0.36615618619528045
naive,0.1,0.10285711225237486,0.044799682278523836,0.03523898922893709,0.35576258349201995,true,0.19550078636047852
naive,0.1,0.08307076082257142,0.17155304295060417,-0.3003733573152506,0.027685337069094457,false,-0.1363440101230781
naive,0.1,0.08325217147382051,0.15116658749497003,-0.02090304479402938,0.3074391305821861,true,0.14326804289407835
naive,0.1,0.0756470688185183,0.06733765794178692,0.020732667276626288,0.3902839338004874,true,0.20550830053855687
naive,0.1,0.09556842381528725,0.47056873793784243,-0.09422904581348061,0.24150808845643168,true,0.07363952132147554
naive,0.1,0.0705965720650617,0.11126098945281156,-0.005308523763894429,0.3285836056741095,true,0.16163754095510754
naive,0.1,0.12394894704378698,0.005036296461628677,0.125400013556944,0.4810749385665305,false,0.30323747606173723
naive,0.1,0.11043703318604622,0.004734292099531748,0.1420228762009555,0.5380591790728555,false,0.3400410276369055
naive,0.1,0.0799420622082502,0.0028435112764634,0.1463801024982855,0.505928166272475,false,0.32615413438538027
naive,0.1,0.05270482459288165,0.05598453532064555,0.0281259688508336,0.3755738710295642,true,0.20184991994019888
naive,0.1,0.11575540809677198,0.007061314234600735,0.10771493536079524,0.44548600910186764,true,0.27660047223133144
naive,0.1,0.08690033166314723,0.008031735303067222,0.10276700410132433,0.43886438629975,false,0.27081569520053717
naive,0.1,0.09631456639388286,0.34332865112729294,-0.06434501031834083,0.2392445397294335,true,0.08744976470554633
naive,0.1,0.13742873972595673,0.05742383386689396,0.025364495679071203,0.35230870720584573,true,0.18883660144245848
naive,0.1,0.11452158438458646,0.12485619741135769,-0.011176467346486751,0.32262210762866833,true,0.1557228201410908
naive,0.1,0.08405368268806494,0.03472639681358242,0.04216459316843574,0.33938948417751097,true,0.19077703867297335
naive,0.1,0.09784067334871006,0.014026198246847855,0.09617685586099986,0.48594997771298887,true,0.2910634167869944
naive,0.1,0.07001662097070735,0.04554871750988507,0.035465538222812704,0.3643968718435584,true,0.19993120503318557
naive,0.1,0.09412209397319511,0.09017912897704265,0.004969993216799834,0.33460395159932266,true,0.16978697240806126
naive,0.1,0.12840932761089366,0.15753914698561353,-0.022927082535590004,0.3029363757653322,true,0.1400046466148711
naive,0.1,0.09073977500131393,0.0053500877044519056,0.12064165607514712,0.4686839144185544,false,0.29466278524685074
naive,0.1,0.13227128477225378,0.027756428845502685,0.05786234271201596,0.4003060775896161,true,0.22908421015081604
naive,0.1,0.08419563408012656,0.02706079680263548,0.05739430045544783,0.39110778904396803,true,0.22425104474970795
naive,0.1,0.09986474106292673,0.058885287371579685,0.02496195491535408,0.36124017213598425,true,0.19310106352566916
naive,0.1,0.10905335785502046,0.03465161731110969,0.04769090790062641,0.383244832293046,true,0.2154678700968362
naive,0.1,0.06039049790307399,0.4238687661888725,-0.07645566576712588,0.2211528382760592,true,0.07234858625446665
naive,0.1,0.13185574834453379,0.0014082732502241953,0.17587443937676622,0.5496079007720833,false,0.3627411700744248
naive,0.1,0.13449806679548842,0.05370389684093577,0.028334160421425003,0.356122539857337,true,0.192228350139381
naive,0.1,0.1153973646622647,0.009356044420596898,0.10196994389045316,0.4536295489334203,true,0.2777997464119367
naive,0.1,0.10548272701488168,0.03471232115928844,0.045536744061923984,0.3664197152022369,true,0.20597822963208043
naive,0.1,0.11451073262642397,0.0053667583871317304,0.11148527208759265,0.4333968505667477,true,0.27244106132717016
naive,0.1,0.10900020038627287,0.11473667380320114,-0.0071867923687691515,0.34256483099358914,true,0.16768901931241
naive,0.1,0.10308441687218116,0.00009534612828010681,0.21773938526068326,0.535066846202256,false,0.3764031157314696
naive,0.1,0.11297078806823899,0.07532273549609353,0.013265565671036761,0.3398119887840268,true,0.17653877722753178
naive,0.1,0.11193979483929338,0.1334877278204554,-0.015243796969512086,0.332124541076825,true,0.15844037205365646
naive,0.1,0.13988928192506622,0.1449877593893773,-0.019931886854480024,0.32998508867890575,true,0.15502660091221285
naive,0.1,0.10980188010265089,0.19655806078662716,-0.03190505690910027,0.2650624778765291,true,0.11657871048371442
naive,0.1,0.07372926522985065,0.1530279620443593,-0.3200765597012994,0.0224857700053695,false,-0.14879539484796495
naive,0.1,0.06748696166304835,0.2179591691487191,-0.040428056984162186,0.28169040654780547,true,0.12063117478182164
naive,0.1,0.11107537138194877,0.05642240203267535,0.024433734212300995,0.3301707465369881,true,0.17730224037464454
naive,0.1,0.14458139901179357,0.09759310140139245,0.001129371141440405,0.3164579646247201,true,0.15879366788308025
naive,0.1,0.09757365440440903,0.02991018868130682,0.05338771725435232,0.38701601683730186,true,0.2202018670458271
naive,0.1,0.1191941710710469,0.05342226190619503,0.0300873768480604,0.3753960962416465,true,0.20274173654485345
naive,0.1,0.11274677559117419,0.043982813916830996,0.037118661969457234,0.36767963285256133,true,0.20239914741100928
naive,0.1,0.09906899343029313,0.031067546877183418,0.048414978504039446,0.35988505124493764,true,0.20415001487448856
naive,0.1,0.09040972726332279,0.1106295164468821,-0.005519921472948025,0.3614485796397727,true,0.17796432908341234
naive,0.1,0.08334008548084722,0.18612384098744025,-0.0323832995000598,0.29772141612241315,true,0.13266905831117667
naive,0.1,0.10424534197061872,0.10008100942761662,-0.000039792118233156204,0.33338488387556253,true,0.16667254587866467
naive,0.1,0.030901985838866778,0.1757304095323539,-0.03097272936447862,0.3193676373488833,true,0.14419745399220232
naive,0.1,0.16775907686701672,0.09257996151139379,0.003780215437830775,0.33907625541109543,true,0.17142823542446312
naive,0.1,0.060912782528942784,0.029796728540141648,0.05911994487804967,0.427517100153249,true,0.24331852251564934
naive,0.1,0.048586317732695686,0.16455111364840413,-0.3255414225430756,0.027346047655267075,false,-0.14909768744390428
naive,0.1,0.13332094053026997,0.002512671970861596,0.14139471830397538,0.47920267475355166,false,0.3102986965287635
naive,0.1,0.05262863838428678,0.1029164481788085,-0.0012471219224674535,0.2922733581460455,true,0.14551311811178902
naive,0.1,0.12168341576161511,0.05530118700051616,0.029782172672428053,0.39044883009574527,true,0.21011550138408666
naive,0.1,0.07975391980197588,0.08304641375551725,0.009003477844497954,0.3439685798408893,true,0.17648602884269363
naive,0.1,0.08935573109749934,0.0381288930654157,0.04129750760682874,0.35826590514550516,true,0.19978170637616693
naive,0.1,0.09809937813812249,0.02467356970707753,0.06282943705432745,0.40638487946463475,true,0.23460715825948109
naive,0.1,0.08577743079051588,0.03553130291337842,0.04656422556873638,0.3814649314521874,true,0.2140145785104619
naive,0.1,0.10335164326185323,0.14054465294054655,-0.017096182863365866,0.3116323174621942,true,0.1472680672994142
naive,0.1,0.10628925518681845,0.07034935420406116,0.016160164414076306,0.3387443235170131,true,0.1774522439655447
naive,0.1,0.08430738641521952,0.01756095145723618,0.07685381574663519,0.42324184894926953,true,0.25004783234795236
naive,0.1,0.12004211164942288,0.15105120652692985,-0.020756937187582564,0.3059223505292976,true,0.1425827066708575
naive,0.1,0.10659195774395895,0.015299490233564375,0.083256250257663,0.4342347735251343,true,0.25874551189139866
naive,0.1,0.07610207831624329,0.048031949928764285,0.036199589884271965,0.39464202280585986,true,0.2154208063450659
naive,0.1,0.03623553661923606,0.11523622573423972,-0.007371328308065944,0.34021206487104916,true,0.16642036828149162
naive,0.1,0.12115068574036456,0.1356682954588854,-0.015824570199198112,0.32501337540303155,true,0.15459440260191673
naive,0.1,0.09826535105838138,0.05510851034205912,0.025847748649776348,0.33712915384707376,true,0.18148845124842505
naive,0.1,0.051391347438774465,0.013244324624392475,0.08228014510807591,0.4075053271320892,false,0.24489273612008255
naive,0.1,0.09978970417837431,0.08826580948553016,0.006005453911583719,0.33657686756935157,true,0.17129116074046763
naive,0.1,0.0868773451917116,0.11762841682410557,-0.008850626311906779,0.3548822105228304,true,0.1730157921054618
naive,0.1,0.0946787756816437,0.09552628023397083,0.0022326781323682987,0.3347799921753858,true,0.16850633515387706
naive,0.1,0.10772091717575032,0.035616265049066065,0.05253643835355645,0.4311932261439566,true,0.24186483224875652
naive,0.1,0.12184109144995242,0.018307813033230855,0.07415104808827486,0.4155677612504217,true,0.2448594046693483
naive,0.1,0.08424792844347798,0.15360550176039794,-0.021795581871900616,0.3071953070621371,true,0.14269986259511824
naive,0.1,0.08569837043201078,0.03325853998478617,0.05025431245418763,0.39176185932691066,true,0.22100808589054913
naive,0.1,0.11883884296593678,0.0020388250476872025,0.15752873957885535,0.5174901090595003,false,0.33750942431917785
naive,0.1,0.09375592926219185,0.006484667311858506,0.11887898476709632,0.48187549258934037,false,0.30037723867821836
naive,0.1,0.1163634323235791,0.011969771422911672,0.09297279641390399,0.44526502161170867,true,0.26911890901280633
naive,0.1,0.12785371492220948,0.03196201412907527,0.05690779396619547,0.43130399853678003,true,0.24410589625148774
naive,0.1,0.08511117965888981,0.056562097085643234,0.02615427531052697,0.3547692157801289,true,0.1904617455453279
naive,0.1,0.09497603951942608,0.16615948840051675,-0.028080741508908796,0.32693909701929913,true,0.14942917775519515
naive,0.1,0.07532613533559658,0.025843213509417456,0.06384582107511413,0.4236742732897605,true,0.24376004718243732
naive,0.1,0.08394304558018584,0.07104668669589541,0.014567922150470924,0.3134864197262255,true,0.1640271709383482
naive,0.1,0.16436634390584706,0.00029293376874080126,0.19059853749954814,0.5078140564212374,false,0.3492062969603928
naive,0.1,0.13181946149369742,0.01131300778798596,0.09563239478649499,0.44990455990760825,true,0.2727684773470516
naive,0.1,0.08948231146626213,0.03624383413039832,0.047549149190566214,0.3956754611777321,true,0.22161230518414915
naive,0.1,0.0971854308181087,0.0132103477335509,0.08211084052659595,0.40630976534637453,true,0.24421030293648524
naive,0.1,0.11948494198911741,0.009093912623018247,0.1058979445284508,0.4674123353470575,true,0.28665513993775416
naive,0.1,0.11323570383982742,0.17162520658680264,-0.0329349918183128,0.3570063083792939,true,0.16203565828049055
naive,0.1,0.12001759552166887,0.01282817603833428,0.08703873716978011,0.42643517727771046,true,0.2567369572237453
naive,0.1,0.09240441163788891,0.23520627176483186,-0.04757619244095658,0.2943021730981526,true,0.123362990328598
naive,0.1,0.09328954015842342,0.06296256832044321,0.022492099669383536,0.36728099722866514,true,0.19488654844902434
naive,0.1,0.05378932507664322,0.36862178784848526,-0.22912373136268932,0.067171943485531,true,-0.08097589393857917
naive,0.1,0.12044449938897642,0.015797636054564506,0.07569667318215342,0.3996444394548966,true,0.237670556318525
naive,0.1,0.12375471105748792,0.2596348609729498,-0.05189102931742033,0.2779130841000922,true,0.11301102739133594
naive,0.1,0.09703084782425835,0.013831798529731707,0.08753646785432473,0.440116642162435,true,0.26382655500837987
naive,0.1,0.1157731452730148,0.023168132652166096,0.06332578584642987,0.3962185260299166,true,0.2297721559381732
naive,0.1,0.08630328097584418,0.02526684582980576,0.05946441818293757,0.38965644175581654,true,0.22456042996937706
naive,0.1,0.1610823112006263,0.013985572951935041,0.08041458998628598,0.4058906428321054,true,0.2431526164091957
naive,0.1,0.08712853542953454,0.016485073151934804,0.06906915122441784,0.3707617433590362,true,0.21991544729172702
naive,0.1,0.10786070290832638,0.06587696664144826,0.019857647422940772,0.3558850936494251,true,0.18787137053618294
naive,0.1,0.10967545542934624,0.023836724330778068,0.057284985092144525,0.36376036534826817,true,0.21052267522020635
naive,0.1,0.0893831553648342,0.553743920749254,-0.1039817697162631,0.22096496297576806,true,0.05849159662975248
naive,0.1,0.144868870912638,0.018462248191307637,0.06563915624706637,0.3691891328852459,true,0.21741414456615615
naive,0.1,0.06469973356762967,0.0019984949502282225,0.13317278231889473,0.43622949646346965,false,0.2847011393911822
naive,0.1,0.09151114769464831,0.07720549329661125,0.011727076904012285,0.32721590483075047,true,0.1694714908673814
naive,0.1,0.1133249298386017,0.07147063864855574,0.01527535348522946,0.3340855916818229,true,0.17468047258352618
naive,0.1,0.11009557668116737,0.14428313102630658,-0.02077637890623993,0.3490164539478222,true,0.16412003752079113
naive,0.1,0.052384736766202485,0.04856052925336503,0.0331054823419385,0.3655693691781823,true,0.1993374257600604
naive,0.1,0.08466057099723404,0.006918430642649536,0.10540390876898506,0.433797460614323,false,0.26960068469165405
naive,0.1,0.06912069618495528,0.35685268624417654,-0.07322751960664654,0.2597448214712089,true,0.09325865093228118
naive,0.1,0.1546177617189672,0.017024840894951015,0.07925248883944125,0.4309474015867433,true,0.25509994521309226
naive,0.1,0.13990766680200237,0.08449323502608716,0.008570761640206703,0.3595362252417379,true,0.1840534934409723
naive,0.1,0.10567849320552918,0.07108899439468298,0.015411938111075718,0.3321829886817668,true,0.17379746339642127
naive,0.1,0.07565686144807467,0.002226960876217906,0.13511432351675193,0.4496141759282254,false,0.29236424972248864
naive,0.1,0.12588140796056377,0.05732844645628638,0.028544092454812292,0.39542703556230274,true,0.21198556400855753
naive,0.1,0.07665305599469932,0.030008158377257583,0.0558810227877061,0.4059515557618252,true,0.23091628927476562
naive,0.1,0.10705526657010418,0.001391446194252761,0.1454374824156476,0.45380126594630243,false,0.299619374180975
naive,0.1,0.11672477181461356,0.0018188266290632398,0.14245940533681228,0.46051785431347964,false,0.30148862982514596
naive,0.1,0.10182348879132898,0.1457124150976954,-0.017871221068910065,0.29154009633474587,true,0.1368344376329179
naive,0.1,0.16371955689081916,0.021343820939114216,0.07174741327881162,0.4310023409288428,true,0.2513748771038272
naive,0.1,0.05419186721288504,0.07100102008681479,0.01602063201001669,0.3441495910150681,true,0.1800851115125424
naive,0.1,0.12390247274685148,0.0070722902912836215,0.10925659348639633,0.4520311413764215,true,0.2806438674314089
naive,0.1,0.09857278145692179,0.06612859051446017,0.01929731859741171,0.34873885858176723,true,0.18401808858958948
naive,0.1,0.12014986678510371,0.3120165101690673,-0.06042434953520359,0.25317860209459103,true,0.09637712627969372
naive,0.1,0.06013417628360153,0.2046687291832005,-0.03969036448994395,0.3071159055253332,true,0.13371277051769462
naive,0.1,0.1574805497994792,0.0019667683822723694,0.15668625978576034,0.51208419745232,true,0.3343852286190402
naive,0.1,0.07475454755398266,0.15547712881450895,-0.020800114270140807,0.2841230022777126,true,0.1316614440037859
naive,0.1,0.1104812999369143,0.03505135712717516,0.055839575927855295,0.4526672000954408,true,0.25425338801164804
naive,0.1,0.12169499831670828,0.02924030548721677,0.05438935075193854,0.3885926294216434,true,0.221490990086791
naive,0.1,0.1404461198747902,0.022897465462236477,0.05871781111717103,0.36518812896091934,true,0.21195297003904517
naive,0.1,0.09584255211546715,0.01488233176365715,0.0767010380034582,0.39594641202672076,true,0.2363237250150895
naive,0.1,0.11528990022590124,0.07119591568363341,0.016423445306530005,0.35543071808533816,true,0.18592708169593408
naive,0.1,0.12444251086805584,0.334650352574767,-0.06488257611123328,0.24897697390420598,true,0.09204719889648634
naive,0.1,0.10079138108100666,0.2679035640344323,-0.04779498085412215,0.24502820656517554,true,0.0986166128555267
naive,0.1,0.108134145475123,0.10434559756330587,-0.002188730649539894,0.3454485605193482,true,0.17162991493490415
naive,0.1,0.14122595166846505,0.09793727347424044,0.0010211176945898182,0.33416072858209434,true,0.16759092313834206
naive,0.1,0.14397151197038446,0.20450752350793625,-0.04714150261913197,0.3652661309789407,true,0.15906231417990435
naive,0.1,0.06900173761217492,0.09733741710303646,0.0012997990535282,0.3290212845329923,true,0.16516054179326023
naive,0.1,0.10490436623896172,0.12240395083994145,-0.010477548112273694,0.3338860326392367,true,0.1617042422634815
naive,0.1,0.1342339849884192,0.05822860240756522,0.02540449487049687,0.3608797003971963,true,0.1931420976338466
naive,0.1,0.08839181374509673,0.26241008874683924,-0.04433425513218081,0.23392445214491492,true,0.09479509850636705
naive,0.1,0.10474648571767854,0.12041758669808007,-0.010068962722340119,0.35063880090940636,true,0.1702849190935331
naive,0.1,0.1338769183260978,0.14579650246396098,-0.01725849431414095,0.2810677784291242,true,0.13190464205749164
naive,0.1,0.12710302712269317,0.010927712511180956,0.09548151479909348,0.4444309274519477,true,0.2699562211255206
naive,0.1,0.11750893207534507,0.02627787440885722,0.05454050243830108,0.3653755211873877,true,0.2099580118128444
naive,0.1,0.12143655070199225,0.08527600495339971,0.007826079394520263,0.3465488237038057,true,0.17718745154916296
naive,0.1,0.15314961987759723,0.017492775273589178,0.08394527075255848,0.46155254350969815,true,0.2727489071311283
naive,0.1,0.0788382176289695,0.06426855053263514,0.021310254249748806,0.36251997854266504,true,0.19191511639620693
naive,0.1,0.11490831732193792,0.08607212322613961,0.007614197166120218,0.35726837038026815,true,0.18244128377319418
naive,0.1,0.1330948995533883,0.005347413265465428,0.11655233506718005,0.45274940752878906,true,0.28465087129798455
naive,0.1,0.12637534182735677,0.21854122640908147,-0.039727886177537225,0.2756229011870831,true,0.11794750750477295
naive,0.1,0.05815158148077136,0.2846315933657649,-0.28394735225617457,0.060127571530724344,true,-0.11190989036272511
naive,0.1,0.11372553971770562,0.29744206697329867,-0.06472728323193146,0.2884441271585192,true,0.11185842196329386
naive,0.1,0.11262382245609913,0.06542603891454614,0.020039670433683515,0.3538654099967877,true,0.18695254021523564
naive,0.1,0.08845639859525213,0.08451442506766783,0.00828248040430582,0.3479403128278259,true,0.17811139661606587
naive,0.1,0.08593479787406166,0.022544526861382412,0.06641167589109859,0.409810979563207,true,0.2381113277271528
naive,0.1,0.09721720207540742,0.04246080201589214,0.03883243267533926,0.37140237296321665,true,0.20511740281927796
naive,0.1,0.09016902400042438,0.09766060490691679,0.0010641084965590242,0.3068279498873398,true,0.1539460291919494
naive,0.1,0.17920246644388074,0.09415195367084987,0.003107723609277996,0.35518420632341086,true,0.17914596496634444
naive,0.1,0.10394876100700098,0.057349923249594266,0.027117658994722293,0.3758896817786108,true,0.20150367038666656
naive,0.1,0.1363138650470987,0.009532636766419012,0.10409459715287403,0.4655160157593805,true,0.2848053064561273
naive,0.1,0.09033688913610857,0.24287981216944457,-0.042242712037384875,0.2490697564356108,true,0.10341352219911297
naive,0.1,0.10926997313040944,0.03139112113236381,0.04808429140192874,0.35994407676674556,true,0.20401418408433714
naive,0.1,0.0852344342360475,0.03454000741365884,0.050443908472119575,0.40438074313890426,true,0.22741232580551193
naive,0.1,0.10270289559495711,0.024630753578788793,0.06369185456235851,0.411575819794851,true,0.23763383717860478
naive,0.1,0.11846193805176772,0.020318803296365703,0.06782816043160553,0.3981268298003128,true,0.23297749511595914
naive,0.1,0.10985346900553102,0.02717270958560648,0.06318767461122202,0.4316358834011661,true,0.24741177900619404
naive,0.1,0.09200211644223012,0.07197013582009615,0.014979856118454676,0.3340363406497746,true,0.17450809838411463
naive,0.1,0.10258771821684992,0.04882033763703228,0.03236670785166995,0.3596823200938312,true,0.19602451397275059
naive,0.1,0.13413387804526178,0.024454201689673404,0.06642458902865186,0.42757250964634297,true,0.2469985493374974
naive,0.1,0.08965177552734302,0.001172984471572432,0.15132438030511128,0.4623572296024645,false,0.3068408049537879
naive,0.1,0.11856047589720603,0.0833959360326183,0.008266449487962901,0.3227976111864122,true,0.16553203033718755
naive,0.1,0.0372318346682752,0.20473564475877007,-0.03829702856797329,0.2961680383586646,true,0.12893550489534567
naive,0.1,0.06802169965410079,0.03192606650576808,0.0548196806468885,0.4151541224716653,true,0.23498690155927687
naive,0.1,0.09758391800837113,0.16399084807332023,-0.30658115156601384,0.025551188926616203,false,-0.1405149813196988
naive,0.1,0.12123161285643545,0.05223752886566661,0.02910114993053628,0.3521812141688102,true,0.19064118204967323
naive,0.1,0.139009363335177,0.02111636456454409,0.06308470881205863,0.37702793745066,true,0.2200563231313593
naive,0.1,0.11547025950061802,0.08813201607485328,-0.3271193398997683,-0.005905499192009722,false,-0.16651241954588902
naive,0.1,0.0760621449999539,0.017701682330389462,0.07941461410937178,0.4387959062788668,false,0.2591052601941193
naive,0.1,0.1291679487163005,0.00022000968726292887,0.1922795271217605,0.5008365994913377,false,0.34655806330654915
naive,0.1,0.16591261949198877,0.0039736378475103435,0.11348739412713132,0.41569098780181674,true,0.26458919096447403
naive,0.1,0.08693039496028804,0.012785522792568935,0.08167292620713129,0.3996997270068638,true,0.24068632660699754
naive,0.1,0.12713039100349774,0.03318331577566386,0.04972021844360669,0.3869643330550605,true,0.2183422757493336
naive,0.1,0.14999424627286664,0.08088626206055362,0.011383396767270515,0.38321218419505804,true,0.19729779048116428
naive,0.1,0.12117539262207433,0.21111768283867305,-0.03735252130825785,0.2742415175261208,true,0.11844449810893147
naive,0.1,0.0965748945888976,0.05853714306554865,0.02196761180738213,0.31478368159561676,true,0.16837564670149946
naive,0.1,0.14256667352981392,0.025332855746657498,0.06009344906753378,0.3943478940790565,true,0.22722067157329515
naive,0.1,0.08490436358581781,0.256052173644829,-0.05550807224396004,0.3031871704718923,true,0.12383954911396614
naive,0.1,0.0762407664876656,0.06756300796565325,0.01888097924333626,0.3581905357031425,true,0.1885357574732394
naive,0.1,0.12050444089807716,0.008589436772217747,0.08251804169686597,0.3586382689362211,true,0.2205781553165435
naive,0.1,0.09454683313040227,0.012486080778088458,0.0943332737840703,0.4580367731664232,true,0.27618502347524676
naive,0.1,0.07279289113629607,0.11772569128531633,-0.008643674546487484,0.3447537096770308,true,0.16805501756527166
naive,0.1,0.11682587123472932,0.253421864844324,-0.05763430533411676,0.319471785591246,true,0.1309187401285646
naive,0.1,0.09007520004579397,0.26372109333235483,-0.056991076228800466,0.2986213068436104,true,0.12081511530740495
naive,0.1,0.05272572876607078,0.13952156320879466,-0.017905296284173283,0.3342209319149909,true,0.15815781781540883
naive,0.1,0.13646013623370756,0.24459285964046004,-0.05017006744757872,0.29276586407102045,true,0.12129789831172087
naive,0.1,0.12405281216974257,0.003965150202796937,0.1282075138540892,0.46942288764047124,false,0.29881520074728024
naive,0.1,0.12263890380534423,0.0544278868258023,0.025653303918656667,0.3286088131257028,true,0.17713105852217972
naive,0.1,0.11633178801012567,0.012551896912759502,0.08822430023132266,0.4291193438750821,true,0.2586718220532024
naive,0.1,0.09836082921061133,0.0023262077484490994,0.15297315181662333,0.5123707382302042,false,0.33267194502341374
naive,0.1,0.1367991257734768,0.002584053005848999,0.13686860489845143,0.46589186169405383,false,0.30138023329625263
naive,0.1,0.10383114986588762,0.0007551732021055749,0.16998721624326654,0.49437851517193476,false,0.33218286570760064
naive,0.1,0.07976323957183777,0.21620444327680371,-0.04245180233395068,0.29969511975817453,true,0.12862165871211192
naive,0.1,0.12141447440100767,0.15785580892491288,-0.023259646137345408,0.30579973779155,true,0.14127004582710231
naive,0.1,0.1530830395347477,0.04587063518527379,0.03343467758501015,0.346148643127964,true,0.18979166035648706
naive,0.1,0.09487161384400883,0.002209372910373018,0.1187780210752998,0.3947887021867911,false,0.2567833616310454
naive,0.1,0.12999160352423322,0.20821563707387666,-0.035043287445915894,0.26333185435250617,true,0.11414428345329514
naive,0.1,0.1081403517585332,0.01598436347944647,0.07174690070285947,0.38051261211733656,true,0.226129756410098
naive,0.1,0.12327415239868766,0.000027558213356611732,0.23931344657677814,0.5483010491627736,false,0.39380724786977583
naive,0.1,0.1203719557376315,0.010444924731974094,0.09489071738152527,0.4357216469956546,true,0.2653061821885899
naive,0.1,0.13256009681894593,0.036853450797195535,0.0415945899642913,0.3508029054644285,true,0.1961987477143599
naive,0.1,0.0713991385787296,0.004073094909424292,0.14208795046876047,0.5228562786610157,false,0.33247211456488807
naive,0.1,0.1476729718372047,0.014625862972788149,0.09257171093828573,0.4748352616581496,true,0.2837034862982177
naive,0.1,0.06660699471415762,0.009219694689782348,0.09556232412807511,0.4233935517026536,false,0.25947793791536433
naive,0.1,0.08318305831192364,0.0837288105872233,0.00800909165488009,0.31946399022565175,true,0.1637365409402659
naive,0.1,0.07745086881155687,0.17713276195219135,-0.028717340465801544,0.2912894723679617,true,0.13128606595108008
naive,0.1,0.07505308370278814,0.13113286688391698,-0.014143350406400801,0.32998449440854416,true,0.15792057200107168
naive,0.1,0.12480548242044945,0.001448641242258838,0.1486487745120128,0.46620354895391497,false,0.3074261617329639
naive,0.1,0.08630142626088261,0.12784610734088317,-0.010637420370639028,0.27572242581108874,true,0.13254250272022486
naive,0.1,0.08596024015377372,0.0007474902920040018,0.1877033934475068,0.5453184310503407,false,0.3665109122489238
naive,0.1,0.11782400240749114,0.034067355439535804,0.04572084300585416,0.36275682923788627,true,0.20423883612187022
naive,0.1,0.06830588202906092,0.16878639291931252,-0.023673367539233783,0.2661179146907752,true,0.12122227357577071
naive,0.1,0.023565826215619562,0.0677476693272349,0.01885458609165555,0.3599797550379614,true,0.18941717056480847
naive,0.1,0.08524718414718241,0.00904994931717642,0.09018684058917378,0.3975378105407278,false,0.24386232556495077
naive,0.1,0.059191077402259346,0.0835335248975594,0.009568088229099075,0.37690256065212824,true,0.19323532444061367
naive,0.1,0.04017193920006537,0.07244931528728704,0.014938309388122462,0.339460861066385,true,0.17719958522725374
naive,0.1,0.07617401362781444,0.12146821563866808,-0.010049936143574606,0.3335754682221469,true,0.16176276603928613
naive,0.1,0.11845153972625315,0.6271365694296711,-0.10812587020512282,0.19875425038324585,true,0.04531419008906152
naive,0.1,0.11216169444340914,0.03282474158678538,0.048182049953890665,0.37207987089632844,true,0.21013096042510956
naive,0.1,0.13454498521041428,0.0558708923594121,0.025513999485979794,0.33965116374262594,true,0.18258258161430285
naive,0.1,0.07777068335318506,0.01605353141708061,0.07764127653799793,0.4124640339057918,true,0.24505265522189484
naive,0.1,0.10412503630421024,0.046536236017095264,0.03577761701816054,0.37629609099041805,true,0.2060368540042893
naive,0.1,0.0884282615637207,0.1935142171213881,-0.034611159276147135,0.29580215026426915,true,0.13059549549406102
naive,0.1,0.10931251470846749,0.10847456977366149,-0.003597173655224356,0.29398325839144446,true,0.14519304236811006
naive,0.1,0.11883509538289735,0.010381276112392477,0.09520748727788447,0.4363853603106517,true,0.2657964237942681
naive,0.1,0.13412635546125976,0.07396800589377633,0.013005734666513252,0.31439898780833486,true,0.16370236123742407
naive,0.1,0.09153966613228356,0.2435496591568006,-0.28736248644509377,0.048935552748203756,false,-0.11921346684844501
naive,0.1,0.1037396782461232,0.08729767174350676,0.006547980881895565,0.33807744123840755,true,0.17231271106015156
naive,0.1,0.09147709361695137,0.06437715025655606,0.019128896015201263,0.3265389841878261,true,0.17283394010151368
naive,0.1,0.10879135001024082,0.04587432156935695,0.03185677506974227,0.32984137013775855,true,0.1808490726037504
naive,0.1,0.12661903618699427,0.05493909735369237,0.027226288778607582,0.35351129621394906,true,0.1903687924962783
naive,0.1,0.09533656662834154,0.06468181533776494,0.019738252920946303,0.34024142132899093,true,0.1799898371249686
naive,0.1,0.10168463797326859,0.13968401489438712,-0.017090179816588003,0.3177922034501911,true,0.15035101181680155
naive,0.1,0.1193664628680778,0.057768787443525205,0.023929847577261826,0.33558397631653547,true,0.17975691194689866
naive,0.1,0.11396209520495813,0.019311578400919883,0.059880566215230246,0.34347888318083697,true,0.2016797246980336
naive,0.1,0.08653888570463064,0.014117839878721648,0.08542546018923977,0.43262791490613717,true,0.2590266875476885
naive,0.1,0.07332268203998098,0.38062918310913796,-0.0808567189026138,0.26543853175862636,true,0.09229090642800629
naive,0.1,0.10964717252823314,0.06380868995205681,0.02129214352585862,0.35698044064465423,true,0.18913629208525642
naive,0.1,0.09488928862406887,0.6356890064784384,-0.14327663688879858,0.2591916664055012,true,0.05795751475835129
naive,0.1,0.1432337942321546,0.06466291377354882,0.020427333271466924,0.351905973110209,true,0.18616665319083797
naive,0.1,0.11446546248590728,0.03785210490794356,0.04102306976254924,0.3537065536579992,true,0.19736481171027423
naive,0.1,0.06447428555828551,0.007567518324409949,0.10043559401778487,0.42248954265191574,false,0.2614625683348503
naive,0.1,0.12833092251836276,0.059218797245931,0.02355980228329599,0.34420961960810026,true,0.1838847109456981
naive,0.1,0.13022354379424675,0.004467805298814577,0.12178460124486001,0.45613827574217647,true,0.28896143849351824
naive,0.1,0.10219676216669085,0.06262808959630728,0.020258163411005614,0.32741454589868896,true,0.17383635465484729
naive,0.1,0.09600923928417188,0.022731284776101056,0.06584026814347482,0.4079763763989476,true,0.23690832227121122
naive,0.1,0.07974513719418934,0.042191213971213865,0.037598885868860676,0.3573950521272597,true,0.19749696899806019
naive,0.1,0.06459306630483094,0.13336187083762216,-0.014489251069335796,0.31680106266763913,true,0.15115590579915167
naive,0.1,0.10798757885309404,0.0027272158001717395,0.14499594229911456,0.4977847843998034,false,0.321390363349459
naive,0.1,0.1310387266319491,0.05844449702146264,0.030047824054064393,0.42944335866396766,true,0.22974559135901604
naive,0.1,0.11256777143234913,0.4470743783033076,-0.08229132827679568,0.22375551168202362,true,0.07073209170261398
naive,0.1,0.08540496340799672,0.056664673408073726,0.024272188179566778,0.3301638593474737,true,0.17721802376352025
naive,0.1,0.09030662401196184,0.30041206678620525,-0.05804326279452776,0.25533971363780983,true,0.09864822542164103
naive,0.1,0.15825827792589303,0.022528635196853306,0.06165077445624284,0.38029799714272594,true,0.2209743857994844
naive,0.1,0.10205269824034492,0.1420958321573195,-0.016642823431903736,0.29298939998486895,true,0.1381732882764826
naive,0.1,0.09569948458175001,0.04619047285149324,0.036433210380049985,0.3800580158225589,true,0.20824561310130443
naive,0.1,0.10266460455110756,0.1217067146161028,-0.00968065148055608,0.3179443135323752,true,0.15413183102590955
naive,0.1,0.11156742822137948,0.008213348561195289,0.10008519176924893,0.4298910352798999,true,0.2649881135245744
naive,0.1,0.12963930133925186,0.17113026300921744,-0.028692552659234233,0.3129631709904428,true,0.14213530916560427
naive,0.1,0.09857819524487237,0.04115230451565755,0.03880946575064717,0.360288636808234,true,0.1995490512794406
naive,0.1,0.12822895592555775,0.0013169088655462001,0.16088523734088675,0.49855274640829117,false,0.329718991874589
naive,0.1,0.1276799803211228,0.04150123106054334,0.0402543351985275,0.37667119380967456,true,0.20846276450410103
naive,0.1,0.04740268381257878,0.08545068193614798,0.008039539047092481,0.36045962088039085,true,0.18424957996374167
naive,0.1,0.08941436332189995,0.005545051588911695,0.11706784914877699,0.45827861278707227,false,0.28767323096792463
naive,0.1,0.07448198817634448,0.061639141295473654,0.022301022628253203,0.3497757028899082,true,0.18603836275908073
naive,0.1,0.10627612835521824,0.0665048786519768,0.019384406455893843,0.35474282723102774,true,0.1870636168434608
naive,0.1,0.14353072623925234,0.0627299866676673,0.020725042766252227,0.3360097212388222,true,0.17836738200253724
naive,0.1,0.1046556214571794,0.0004279088711192227,0.1964018299302067,0.5405520247120771,false,0.3684769273211419
naive,0.1,0.057255990496003585,0.14646806738502893,-0.017659590648020917,0.28376716847063516,true,0.13305378891130712
naive,0.1,0.12385876918274939,0.18157069663920258,-0.3206242348057383,0.03322845133388627,false,-0.143697891735926
naive,0.1,0.090401802894935,0.00004375430391429806,0.22461870592793598,0.527229183989017,false,0.3759239449584765
naive,0.1,0.07864397916377593,0.20139915066723668,-0.03656739656186653,0.2909664652502143,true,0.1271995343441739
naive,0.1,0.05167655076735717,0.20449766794464427,-0.03628810844442157,0.28119418771368465,true,0.12245303963463153
naive,0.1,0.09463826147880959,0.012786212049150624,0.0823430638821625,0.4029865910600486,true,0.24266482747110554
naive,0.1,0.09767201603803981,0.07788585704108472,0.011963311581177694,0.3448293207718921,true,0.1783963161765349
naive,0.1,0.10846743927647766,0.1941421912315166,-0.03347799010418753,0.2844287413768154,true,0.12547537563631392
naive,0.1,0.1248849998015655,0.01974359890916929,0.06481128230933997,0.37546311570905816,true,0.22013719900919906
naive,0.1,0.1420428097426752,0.36572875016822765,-0.08302898941863007,0.28590574875034974,true,0.10143837966585983
naive,0.1,0.08853601239193931,0.08671741507180691,0.006581043583907875,0.32439882675508697,true,0.16548993516949742
naive,0.1,0.1120311450845113,0.06744942638126597,0.017640783626578976,0.3333568764659951,true,0.17549883004628702
naive,0.1,0.08820849529759338,0.1724182520573274,-0.028821093308736057,0.30933882918755035,true,0.14025886793940714
naive,0.1,0.08793779887739452,0.16364790734036613,-0.2705955279333315,0.022442723804319276,false,-0.12407640206450612
naive,0.1,0.12710446794612176,0.15211658648030477,-0.020243272308942878,0.2927616292139429,true,0.1362591784525
naive,0.1,0.09431942806260585,0.027457941943977906,0.05654715139566677,0.38867780885532455,true,0.22261248012549564
naive,0.1,0.07400257511438701,0.19057629828360134,-0.03436841371441568,0.3021482756675867,true,0.1338899309765855
naive,0.1,0.10013773637339554,0.028113024556739183,0.04538815118528497,0.3164477948612363,true,0.18091797302326063
naive,0.1,0.11988121046023102,0.01759013384185984,0.07928144840471896,0.43691141897893404,true,0.2580964336918265
naive,0.1,0.15093931630508237,0.02902402114224344,0.057782000644217624,0.4109002935426128,true,0.23434114709341522
naive,0.1,0.1292559616501806,0.06911852970549216,0.0161129084350686,0.322881659888826,true,0.16949728416194731
naive,0.1,0.09521948972180902,0.010257622574169817,0.09219384435340275,0.4210826921063262,true,0.25663826822986446
naive,0.1,0.043350282135226265,0.20855038113253183,-0.04196277220934269,0.31447421594241504,true,0.13625572186653617
naive,0.1,0.12098522825538122,0.2098083037998022,-0.29557502427242743,0.039841773033661654,false,-0.1278666256193829
naive,0.1,0.07808691849648947,0.5845795219688739,-0.10941770740109213,0.21836408974927218,true,0.054473191174090024
naive,0.1,0.1095857195495685,0.002301651482045776,0.12156432694553954,0.4065202708468093,false,0.2640422988961744
naive,0.1,0.08635349169766542,0.1261110575656192,-0.011323637907956902,0.3119425773913238,true,0.15030946974168347
naive,0.1,0.08156692206222427,0.00347118761739908,0.1353669025453988,0.4838839760022556,false,0.3096254392738272
naive,0.1,0.1332790642845042,0.03036840433472406,0.04747851829156352,0.34761487955657755,true,0.19754669892407054
naive,0.1,0.07757334199728459,0.07868097818807472,0.013341975979232312,0.39992074376876663,true,0.20663135987399947
naive,0.1,0.14718723026045177,0.00972326640708283,0.08284898210266112,0.3725896908615603,true,0.2277193364821107
naive,0.1,0.05093948972154193,0.12401721688452912,-0.011532470178280574,0.34394543450054843,true,0.16620648216113393
naive,0.1,0.12499386181227244,0.12980702844046735,-0.013187521672140629,0.3205533313664417,true,0.15368290484715053
naive,0.1,0.15120569207167586,0.04656934456764399,0.03404289009860395,0.3583330404914931,true,0.19618796529504853
naive,0.1,0.1445867377374891,0.012780427200053743,0.1079092780790245,0.528027542356905,true,0.31796841021796474
naive,0.1,0.0934594385299876,0.12456876292853088,-0.01133664056893996,0.33088290529410885,true,0.15977313236258445
naive,0.1,0.07487857995569504,0.058088305760292544,0.02447736569593842,0.34634258100810755,true,0.18540997335202297
naive,0.1,0.08687132785996472,0.022962838893482152,0.05999578306064571,0.3736781763689029,true,0.2168369797147743
naive,0.1,0.118594400320696,0.016524964189652172,0.0750614825990776,0.40331436105407703,true,0.23918792182657733
naive,0.1,0.08192578177784575,0.06329446243036985,0.022240914285250574,0.3669352462191092,true,0.1945880802521799
naive,0.1,0.10151709380700914,0.011778127400928052,0.08615886799876338,0.4105064895724546,true,0.248332678785609
naive,0.1,0.05431158555202609,0.07388660842270701,0.013511461580289486,0.3255173470153331,true,0.16951440429781128
naive,0.1,0.12262293070538362,0.04937267966464352,0.029092545176268414,0.32770189474071165,true,0.17839721995849003
naive,0.1,0.12152263396741515,0.2146553693195184,-0.03783802939366193,0.2702801799599494,true,0.11622107528314374
naive,0.1,0.09166049194697679,0.0017574629641662971,0.1470600210595471,0.47315465094680764,false,0.31010733600317736
naive,0.1,0.06893841704621803,0.06354652529509654,0.020535275260042396,0.3414701875551981,true,0.18100273140762024
naive,0.1,0.05420984464203156,0.06947724901502933,0.01851339549447223,0.37582416929359963,true,0.19716878239403593
naive,0.1,0.07817287284396635,0.5058286813817656,-0.09093733164596768,0.21447882462767848,true,0.061770746490855406
naive,0.1,0.11571841861426257,0.04257744396324781,0.03820688774380396,0.36639676723096104,true,0.20230182748738249
naive,0.1,0.08900410807490175,0.040148974649483506,0.03812771768244447,0.34603533725942015,true,0.1920815274709323
naive,0.1,0.09457737539774404,0.15531086343480432,-0.27260641806362784,0.01990245144141864,false,-0.12635198331110462
naive,0.1,0.08218252895851537,0.028911084109182673,0.05090778134013371,0.36113064278036866,true,0.2060192120602512
naive,0.1,0.0844093111453649,0.28244653288737753,-0.05301015682494663,0.2529260118577055,true,0.09995792751637946
naive,0.1,0.1159796928861724,0.05370880275462739,0.02897766463808718,0.3642571394737901,true,0.19661740205593867
naive,0.1,0.09666051717751566,0.03548787180461065,0.04497628801443765,0.368105553402573,true,0.20654092070850533
naive,0.1,0.08315903030481434,0.0025061374099633305,0.12959930709274292,0.4390495563677207,false,0.2843244317302318
naive,0.1,0.13102743849332502,0.1920500434773014,-0.2976627113086623,0.03434576376701676,false,-0.13165847377082276
naive,0.1,0.09955914543645378,0.2003067829902696,-0.03372719053597034,0.27094061654057605,true,0.11860671300230285
naive,0.1,0.04511708063766247,0.01856268341338952,0.0638810612917001,0.3601402250673479,false,0.212010643179524
naive,0.1,0.06281278991617052,0.1384416439357172,-0.015664900078994765,0.30003406365273233,true,0.14218458178686877
naive,0.1,0.10012995610102055,0.028356318543823783,0.053441455912761254,0.3745686574803243,true,0.2140050566965428
naive,0.1,0.07479994096068011,0.03613095094432859,0.045067389027471816,0.3740942327101635,true,0.20958081086881766
naive,0.1,0.11320938568778079,0.03185649871612227,0.04677570988214738,0.3537019640382665,true,0.20023883696020695
naive,0.1,0.10226126393003575,0.2175831234599661,-0.04433072332433202,0.30974681385941477,true,0.13270804526754137
naive,0.1,0.06862288390052765,0.024564585463079908,0.06679623734018725,0.43100927237380987,true,0.24890275485699856
naive,0.1,0.11193814473895294,0.0008816408338097345,0.1775358193555501,0.524982765427538,false,0.351259292391544
naive,0.1,0.12161123239440289,0.18026759039818432,-0.02769934362162879,0.2711400881914092,true,0.12172037228489022
naive,0.1,0.1519320961231094,0.019863036926758067,0.07060268730140401,0.41013181644887453,true,0.24036725187513927
naive,0.1,0.11665863651246734,0.022956278174216724,0.06188943575616518,0.3854164958381521,true,0.22365296579715863
naive,0.1,0.07859011128624342,0.0026676610855950254,0.13214663598166826,0.45208069695680125,false,0.29211366646923476
naive,0.1,0.13019954731626956,0.0013287337486335886,0.17174431638826257,0.5327946909664354,false,0.352269503677349
naive,0.1,0.07940291647103559,0.10359452964380579,-0.0019639434429768177,0.374057699401699,true,0.1860468779793611
naive,0.1,0.10929617563227892,0.2003765144208669,-0.2653869178645742,0.03305609724403913,false,-0.11616541031026753
naive,0.1,0.12245871002761878,0.07685463268060026,0.014347219474778239,0.39380980236993596,true,0.2040785109223571
naive,0.1,0.07821292589901917,0.01095420011504337,0.09543129165464076,0.4445250515051134,false,0.2699781715798771
naive,0.1,0.11412957979588972,0.20738571069613215,-0.040516504002618775,0.30652570167565607,true,0.13300459883651863
naive,0.1,0.11031800170434064,0.10275516201348188,-0.0012677802444786002,0.31438379996324917,true,0.15655800985938528
naive,0.1,0.10057054672018728,0.04570763096771065,0.03493829821261413,0.36032652266945,true,0.19763241044103205
naive,0.1,0.12437685271086753,0.2792755518541543,-0.05721191984332025,0.27714346928433187,true,0.10996577472050581
naive,0.1,0.17604861621701567,0.07729489552263623,0.012906924755167776,0.3616588752690397,true,0.18728290001210374
naive,0.1,0.10632905738028468,0.1775813656733775,-0.029642405126777127,0.29911750369121615,true,0.1347375492822195
naive,0.1,0.09135625047464606,0.013306418558416236,0.08973317159084024,0.4451306456923162,true,0.26743190864157823
naive,0.1,0.0879942673985523,0.0392484292539741,0.041834286962094236,0.37208683584508667,true,0.20696056140359045
naive,0.1,0.12176720303789011,0.00574917028327537,0.11153016718520511,0.44002988711922364,true,0.2757800271522144
naive,0.1,0.08507748683248458,0.06465549223981314,0.018059163715592602,0.3110349311854995,true,0.16454704745054607
naive,0.1,0.12863851503465684,0.0012458613455432397,0.17341926923836398,0.5337386908606705,false,0.35357898004951727
naive,0.1,0.07510824443026198,0.19963734950841955,-0.03806367034320465,0.3075872624700202,true,0.13476179606340777
naive,0.1,0.08076277136419216,0.0308696752977437,0.053648761461270705,0.39708219710621595,true,0.22536547928374331
naive,0.1,0.10155803429101194,0.011270532798434277,0.08438045832080121,0.3965062272010782,true,0.2404433427609397
naive,0.1,0.07887177525564351,0.006085838749265567,-0.4167899430142548,-0.10431841849517381,false,-0.2605541807547143
naive,0.1,0.05542714157046344,0.49514911463641953,-0.08779631074025174,0.21221479976862168,true,0.06220924451418496
naive,0.1,0.04443610412889187,0.0691086196860143,0.018051097047830283,0.3615915951115183,true,0.1898213460796743
naive,0.1,0.15195489727365086,0.05577277837410051,0.02719199262945607,0.36103265316117994,true,0.19411232289531802
naive,0.1,0.14709668190909242,0.02147082194805517,0.07100057565603105,0.42773514809066104,true,0.24936786187334603
naive,0.1,0.12477297130399774,0.07254895412925201,0.015289298191584477,0.3488165978718871,true,0.1820529480317358
naive,0.1,0.08635993582669094,0.051833603611380584,0.02918233343353427,0.34955039432645096,true,0.18936636387999262
naive,0.1,0.12108727146510075,0.015380583310962712,0.07470196113577826,0.39039524977227946,true,0.23254860545402886
naive,0.1,0.11322677816092482,0.28477126208012227,-0.05527336592388324,0.26085318219002507,true,0.1027899081330709
naive,0.1,0.14443792275701833,0.01637221917448183,0.07919946807800388,0.4239896229567652,true,0.2515945455173845
naive,0.1,0.05103556233330704,0.05332271177234917,0.028963809011911923,0.3604449536685017,true,0.19470438134020682
naive,0.1,0.16299065246786684,0.12252684301911677,-0.011505202817781529,0.3647258182106863,true,0.17661030769645236
naive,0.1,0.12306872015130413,0.011338966793328886,0.09662527579683522,0.45489977871894927,true,0.27576252725789224
naive,0.1,0.07975255472681289,0.04612625962899793,0.033368383946532465,0.3475576342250499,true,0.1904630090857912
naive,0.1,0.09553812300122631,0.3153966859553058,-0.05678005320373214,0.23467312343255525,true,0.08894653511441156
naive,0.1,0.11557839303483737,0.032312695568339975,0.05517535224354175,0.42137012696680554,true,0.23827273960517364
naive,0.1,0.06201234783359041,0.14233916003957586,-0.017308832410856595,0.30309200706150163,true,0.14289158732532253
naive,0.1,0.11078356576606073,0.018102729016277075,0.07065023389443725,0.39405726895496385,true,0.23235375142470055
naive,0.1,0.08518567315727808,0.05034911155213026,0.030654186778162562,0.35373279565547633,true,0.19219349121681945
naive,0.1,0.09374339865854675,0.0014663802039196763,0.17806750195256726,0.559341305624952,false,0.3687044037887596
naive,0.1,0.15207755883652302,0.0049630648801357044,0.11657461578428369,0.4458782377083656,true,0.28122642674632464
naive,0.1,0.04921960640743697,0.139224589793682,-0.017499952935187968,0.32895314592264946,true,0.15572659649373075
naive,0.1,0.11200959393742765,0.07123452001068104,0.014462379223707134,0.31345205058922976,true,0.16395721490646845
naive,0.1,0.12411827405327541,0.03164153090564917,0.049989246014196936,0.3762423742987029,true,0.2131158101564499
naive,0.1,0.11207297965174068,0.054470912225924185,0.02973879113630204,0.38137497911955087,true,0.20555688512792647
naive,0.1,0.052653542157757104,0.010258537452413386,0.10401820157856786,0.47510126050569434,false,0.2895597310421311
naive,0.1,0.14068407892524318,0.05860688143023027,0.023741392874983502,0.3408727804491464,true,0.18230708666206494
naive,0.1,0.12857058697656062,0.01328421527474389,0.08330353372371116,0.41299907803503155,true,0.24815130587937137
naive,0.1,0.09964860134448933,0.18685278645302691,-0.028309171439886885,0.2583234074539016,true,0.11500711800700734
naive,0.1,0.06165438837363677,0.12338373266903623,-0.008958070784267441,0.2740517774118889,true,0.13254685331381072
naive,0.1,0.13975883135004513,0.19773790571511035,-0.03809448092259474,0.3131078332462288,true,0.13750667616181703
naive,0.1,0.059853753159999294,0.1256440195994929,-0.011075563267531341,0.3103765660846394,true,0.14965050140855404
naive,0.1,0.11904117655318505,0.09936394731641814,0.0002704841366661104,0.2881033116430055,true,0.1441868978898358
naive,0.1,0.11182680097971247,0.11456055542220014,-0.006374903814692245,0.30742215184337873,true,0.15052362401434324
naive,0.1,0.08377425005159414,0.029018749325544033,0.05279250720347142,0.3753760102381084,true,0.21408425872078993
naive,0.1,0.09771338466945825,0.011110589464260967,0.10326185485311198,0.4830932187283673,false,0.29317753679073966
naive,0.1,0.13708439923364654,0.04622848152443289,0.03456449556180008,0.36088931386746553,true,0.1977269047146328
naive,0.1,0.10236695220478942,0.1288243589100304,-0.013287149839505796,0.33335090259352096,true,0.16003187637700758
naive,0.1,0.10549617636067991,0.07766480872886052,0.011581626080442858,0.3302901200486229,true,0.1709358730645329
naive,0.1,0.11193102001794969,0.029698722305927946,0.05496294529443804,0.396612879070239,true,0.22578791218233854
naive,0.1,0.08441298018547466,0.26574251274318433,-0.28372413789508594,0.0547260986620781,false,-0.11449901961650392
naive,0.1,0.09412268580327669,0.3376477288565418,-0.06728558053936254,0.2553676310297345,true,0.09404102524518598
naive,0.1,0.0933057869516204,0.01454346180051645,0.09631099842274765,0.49300001767055773,false,0.2946555080466527
naive,0.1,0.12012300257283967,0.16560454524074972,-0.028906248048230554,0.3391192172116248,true,0.15510648458169712
naive,0.1,0.08564148054044213,0.006211574315997838,0.11381265275713609,0.45682217886917503,false,0.28531741581315556
naive,0.1,0.14079051669076897,0.09656959050128078,0.0018173934942990744,0.3563608105688961,true,0.17908910203159759
naive,0.1,0.11181970174349519,0.04829602435649316,0.0367544148144234,0.40326237453362557,true,0.2200083946740245
naive,0.1,0.05211983547956282,0.01111479389834727,0.09324452720191864,0.43627960460679416,false,0.2647620659043564
naive,0.1,0.08922915155360589,0.04625132055217837,0.03622606867574979,0.3784427900606306,true,0.2073344293681902
naive,0.1,0.09792484601230059,0.005519251860259397,0.12149943239579539,0.47515133618481264,false,0.29832538429030403
naive,0.1,0.09759987647343009,0.16072023092125617,-0.02584798269497271,0.3252346071727025,true,0.14969331223886487
naive,0.1,0.07757039688970596,0.12344842777019609,-0.010925730039390541,0.33336946761573405,true,0.16122186878817177
naive,0.1,0.09288438353922641,0.04428385808538885,0.03385915583150362,0.337745775164369,true,0.1858024654979363
naive,0.1,0.08806316912242747,0.10475317311014753,-0.002078619188148556,0.30023243604131844,true,0.14907690842658494
naive,0.1,0.08532801878649686,0.6693852644268978,-0.12186505782177186,0.20731873958885838,true,0.04272684088354327
naive,0.1,0.1065671354795076,0.03466169109366331,0.04558477040261372,0.36640052817200747,true,0.2059926492873106
naive,0.1,0.15074897654885133,0.10766790298875474,-0.0036152955115667795,0.3259348807937992,true,0.16115979264111618
naive,0.1,0.08686743280512015,0.48823979194356554,-0.10007547236251962,0.24583638958789988,true,0.07288045861269013
naive,0.1,0.06729510986831393,0.28574904586697975,-0.06476183392409034,0.3042409184857683,true,0.11973954228083898
naive,0.1,0.10773538431296534,0.2179144084496423,-0.03786999386364137,0.2639541988667265,true,0.11304210250154256
naive,0.1,0.1013976971105421,0.02183090410964848,0.07147344535751668,0.4340751353782548,true,0.25277429036788573
naive,0.1,0.08317119591341522,0.11083439679183588,-0.005099276155738353,0.32774266217253234,true,0.161321693008397
naive,0.1,0.12858642918379848,0.14695512732937022,-0.01838501834985723,0.29260052847249357,true,0.13710775506131817
naive,0.1,0.11263291095870248,0.008108207171738754,0.09485762582939494,0.4060783814514155,true,0.2504680036404052
naive,0.1,0.10331939035471731,0.27705821040268147,-0.05644489417559191,0.27638625038281517,true,0.10997067810361162
naive,0.1,0.10505684950391248,0.012585677435712228,0.07823050912168852,0.3808488539531161,true,0.2295396815374023
naive,0.1,0.08533751168661849,0.3526885293067426,-0.07361365638495972,0.2648611123402981,true,0.09562372797766917
naive,0.1,0.05722582629006539,0.1899111421439307,-0.029326880910290745,0.2595159358679296,true,0.11509452747881942
naive,0.1,0.12632827821249598,0.04289718503017057,0.03840771752325009,0.371034113891478,true,0.20472091570736403
naive,0.1,0.12087149335827074,0.028663524951256597,0.049753050284429085,0.3510490515978668,true,0.20040105094114796
naive,0.1,0.11978443144740131,0.09558060694921153,0.002397654626391771,0.3639889111505029,true,0.18319328288844736
naive,0.1,0.049818607878957026,0.1409625609633283,-0.019560111130146496,0.3531688046734981,true,0.1668043467716758
naive,0.1,0.10393582385842975,0.002873389397863692,0.14099996870585835,0.48816236354223136,false,0.31458116612404485
naive,0.1,0.06646195012198766,0.10328868508486998,-0.0016635536356112979,0.346053574498946,true,0.17219501043166738
naive,0.1,0.05985046105728856,0.1441429373706078,-0.017644803206928072,0.29727951874374,true,0.13981735776840595
naive,0.1,0.0969289454303403,0.058182078857063335,0.025197217819716372,0.35746763301680107,true,0.1913324254182587
naive,0.1,0.10658219686007686,0.29997753930187016,-0.06351447575880846,0.27993329556721097,true,0.10820940990420126
naive,0.1,0.13960848570270099,0.02175861093712447,0.06678467407894029,0.40494289033270686,true,0.23586378220582357
naive,0.1,0.12778786749244256,0.36049376647748493,-0.07051180757682975,0.24705937974909337,true,0.0882737860861318
naive,0.1,0.10308552697988867,0.012234318962371595,0.08927349570054843,0.4305839521247916,true,0.25992872391267
naive,0.1,0.11001235643345184,0.0031468519866628877,0.12236089711710416,0.4300684128523856,false,0.2762146549847449
naive,0.1,0.13364391763406544,0.14283488309425665,-0.016725411063538698,0.2897369576252073,true,0.1365057732808343
naive,0.1,0.06638095442579149,0.1341007442699009,-0.0146408719177884,0.3136128898748008,true,0.1494860089785062
naive,0.1,0.0873742783603159,0.3102822740362176,-0.06163756606910584,0.26010460931755475,true,0.09923352162422447
naive,0.1,0.09768649597011426,0.025560018823162393,0.05684618669466654,0.37489748008270374,true,0.21587183338868512
naive,0.1,0.06100665209166585,0.04960729516263113,0.03614702877358231,0.4095228750510581,true,0.22283495191232022
naive,0.1,0.12342819024120892,0.0015987361461784991,0.1720620875043247,0.5466005862073156,false,0.35933133685582014
naive,0.1,0.08428146337500554,0.1772232875415577,-0.027997569031181307,0.2836908341521429,true,0.1278466325604808
naive,0.1,0.10169921850577301,0.23883840255042918,-0.04426418574656764,0.267575571013988,true,0.11165569263371018
naive,0.1,0.15279154280198162,0.03620531306263947,0.04239377267147659,0.3524768453300895,true,0.19743530900078304
naive,0.1,0.0336237619518469,0.013569149391312485,0.07974858562328102,0.39828165824144196,false,0.2390151219323615
naive,0.1,0.11703796111639914,0.00036098735014087143,0.18470041002693707,0.5007982825653138,false,0.3427493462961254
naive,0.1,0.1327015916311296,0.1525335983069445,-0.01972561682237009,0.28320242020382447,true,0.13173840169072717
naive,0.1,0.09401164614217587,0.3500116493674499,-0.07771122846617685,0.28220978460064483,true,0.10224927806723398
naive,0.1,0.05721467023986073,0.15935259544160493,-0.028141919304009083,0.3614967571676162,true,0.16667741893180357
naive,0.1,0.1409904648072435,0.021834263573978094,0.0638450803790605,0.38777543874556925,true,0.22581025956231487
naive,0.1,0.10861741785723332,0.32789884328292507,-0.07547905147272516,0.2970707523739815,true,0.11079585045062817
naive,0.1,0.1447670027063146,0.10286899317544491,-0.0012809069256061456,0.3051211250074022,true,0.151920109040898
naive,0.1,0.07677426072855581,0.1730645874898018,-0.319596766520184,0.03001522697241346,false,-0.14479076977388525
naive,0.1,0.16175596530494474,0.008035972106530382,0.09658746766844631,0.41253075496171665,true,0.25455911131508147
naive,0.1,0.1124602465407168,0.08204843062684967,0.00984891750570241,0.35427871933411614,true,0.1820638184199093
naive,0.1,0.13606731956088783,0.026021644925021244,0.06528894316669667,0.4349422758547008,true,0.2501156095106987
naive,0.1,0.11047754355126255,0.07768238486976994,0.01163764453151997,0.33216775927489495,true,0.17190270190320747
naive,0.1,0.06735463864171516,0.13251169733044318,-0.015019952444123436,0.33645390060908453,true,0.16071697408248053
naive,0.1,0.09128701902478584,0.06264127245599782,0.022250762492304788,0.35976456538397106,true,0.19100766393813792
naive,0.1,0.09052610313872121,0.20765460022692173,-0.0410777115003583,0.3100896066620288,true,0.13450594758083523
naive,0.1,0.13905639093945624,0.0485057131001415,0.03310604914536247,0.3650883423360064,true,0.19909719574068444
naive,0.1,0.0971158556892392,0.23434333693845555,-0.04023435957017095,0.25027641710249016,true,0.10502102876615961
naive,0.1,0.09126730327369512,0.08142219205905214,0.009467476601799557,0.328449288204522,true,0.16895838240316077
naive,0.1,0.13613426502043088,0.021764442990908007,0.06873694259670957,0.4168347578238184,true,0.242785850210264
naive,0.1,0.10969037448701817,0.10410921102969808,-0.0019757206722940956,0.32957935042301534,true,0.1638018148753606
naive,0.1,0.08521324165840774,0.1226726971035229,-0.010387925452529756,0.32728631618561965,true,0.15844919536654495
naive,0.1,0.08376790037067855,0.07658402824395205,0.012407053972551596,0.3363244702865181,true,0.17436576212953483
naive,0.1,0.11943068785341092,0.042966533442542115,0.03612901508696573,0.34957750959261746,true,0.1928532623397916
naive,0.1,0.09747979224655455,0.014173376965734083,0.07792571682338006,0.39519978230246894,true,0.2365627495629245
naive,0.1,0.11722958544393848,0.000832429713903577,0.17138159371492653,0.5036265501042916,false,0.33750407190960907
naive,0.1,0.13799428253311552,0.09715070340802702,0.0014354469649923984,0.33938365904302514,true,0.17040955300400876
naive,0.1,0.09502711613068344,0.017025760725650985,0.07023570703187995,0.38192563953167036,true,0.22608067328177514
naive,0.1,0.09799643244483859,0.020161187209390887,0.06310668508112854,0.36908805170674186,true,0.2160973683939352
naive,0.1,0.09705587975798323,0.19633982547385548,-0.031863618834704885,0.2652477871365585,true,0.11669208415092681
naive,0.1,0.1265518810718468,0.005776039940617959,0.11618075468963718,0.4588454690137498,true,0.2875131118516935
naive,0.1,0.08593436226709489,0.10331694338422023,-0.00155915343978566,0.32159514965463076,true,0.16001799810742257
naive,0.1,0.12993239107139523,0.030770256622351493,0.05628454722092058,0.41569400825411446,true,0.23598927773751752
naive,0.1,0.08358713465923304,0.09410680975300684,0.002909236094883416,0.32991213213445303,true,0.16641068411466822
naive,0.1,0.13080737920728677,0.0026547252937307404,0.1288042840930464,0.4403073292228254,true,0.2845558066579359
naive,0.1,0.08161186977192761,0.0182237268775882,0.07477952778386615,0.4182690143463754,true,0.2465242710651208
naive,0.1,0.06746614552504229,0.05959053694836816,0.02643026561349801,0.3902935499220934,true,0.2083619077677957
naive,0.1,0.10482786296774296,0.2171745493861898,-0.04052751482222232,0.28403663466335227,true,0.12175455992056498
naive,0.1,0.11885611524544137,0.011102687601541343,0.08525384280106818,0.39875852041092397,true,0.24200618160599607
naive,0.1,0.08672085327873698,0.10579237109996881,-0.002950795554135882,0.35061229397378,true,0.17383074920982208
naive,0.1,0.08286067684394896,0.06357071828125624,0.023106527162708335,0.3845171954294144,true,0.20381186129606138
naive,0.1,0.10725068547535811,0.22641449248149137,-0.04777043281399776,0.31332385939735274,true,0.1327767132916775
naive,0.1,0.10329437760743003,0.027337287246723255,0.05385224988380016,0.36918460430142014,true,0.21151842709261015
naive,0.1,0.092955574832781,0.02111113242854246,0.07186868805125163,0.4294750435796792,true,0.2506718658154654
naive,0.1,0.13075209049804914,0.0652096989517425,0.020666117504865383,0.3623632105911099,true,0.19151466404798764
naive,0.1,0.047981826907893044,0.1385346922884267,-0.31059709239705413,0.016252928496972657,false,-0.14717208195004075
naive,0.1,0.15233377678338086,0.08203781311385576,0.009865366401308057,0.354649186125388,true,0.18225727626334803
naive,0.1,0.07375654113976259,0.19935493925532688,-0.03515733619544405,0.284813541496041,true,0.12482810265029846
naive,0.1,0.07279179941868813,0.004715498423752134,0.1079369317109331,0.40859846467567895,false,0.25826769819330603
naive,0.1,0.08744264236835081,0.2685784685121738,-0.051526894811777205,0.26324520695177056,true,0.10585915606999667
naive,0.1,0.11573434642600942,0.18168242625884762,-0.03263269655526166,0.3144917576539952,true,0.14092953054936677
naive,0.1,0.08387109514109949,0.0764947149177999,0.012195693427228732,0.3292433193385189,true,0.1707195063828738
naive,0.1,0.11105922810145094,0.032062343637494585,0.05263507668264336,0.39979089849085236,true,0.22621298758674785
naive,0.1,0.11782863754813244,0.05170835031182887,0.031205574854284823,0.3725993757029103,true,0.20190247527859756
naive,0.1,0.0867108807724945,0.1023139330029419,-0.0011164140365959307,0.32928197152774163,true,0.16408277874557287
naive,0.1,0.06590998354022379,0.13852692958190566,-0.016949046815878166,0.3239608036813947,true,0.15350587843275826
naive,0.1,0.08194998787887768,0.23074011060175778,-0.04324033411645928,0.27541632316736436,true,0.11608799452545254
naive,0.1,0.07161265018647983,0.01163151323113234,0.09498515036240826,0.45076502554357445,false,0.27287508795299137
naive,0.1,0.09334431632708592,0.15259785582311616,-0.02053863414380039,0.29454542204969847,true,0.13700339395294905
naive,0.1,0.13256960159335565,0.05583381827875445,0.02803310213362381,0.372813210202084,true,0.20042315616785392
naive,0.1,0.07509090237650907,0.1283171383018083,-0.012404149973437917,0.3164593959965154,true,0.15202762301153874
naive,0.1,0.10901180398941351,0.06952993715591076,0.02058354160217188,0.41864926406226366,true,0.21961640283221778
naive,0.1,0.05581415955382731,0.24884916591013218,-0.043486796065562355,0.24745794545097857,true,0.10198557469270811
naive,0.1,0.11731172468243381,0.014197495170462354,0.07201107786108049,0.3654258576203473,true,0.2187184677407139
naive,0.1,0.0847599345385817,0.18391191745179195,-0.03698845758577746,0.34802083331101635,true,0.15551618786261945
naive,0.1,0.10729715829932578,0.020721491563274172,0.0694832274706079,0.4115824231511195,true,0.24053282531086367
naive,0.1,0.09873198139225192,0.06175457254920583,0.0218822601541889,0.34440096410218024,true,0.18314161212818456
naive,0.1,0.09581832869804127,0.2564745378689942,-0.04349960835773786,0.23704081551758166,true,0.0967706035799219
naive,0.1,0.11431406198083918,0.00008927346289303172,0.24682603729061192,0.6040281249631915,false,0.4254270811269017
naive,0.1,0.08762817666703426,0.00047500292365495263,0.20587313526336604,0.5720367013097323,false,0.38895491828654916
naive,0.1,0.05568055499577312,0.031800053861253924,0.052809721407383936,0.39884021310046697,true,0.22582496725392545
naive,0.1,0.09464908197691381,0.12563714273645854,-0.010483694278632882,0.293865071037899,true,0.14169068837963306
naive,0.1,0.1027160250591285,0.23630239867453087,-0.050735765157481044,0.31165075126083164,true,0.1304574930516753
naive,0.1,0.12671227428025253,0.11677338842406075,-0.006909089778165289,0.2906213680935663,true,0.1418561391577005
naive,0.1,0.11429349420116218,0.07622451361238997,0.013820315480750633,0.3685382398439191,true,0.19117927766233486
naive,0.1,0.11524670149378492,0.04053690618051676,0.0372419262678777,0.3409614801283974,true,0.18910170319813754
naive,0.1,0.0962263900378804,0.0013351124414902233,0.1502438900821832,0.46637305480440483,false,0.308308472443294
naive,0.1,0.08000962507427113,0.2206946446701261,-0.33772007172409774,0.04945049832820664,false,-0.14413478669794555
naive,0.1,0.12628013245499844,0.13264599743401467,-0.013955640676068387,0.3114056592124137,true,0.14872500926817264
naive,0.1,0.07397106275143027,0.15190275946263995,-0.01943625746272079,0.28215025063868526,true,0.13135699658798222
naive,0.1,0.0947583020536403,0.06417825457227642,0.020640205264235267,0.350115611231642,true,0.18537790824793862
naive,0.1,0.10174120336031774,0.030392115247505336,0.04976147900587635,0.36451692744268044,true,0.2071392032242784
naive,0.1,0.13632868483739596,0.05499404709229356,0.02668389570994245,0.34697551617561545,true,0.18682970594277895
naive,0.1,0.1357344982448413,0.012095576099797866,0.08821765720662889,0.4239187891662508,true,0.25606822318643985
naive,0.1,0.07888005428023608,0.030574107144908044,0.05070375962258611,0.3728876085784251,true,0.21179568410050562
naive,0.1,0.13508070130669317,0.015705147085623507,0.07268762588883762,0.3828948385027784,true,0.227791232195808
naive,0.1,0.10011111029559945,0.5894964102036064,-0.11042935195155325,0.21824547613543,true,0.053908062091938366
naive,0.1,0.09575184888652538,0.014932143884185158,0.07502187553916231,0.3877567038755543,true,0.23138928970735828
naive,0.1,0.1562863022585773,0.07114201456726182,0.016301190714209463,0.35206003548353104,true,0.18418061309887024
naive,0.1,0.11207915664568183,0.17966542605114427,-0.03456441107382213,0.3406216705305741,true,0.153028629728376
naive,0.1,0.10797593022253625,0.2689697210390502,-0.051774338352714014,0.2639794121587223,true,0.10610253690300413
naive,0.1,0.1295502625468797,0.07576037058997608,0.013905510805294119,0.3631582009188465,true,0.1885318558620703
naive,0.1,0.0978765058992132,0.1373147014994967,-0.01763351528141638,0.3472308498603462,true,0.1647986672894649
naive,0.1,0.13217191040643889,0.007963903645540091,0.10331594894375237,0.44024946747448457,true,0.2717827082091185
naive,0.1,0.09625280732591307,0.02284405061731366,0.06603538299162634,0.41021198318150076,true,0.23812368308656356
naive,0.1,0.11686535253066528,0.1857287871396184,-0.032754120320045155,0.30236375232183105,true,0.13480481600089295
naive,0.1,0.05969264301838778,0.11436652793878738,-0.005637049961263296,0.27539400828355814,true,0.13487847916114742
naive,0.1,0.10738781809927002,0.0021340482352637078,0.15613173543339107,0.5163042926320177,false,0.3362180140327044
naive,0.1,0.12878495101890838,0.005942661997802441,0.11328780695293006,0.4502303982306407,true,0.2817591025917854
naive,0.1,0.09323204299668211,0.12056050936168375,-0.008930580972143581,0.3089262616984081,true,0.14999784036313227
naive,0.1,0.13117413314315007,0.0022121858799127895,0.15050239761882747,0.5003268239742769,false,0.32541461079655215
naive,0.1,0.11903272544625354,0.01154378529842082,0.09212913409496251,0.4361690128239267,true,0.2641490734594446
naive,0.1,0.12627172862920355,0.06590751762533748,0.017918585969046663,0.3214579983642718,true,0.16968829216665923
naive,0.1,0.1036618232896494,0.24231643335391057,-0.04938955836087745,0.29220945405637017,true,0.12140994784774635
naive,0.1,0.12437977151312153,0.022204349203375016,0.06679745017554564,0.40907773904906763,true,0.23793759461230662
naive,0.1,0.10619953710828857,0.2069557754903172,-0.03467976652851629,0.2632944041407883,true,0.11430731880613601
naive,0.1,0.11525244628812226,0.002469859017988076,0.1377738723767414,0.4656931744830105,false,0.30173352342987597
naive,0.1,0.08839686010821245,0.06003049714343498,0.025776549392626635,0.3855201782864261,true,0.20564836383952637
naive,0.1,0.1059878453039425,0.029862074559141756,0.05548531786478869,0.4018025793466131,true,0.22864394860570092
naive,0.1,0.08128633358347391,0.10858542112185716,-0.0040798379029695075,0.3292090082552227,true,0.1625645851761266
naive,0.1,0.0952222484363463,0.003451344664309995,0.15054755035707085,0.5376082286912307,false,0.34407788952415075
naive,0.1,0.07337640325595812,0.08258036121218601,0.010780032601689055,0.40025852613969337,true,0.2055192793706912
naive,0.1,0.07764182737637321,0.08242371820523628,0.008942088198791887,0.32890139511178046,true,0.16892174165528617
naive,0.1,0.10195059986081374,0.0002938862424504493,0.19872137487749003,0.529596402285825,false,0.3641588885816575
naive,0.1,0.1252142716414055,0.1478224916821542,-0.017871491064513773,0.27967708240349576,true,0.13090279566949098
naive,0.1,0.10592443561743967,0.00002232397834931804,0.28213233306304486,0.6397353475807815,false,0.4609338403219132
naive,0.1,0.0946298212615562,0.18595761496540458,-0.02932767435998951,0.2700923830380381,true,0.1203823543390243
naive,0.1,0.10733713468496983,0.20579909169674448,-0.04105426759574346,0.31468332857550074,true,0.13681453048987866
naive,0.1,0.14904979654115724,0.21432424857533072,-0.04297910956004433,0.30778188507977344,true,0.13240138775986454
naive,0.1,0.0816137069441795,0.07093240291336896,0.017115394621216917,0.36671129018538945,true,0.19191334240330318
naive,0.1,0.04017457371954994,0.058547804293972515,0.02488729555624622,0.35672863890994444,true,0.19080796723309534
naive,0.1,0.12879204505369926,0.06868977972350529,0.016554146222449717,0.3266791094346744,true,0.17161662782856205
naive,0.1,0.09260701040709333,0.014657283880533814,0.07867988306718723,0.4038951879450503,true,0.24128753550611876
naive,0.1,0.08065258012340694,0.11876431849288059,-0.008131582789356662,0.30705363286103615,true,0.14946102503583975
naive,0.1,0.1487477947912896,0.0009084686403660817,0.16938789499819773,0.5025467949736998,false,0.33596734498594877
naive,0.1,0.09638257790749137,0.0006804477984082604,0.16486772357641447,0.4743520478009602,false,0.3196098856886873
naive,0.1,0.1223726577397203,0.02059487456608222,0.061663445232669645,0.3642164744183251,true,0.21293995982549738
naive,0.1,0.08699852380355891,0.42903917630738375,-0.2786132419467186,0.09768908152817159,true,-0.0904620802092735
naive,0.1,0.05884017320785841,0.3429088148429069,-0.06755155042135866,0.2515443731084871,true,0.0919964113435642
naive,0.1,0.06890939952889552,0.027929906032073053,0.05640854972500908,0.3917216873693554,true,0.22406511854718225
naive,0.1,0.06222961859879984,0.028501016402149585,0.056884328312773874,0.3999534844353694,true,0.2284189063740716
naive,0.1,0.09205753471525473,0.05400487421657432,0.029441764157981276,0.37296685109193184,true,0.20120430762495656
naive,0.1,0.08461691876562784,0.08783899059280126,0.006668742332696681,0.3601958005625171,true,0.18343227144760688
naive,0.1,0.14197611719194816,0.00001883458904170449,0.2511074875248869,0.5647943249085101,false,0.4079509062166985
naive,0.1,0.10023569972678811,0.044009386620782444,0.033622787847880975,0.3332565320798106,true,0.18343965996384579
naive,0.1,0.053726264298772586,0.02323971280471157,0.06192759394795477,0.3880852368209047,false,0.22500641538442973
naive,0.1,0.13142409748717687,0.15374813529927492,-0.018667809533530394,0.26247325484908757,true,0.12190272265777857
naive,0.1,0.13113339851047034,0.017047510634344478,0.07936260195654707,0.43177880672659763,true,0.25557070434157236
naive,0.1,0.05441932583940226,0.15930165180206457,-0.023556071353938668,0.3028253976800622,true,0.13963466316306178
naive,0.1,0.10187224634291275,0.24617123049639766,-0.04743817111820495,0.2742279597402424,true,0.1133948943110187
naive,0.1,0.09120252190111956,0.2716797784022145,-0.052798243988432025,0.2655200657531796,true,0.10636091088237379
naive,0.1,0.08903202457651985,0.01999739875668753,0.06582931520991203,0.38357765971213115,true,0.2247034874610216
naive,0.1,0.060731182304373396,0.16656808180156008,-0.02564857320396055,0.296967357985901,true,0.13565939239097025
naive,0.1,0.025752267778360073,0.07932961045041884,0.011508154355281186,0.35650548418510425,true,0.18400681927019272
naive,0.1,0.11731539094501767,0.0008455922752372224,0.16064091096469477,0.4728654258986773,false,0.31675316843168605
naive,0.1,0.10687216057326891,0.1856232129727635,-0.030774983028015457,0.2844050939975506,true,0.12681505548476757
naive,0.1,0.11639256519952179,0.015197467767072871,0.07427707308656445,0.38643143575233113,true,0.2303542544194478
naive,0.1,0.1456239076263557,0.055202286460131714,0.02880979818772353,0.3767040708471233,true,0.20275693451742344
naive,0.1,0.11150103913330166,0.05936745681645434,0.029609273653006002,0.43444033138100924,true,0.23202480251700763
naive,0.1,0.1508470996974324,0.09773404070337828,0.0010850282399760824,0.3230602575574353,true,0.16207264289870568
naive,0.1,0.04420195547309564,0.11001284660426465,-0.004978277533198433,0.3455717551588977,true,0.17029673881284965
naive,0.1,0.08980801977389655,0.038415719680949506,0.04425669840472404,0.3863923184195184,true,0.21532450841212122
naive,0.1,0.13968984216008531,0.006816114822049336,0.106255471075971,0.435756799409453,true,0.271006135242712
naive,0.1,0.029857007967854846,0.19804017476091,-0.036721322124741745,0.3010001042743874,true,0.1321393910748228
naive,0.1,0.08694968642267477,0.1415885323767802,-0.018584711903037454,0.33087164950603093,true,0.15614346880149674
naive,0.1,0.1269644125110123,0.04603034898915402,0.0368885499494081,0.3833514267394601,true,0.2101199883444341
naive,0.1,0.11130964477019077,0.18597660310340974,-0.03209094487401348,0.2954826281236454,true,0.13169584162481596
naive,0.1,0.09510972751515902,0.17714585468240046,-0.02849293690192714,0.2889694030787303,true,0.13023823308840157
naive,0.1,0.13528060612386567,0.009934191193113659,0.09907521964577037,0.4483124963472517,true,0.273693857996511
naive,0.1,0.11674737372104398,0.021527509151617143,0.06405038347898104,0.38635601182447077,true,0.2252031976517259
naive,0.1,0.10734892381965298,0.13879265918292827,-0.01636702249940805,0.3108416876438619,true,0.14723733257222693
naive,0.1,0.08127912965163066,0.13025028487884321,-0.012924385967606339,0.3098181322256699,true,0.14844687312903176
naive,0.1,0.10358445617184771,0.00018671734698503305,0.20360463261754963,0.5238550024900517,false,0.3637298175538006
naive,0.1,0.0798888978057351,0.18582452375722736,-0.03259699329009816,0.3006148524436014,true,0.13400892957675165
naive,0.1,0.12358747072629413,0.004405796523716505,0.11386506272682312,0.42531898763626036,true,0.26959202518154174
naive,0.1,0.11111603556743674,0.20302971250170607,-0.04299007162561849,0.33730000273915817,true,0.14715496555676985
naive,0.1,0.1484929706174498,0.05638040343773102,0.025288223911370422,0.3413268257941584,true,0.18330752485276441
naive,0.1,0.11335842530075872,0.20386126167431348,-0.0338268252548741,0.26353429399028605,true,0.11485373436770596
naive,0.1,0.07080585884666751,0.1716342826762745,-0.031095766111412293,0.3370312414329737,true,0.1529677376607807
naive,0.1,0.12895698332324323,0.3790349695226334,-0.2604748604376003,0.0789492052519122,false,-0.09076282759284406
naive,0.1,0.07731294219659368,0.01788575596520982,0.0771252444304876,0.4279924283616404,true,0.252558836396064
naive,0.1,0.15810540183302452,0.22529025062707814,-0.04582275918646311,0.30289996147593196,true,0.12853860114473442
naive,0.1,0.0690607028976074,0.16311556057537893,-0.023867116076594475,0.2899649014053336,true,0.13304889266436956
naive,0.1,0.1246832960823076,0.005613065182556132,0.11710199301910057,0.45961669453360815,true,0.28835934377635436
naive,0.1,0.11269783217797556,0.22319017976837532,-0.04662076733448289,0.3127544994778338,true,0.13306686607167545
naive,0.1,0.07512175038855069,0.010580642807327725,0.09329695925711246,0.43005380960443285,false,0.26167538443077265
naive,0.1,0.0956941379801593,0.028594718140841514,0.05616654956843964,0.39571046978902974,true,0.2259385096787347
naive,0.1,0.08687294243465284,0.1967925180024291,-0.03994369138293266,0.3311362829358021,true,0.14559629577643474
naive,0.1,0.11785709719498774,0.16019584214723373,-0.023824836618507483,0.3021467113445845,true,0.1391609373630385
naive,0.1,0.07132896525883088,0.16715570724566356,-0.02649497868650655,0.3043452003418132,true,0.13892511082765333
naive,0.1,0.12184892615328966,0.07905470193604004,0.012562480715302887,0.3837271046161679,true,0.1981447926657354
naive,0.1,0.061333752680009415,0.04143231563660603,0.04635116682144022,0.43304286913427026,true,0.23969701797785523
naive,0.1,0.1479412795079499,0.030080877833143265,0.05021910283521802,0.3653956592651395,true,0.20780738105017876
naive,0.1,0.10290923046658944,0.14588067702745414,-0.017451432063112504,0.283729167483209,true,0.13313886771004824
naive,0.1,0.14002804868094268,0.010412902228247157,0.09557370029923984,0.4384584533356146,true,0.26701607681742723
naive,0.1,0.0867707712898632,0.0008510239290470227,0.17448974282115706,0.513988088582818,false,0.3442389157019875
naive,0.1,0.1288416906802693,0.20122593196210034,-0.03299752043180666,0.2629567658085291,true,0.11497962268836122
naive,0.1,0.10713360107282548,0.00023561073042463766,0.19129044951715668,0.5008948646819005,false,0.3460926570995286
naive,0.1,0.09601823418445138,0.22351410261835641,-0.04503312113732985,0.3014121146672827,true,0.12818949676497643
naive,0.1,0.09156281182365293,0.03607703575526746,0.04652634128563671,0.3857473501278415,true,0.2161368457067391
naive,0.1,0.10630372385026793,0.12053640234931047,-0.010536481125668296,0.36488701659149847,true,0.1771752677329151
naive,0.1,0.12930619830967288,0.08368736107142322,0.009224162942393282,0.3669500542433429,true,0.18808710859286812
naive,0.1,0.15118599114968773,0.013028004949270613,0.07964334118822178,0.39224075656538027,true,0.23594204887680104
naive,0.1,0.10940633204001086,0.014851299342916634,0.08521424091437735,0.4395547552695839,true,0.2623844980919806
naive,0.1,0.11088940267727361,0.027586489492858184,0.05854624222039387,0.40354456998170174,true,0.23104540610104782
naive,0.1,0.1088712424505315,0.39869629981108207,-0.0768964025941632,0.2389558877331579,true,0.08102974256949735
naive,0.1,0.08867235117032425,0.0158289721519704,0.07463362488807163,0.3943323854609937,true,0.23448300517453266
naive,0.1,0.06520032482927468,0.11237059437359082,-0.00616985287027394,0.34851101188077666,true,0.17117057950525136
naive,0.1,0.09266668689703189,0.20430487108739243,-0.041165190994012724,0.31950496166530856,true,0.13916988533564792
naive,0.1,0.12131524395945022,0.0007496983235810545,0.16378975953412708,0.47599113419646366,false,0.3198904468652954
naive,0.1,0.092616685399916,0.03563518836118714,0.0421000094088394,0.34567958694664136,true,0.19388979817774038
naive,0.1,0.0954592344805282,0.06329375704208497,0.021242767077554098,0.3504599137141937,true,0.1858513403958739
naive,0.1,0.06399782166504595,0.10201760810246903,-0.0009745585787898914,0.3294184279917133,true,0.1642219347064617
naive,0.1,0.08505169426372212,0.10755253214157219,-0.003695730883965631,0.3381849782749061,true,0.16724462369547025
naive,0.1,0.07320376616989066,0.08126807453537825,0.010721059217545348,0.36870457837905524,true,0.1897128187983003
naive,0.1,0.11477070579724111,0.1952404855365974,-0.03536358994959443,0.29738353592071815,true,0.13100997298556186
naive,0.1,0.1033816765293228,0.01483005650665326,0.07580361028349861,0.39080640373434405,true,0.23330500700892134
naive,0.1,0.11653647026833899,0.016512895172059942,0.06785647107323389,0.3644954107979891,true,0.2161759409356115
naive,0.1,0.11089584256439206,0.033776864753770126,0.04749499751593736,0.37445429714524636,true,0.21097464733059187
naive,0.1,0.10535320791181098,0.10029727178394558,-0.000133332417590587,0.30458050370264145,true,0.15222358564252542
naive,0.1,0.09333174706387573,0.08867142534829446,0.006140862393369917,0.3568982596330789,true,0.18151956101322442
naive,0.1,0.10093358267964553,0.09767164697045057,0.0013012932794607412,0.3770086158479279,true,0.1891549545636943
naive,0.1,0.09687900872196611,0.07745835694157524,0.011995768112818689,0.3387432020461205,true,0.17536948507946962
naive,0.1,0.10983525298153446,0.014137925983606888,0.09853065134546157,0.49925083837877005,true,0.2988907448621158
naive,0.1,0.08535158107467285,0.0009441590278235933,0.15752439006271649,0.4693595050378234,false,0.31344194755026994
naive,0.1,0.0988578203829414,0.11076029950675752,-0.004771257817312136,0.3087199363641903,true,0.1519743392734391
naive,0.1,0.13801889148586566,0.1655039947188847,-0.024569299949868534,0.2886389830694652,true,0.13203484155979836
naive,0.1,0.07534842435737307,0.06515837184332522,0.02251087530059115,0.39405183794328125,true,0.2082813566219362
naive,0.1,0.12890749541891003,0.008598618934478714,0.10288548810952997,0.4472861883727373,true,0.27508583824113364
naive,0.1,0.1480390578318867,0.01670946366686421,0.07386491270537635,0.39864262084333535,true,0.23625376677435586
naive,0.1,0.11298941054510021,0.22110953092379035,-0.04183700841734987,0.28486877207384564,true,0.1215158818282479
naive,0.1,0.10904563861016031,0.021026968287162162,0.06476690339578406,0.3863021830111647,true,0.22553454320347438
naive,0.1,0.10730028908984642,0.19077615649046248,-0.03483299357573891,0.3056350387543775,true,0.1354010225893193
naive,0.1,0.10900797353783391,0.04056704889440541,0.04745484294889918,0.43475934083416995,true,0.24110709189153456
naive,0.1,0.09224095949190048,0.15972543770261974,-0.02397771227350967,0.3062588216224056,true,0.14114055467444794
naive,0.1,0.08582262221831677,0.0029449749446458,0.1420641598455704,0.4938329241220897,false,0.31794854198383005
naive,0.1,0.11547290027257733,0.10322055775392143,-0.0016747843215422498,0.3557005742427196,true,0.1770128949605887
naive,0.1,0.0986066600657007,0.012096552331608468,0.08796342009876365,0.4227081227775731,true,0.2553357714381684
naive,0.1,0.0908343357251802,0.031765493952847924,0.0515651879530305,0.38914902276408914,true,0.22035710535855982
naive,0.1,0.13081864328461523,0.3102065455330309,-0.0633209643844301,0.26729170416608117,true,0.10198536989082554
naive,0.1,0.0280535367918923,0.3775841934564408,-0.09060939220872481,0.30031440497475653,true,0.10485250638301587
naive,0.1,0.09226225132793747,0.03200281447808177,0.045428063185482315,0.3446042301981328,true,0.19501614669180756
naive,0.1,0.06293036338271944,0.05935418792579298,0.024716257107995493,0.3625097226588656,true,0.19361298988343056
naive,0.1,0.10684271661556853,0.0027699842457778578,0.12736880663682307,0.4383609999587441,false,0.2828649032977836
naive,0.1,0.12123934304553259,0.016386393339148684,0.084825037616101,0.45426062193183764,true,0.2695428297739693
naive,0.1,0.08600978529813903,0.0028968276867107246,0.12192194311320967,0.4226716690151372,false,0.27229680606417345
naive,0.1,0.11622481413160658,0.2499590048599628,-0.05462930923774631,0.30886732976904285,true,0.12711901026564829
naive,0.1,0.1186014469622849,0.10682879974411795,-0.0030209179858537993,0.305213476567674,true,0.1510962792909101
naive,0.1,0.07001212876095551,0.03710268837683556,0.04737760966631821,0.40177965000901267,true,0.22457862983766544
naive,0.1,0.10336811402075732,0.07015298081129027,0.016907626869912262,0.3518375061783811,true,0.18437256652414669
naive,0.1,0.1289481065296729,0.033172903949087555,0.048653518487442954,0.37857660754737477,true,0.21361506301740887
naive,0.1,0.1479275192054264,0.00408318905156002,0.13430713915007567,0.49445386743134556,true,0.3143805032907106
naive,0.1,0.10448918559084819,0.18011617899601784,-0.27577134431876726,0.028125038987994233,false,-0.12382315266538652
naive,0.1,0.09576991343716304,0.0613893397073222,0.02240091629053395,0.3487233013425711,true,0.18556210881655255
naive,0.1,0.1257237766736036,0.021315473819602675,0.07044134850380282,0.42288681002453377,true,0.24666407926416828
naive,0.1,0.100555091741135,0.6003825203970392,-0.11603334595559875,0.22447930149365028,true,0.054222977769025765
naive,0.1,0.10608550995090402,0.011864304859737652,0.09585694023581659,0.4577768701623003,true,0.27681690519905844
naive,0.1,0.11521694071577275,0.10883307046153715,-0.004151452039029141,0.32578233553024527,true,0.16081544174560805
naive,0.1,0.09096309085722593,0.014433800461098323,0.07510688318035585,0.38340594929044236,true,0.2292564162353991
naive,0.1,0.09345359793602481,0.015192536649548664,0.08103793964047201,0.42155409166105595,true,0.251296015650764
naive,0.1,0.10796827219060373,0.0012970703247202145,0.15759771773035594,0.4874482587042678,false,0.32252298821731185
naive,0.1,0.11129165352966053,0.020930466756196076,0.06817347099089685,0.40573604995042645,true,0.23695476047066164
naive,0.1,0.12123229112619323,0.20579850869101166,-0.041022534694950624,0.3144416171960005,true,0.13670954125052495
naive,0.1,0.10408287342001078,0.22044517974432087,-0.042771586524852856,0.29263527055434985,true,0.1249318420147485
naive,0.1,0.1107627265283842,0.0024629852286770044,0.13771213428722753,0.4652848578448413,false,0.3014984960660344
naive,0.1,0.0759510313674035,0.033307107323707126,-0.4202480124098553,-0.05385149894637087,false,-0.2370497556781131
naive,0.1,0.12557305961710682,0.025710484528514772,0.055442734644647385,0.3668466966673219,true,0.21114471565598464
naive,0.1,0.0863594800539754,0.3187698073801597,-0.06495965120557634,0.26489052949183095,true,0.0999654391431273
naive,0.1,0.07545935699340137,0.16017959057108747,-0.026557907730468677,0.33689008180088165,true,0.15516608703520648
naive,0.1,0.11285226772214484,0.23226178219446642,-0.04403234103096053,0.27764933829829935,true,0.11680849863366942
naive,0.1,0.12525698984025865,0.08343237818185914,0.00844680214209792,0.3306018232589065,true,0.16952431270050222
naive,0.1,0.0950799607468263,0.336854246450154,-0.07083800085670271,0.2696322186399685,true,0.0993971088916329
naive,0.1,0.12088048495541727,0.0597478576739607,0.022302576027312254,0.3308398380428018,true,0.17657120703505702
naive,0.1,0.11820482413902482,0.0029471273055539588,0.12265585116839911,0.42641846352512197,false,0.27453715734676054
naive,0.1,0.12645571821296753,0.13076598509279208,-0.013064452792686171,0.3082309713514543,true,0.14758325927938404
naive,0.1,0.06310992287070068,0.0859603141228054,0.007412536758802185,0.34492414334491284,true,0.17616834005185752
naive,0.1,0.1261809642155557,0.012823875214203802,0.07936616531755203,0.3888006592995449,true,0.23408341230854846
naive,0.1,0.08530494862377189,0.009844374927276899,0.10298286598952255,0.4647784764815108,false,0.2838806712355167
naive,0.1,0.1207031132577894,0.031242813206452696,0.0602362571568327,0.4494617754111495,true,0.2548490162839911
naive,0.1,0.08769246859278496,0.01752523866210616,0.07778544068243254,0.42801186906848177,true,0.25289865487545715
naive,0.1,0.11599578249458059,0.05144172168120415,0.028977476702842314,0.3436695968411797,true,0.18632353677201102
naive,0.1,0.14859104639182685,0.0011208487081033182,0.14624089646978786,0.4444175365597176,true,0.29532921651475275
naive,0.1,0.07103664244193351,0.09509639615791844,0.002221272496872928,0.30352660349566696,true,0.15287393799626994
naive,0.1,0.07291282792130177,0.09022270768206445,0.005104130240281862,0.345208135123904,true,0.17515613268209296
naive,0.1,0.051001333184018234,0.014369119449256068,0.08352630038228429,0.425694321591504,false,0.25461031098689413
naive,0.1,0.09904708554357347,0.03037446434296912,0.05850445938515278,0.4283977899904349,true,0.2434511246877938
naive,0.1,0.11545943083949067,0.007595747751040443,0.11900667751188548,0.5010757131998678,false,0.31004119535587665
naive,0.1,0.107656958485867,0.06934744701742543,0.018725655502989075,0.37834865661368355,true,0.1985371560583363
naive,0.1,0.08124884991253313,0.05783277067182405,0.025225214932229928,0.354381741779938,true,0.18980347835608397
naive,0.1,0.12564017796882368,0.007693915306145741,0.10393366175294316,0.43902217490866413,true,0.27147791833080365
naive,0.1,0.07702571003101438,0.10644273217935321,-0.002917266769136201,0.31211871289907156,true,0.1546007230649677
naive,0.1,0.08266292069153151,0.5114223600943282,-0.09940898237411804,0.23151272155115205,true,0.06605186958851701
naive,0.1,0.07587759829863089,0.14192292007289953,-0.01866431134693261,0.32983201969436227,true,0.15558385417371484
naive,0.1,0.03526855430052986,0.2759636918080145,-0.267198514668612,0.054276709738433015,true,-0.10646090246508949
naive,0.1,0.05079787779002562,0.10533647254550393,-0.0026535973495478704,0.34186409284405794,true,0.16960524774725502
naive,0.1,0.10266602785745071,0.051285373221357906,0.03208341388437541,0.3790079424321029,true,0.20554567815823915
naive,0.1,0.14055427740808207,0.08451188785971821,0.009776660830501271,0.410639262918868,true,0.21020796187468463
naive,0.1,0.0895493276220552,0.09061828555699773,0.00499930351388464,0.3527617498006249,true,0.1788805266572548
naive,0.1,0.13092267862086754,0.0013965982296077237,0.1571749890533525,0.49065441650297303,false,0.32391470277816276
naive,0.1,0.10368849329021425,0.03772468603696668,0.0428629357783942,0.3685281229637053,true,0.20569552937104976
naive,0.1,0.1440181344529697,0.010918024667735986,0.09319641798189934,0.4336775113544562,true,0.2634369646681778
naive,0.1,0.07895476062333875,0.0645152169554589,0.0217651870423074,0.37318336854232204,true,0.19747427779231472
naive,0.1,0.13612532528985494,0.011577881365744901,0.10094894318001707,0.4783688417562863,true,0.2896588924681517
naive,0.1,0.09659913634507637,0.15127125666767968,-0.26832193551729744,0.01827762144255532,false,-0.12502215703737105
naive,0.1,0.10959461068313534,0.15249669486146814,-0.020240060342747362,0.2907752021112461,true,0.13526757088424934
naive,0.1,0.07694768914724749,0.2833749123781924,-0.056816753092324104,0.26990131359413394,true,0.10654228025090491
naive,0.1,0.13495072957225693,0.013440073494467623,0.07541374452252195,0.3753872976148289,true,0.22540052106867545
naive,0.1,0.11775073423244087,0.04307494925115805,0.036157553695165656,0.3507269171480401,true,0.19344223542160288
naive,0.1,0.07923151671198007,0.0554588410679608,0.03170812166044035,0.41745674201932015,true,0.22458243183988025
naive,0.1,0.09896293676136947,0.11153759756557811,-0.005052475434891013,0.305427854074542,true,0.15018768931982548
naive,0.1,0.05764811253662862,0.02772178705435878,0.05624703895366412,0.38883824312249515,true,0.22254264103807964
naive,0.1,0.10644029350276926,0.07501925997192657,0.013128804947535433,0.3318902376826655,true,0.17250952131510047
naive,0.1,0.07828346328352724,0.008574939462336208,0.09728829466146505,0.4226422968589024,false,0.25996529576018373
naive,0.1,0.10513369202889128,0.051076832009518146,0.02879856073699827,0.3384227606313091,true,0.1836106606841537
naive,0.1,0.10528510195671863,0.1175672391104093,-0.007620725301769521,0.3065911195825962,true,0.14948519714041333
naive,0.1,0.060636999601322975,0.09504035140188606,0.0024227671669131423,0.3272704462831944,true,0.16484660672505377
naive,0.1,0.12968447167418237,0.039753239491409,0.04450444436231177,0.4003350961169463,true,0.22241977023962903
naive,0.1,0.07505499701605464,0.08007271683406349,0.009800658333435797,0.31566432152419394,true,0.16273248992881487
naive,0.1,0.10119562321822824,0.038824788459687024,0.043504259758845004,0.3832982233806399,true,0.21340124156974244
naive,0.1,0.12948890731057916,0.12591855993681825,-0.011858933507813696,0.3289891745938809,true,0.1585651205430336
naive,0.1,0.13534936421931046,0.10445596702794108,-0.0024099526890385414,0.37104157199784044,true,0.18431580965440095
naive,0.1,0.10633929037586642,0.04385589141774277,0.0410755935579441,0.4056798251646165,true,0.2233777093612803
naive,0.1,0.14251048448909556,0.010341049475798229,0.08230554050002159,0.37681666343228887,true,0.22956110196615523
naive,0.1,0.1165648494019778,0.13871723523821328,-0.015261555092313195,0.2903719869109963,true,0.13755521590934155
naive,0.1,0.12646875961846457,0.1089137007148764,-0.004046018478135155,0.3146950397177988,true,0.15532451061983182
naive,0.1,0.04199984796074586,0.04172165921397413,0.04270283051770349,0.40158950539877813,false,0.2221461679582408
naive,0.1,0.05627193091153424,0.010345948518900222,0.09363052633398877,0.42872537814456496,false,0.26117795223927687
naive,0.1,0.08657625025837729,0.22488274529667865,-0.04743107146704706,0.31442365498222136,true,0.13349629175758715
naive,0.1,0.05139810112349852,0.16209635602267286,-0.025426270409835194,0.313494606304593,true,0.14403416794737892
naive,0.1,0.14649430865576657,0.04146831233551963,0.040641610094527686,0.38001087027758784,true,0.21032624018605778
naive,0.1,0.11969539537846945,0.011487957896216162,0.08796713037467288,0.41583101167207115,true,0.251899071023372
naive,0.1,0.08196956839156327,0.06737709756730163,0.017060981606882075,0.3216006042512594,true,0.16933079292907074
naive,0.1,0.04532857161383887,0.09257775546750707,0.003523907207854282,0.31599018568544246,true,0.15975704644664837
naive,0.1,0.1355576820406483,0.13846013548892758,-0.01589294498885649,0.3042656481112922,true,0.14418635156121787
naive,0.1,0.10025093217357464,0.12541523613487687,-0.011455051969300717,0.3237529023395227,true,0.156148925185111
naive,0.1,0.13127090583994758,0.07262615786906036,0.015193174389771247,0.34769277523791076,true,0.181442974813841
naive,0.1,0.039651844862804625,0.3813269803641041,-0.0650089862790117,0.21294865745391067,true,0.07396983558744949
naive,0.1,0.11813187215095122,0.029490268027874113,0.05473622350031096,0.3931960137279301,true,0.22396611861412055
naive,0.1,0.07225088734808388,0.2097373133931894,-0.04191042343406892,0.3110982496881696,true,0.13459391312705035
naive,0.1,0.11426673889873104,0.016517162264118247,0.0726684179835119,0.3903830604489258,true,0.23152573921621883
naive,0.1,0.052071980581214115,0.1347827317718501,-0.01568151868379747,0.32973550596455686,true,0.1570269936403797
naive,0.1,0.08387628072955308,0.1313729407785054,-0.013168963117177301,0.30503905573323853,true,0.1459350463080306
naive,0.1,0.12246607161582566,0.0005609148203953923,0.1650914650225818,0.4659812711843986,false,0.3155363681034902
naive,0.1,0.15362905078903882,0.05782143235541362,0.02427458779624514,0.3409187558247575,true,0.18259667181050132
naive,0.1,0.08518347039440778,0.011886897062318144,0.07859614679222038,0.3755743276923212,true,0.22708523724227078
naive,0.1,0.0880068708075294,0.06768843335212991,0.015568864880594141,0.2966385020356558,true,0.15610368345812495
naive,0.1,0.13617616106938704,0.04974924475763802,0.030699268086668202,0.34902358263261113,true,0.18986142535963965
naive,0.1,0.09612927783066476,0.025500693120168547,0.05606093881257454,0.36923933867560677,true,0.21265013874409067
naive,0.1,0.15406041777067792,0.004071790275472292,0.13692982036509938,0.503845099144591,true,0.32038745975484517
naive,0.1,0.11152048376655244,0.20976903412277173,-0.041081671612136356,0.3048691549860264,true,0.13189374168694504
naive,0.1,0.1366452988955503,0.06258940517583099,0.0199040285099287,0.3213097601644167,true,0.1706068943371727
naive,0.1,0.10514796431182927,0.05221952044444062,0.029926207689311313,0.3619995747343278,true,0.19596289121181956
naive,0.1,0.1026039968682275,0.20208956445913798,-0.03227132167705078,0.25525248525402217,true,0.11149058178848568
naive,0.1,0.12565276957539465,0.07237973945694802,0.015632989599791036,0.3542677213974563,true,0.18495035549862368
naive,0.1,0.1528807144632636,0.0034049454763105643,0.13639695718471104,0.48592610908602785,true,0.31116153313536943
naive,0.1,0.11639773312249517,0.19972489760355674,-0.04557893481427239,0.3680319671511631,true,0.16122651616844536
naive,0.1,0.09440880580319425,0.00878881081359039,0.10257386069168686,0.44855480466772013,false,0.2755643326797035
naive,0.1,0.0776534938159934,0.05867068096981608,0.02363374589307954,0.3399409272051217,true,0.18178733654910062
naive,0.1,0.08571229646070452,0.07540690514162413,0.01261687696122099,0.32439121151807576,true,0.16850404423964838
naive,0.1,0.10689860287892432,0.013465119523307756,0.0864724910366165,0.43071154040449067,true,0.25859201572055357
naive,0.1,0.09450354911156378,0.018036481719915776,0.06911077361138487,0.38487406215353304,true,0.22699241788245894
naive,0.1,0.08273030679321614,0.053021025525933296,0.031545504194418955,0.38952032602132003,true,0.21053291510786948
naive,0.1,0.11685644420799542,0.10202105503261234,-0.0009927449880032524,0.33499629798171915,true,0.16700177649685796
naive,0.1,0.08794909155187376,0.16373551582287504,-0.025159655550222676,0.30297681091227213,true,0.13890857768102474
naive,0.1,0.1340822136288183,0.061635707388122886,0.021826750549238105,0.3423017814231282,true,0.18206426598618317
naive,0.1,0.10971110788637131,0.03161630135191182,0.05563124567829508,0.41847755115364976,true,0.23705439841597242
naive,0.1,0.09328750341890525,0.2691996831675902,-0.049488458462987855,0.25202779488812543,true,0.1012696682125688
naive,0.1,0.07226838622304362,0.20507198383399527,-0.04032650230699317,0.31098479564995163,true,0.13532914667147922
naive,0.1,0.14278798010944832,0.00708364748577576,0.0996769414185028,0.41255653410264437,true,0.2561167377605736
naive,0.1,0.09152188203586961,0.08619333193607785,0.007908950061169484,0.37448828188668704,true,0.19119861597392826
naive,0.1,0.1079684356461382,0.02210291545705876,0.05820673484117189,0.3556603895163649,true,0.2069335621787684
naive,0.1,0.0966701461740218,0.051319557119800296,0.03132185676024454,0.37033044198143505,true,0.20082614937083978
naive,0.1,0.10049977748010042,0.008980348516900202,0.09405202155942102,0.4137011233512755,true,0.2538765724553483
naive,0.1,0.10160379278041844,0.137935763684385,-0.014724863147963868,0.28552936278341756,true,0.13540224981772683
naive,0.1,0.07625031594966712,0.01648225455964498,0.07087905191788485,0.3804515071872334,true,0.22566527955255913
naive,0.1,0.10306235403223621,0.3512870003708452,-0.07552468064691588,0.273056692353566,true,0.09876600585332505
naive,0.1,0.0987819635563226,0.03235773113474838,0.06030449416042674,0.46099172478521744,true,0.2606481094728221
naive,0.1,0.09499232604470592,0.005427955204563318,0.10218353333663802,0.3981925018149285,false,0.25018801757578324
naive,0.1,0.12261459490844272,0.2995981645309676,-0.2690191281994918,0.060937983481558794,false,-0.10404057235896652
naive,0.1,0.0995096174564618,0.053891689162415234,0.027170777824994247,0.3431796653183359,true,0.18517522157166505
naive,0.1,0.07549747092152223,0.3094501124785379,-0.06142701105745679,0.2601071996787302,true,0.0993400943106367
naive,0.1,0.12823370159632175,0.0772036710192269,0.011667344620183318,0.32552128428181326,true,0.1685943144509983
naive,0.1,0.13216631221551797,0.04420037086202566,0.03576929780848284,0.35610760720640533,true,0.19593845250744407
naive,0.1,0.14769758260015942,0.029437734597497503,0.05461857163534861,0.3919042731163987,true,0.22326142237587365
naive,0.1,0.07639368082638778,0.03224300663855983,0.050111328765179514,0.38211777056123286,true,0.2161145496632062
naive,0.1,0.13845998709621654,0.08370857207652098,0.00854316854567469,0.3403231857159793,true,0.174433177130827
naive,0.1,0.08548196614152616,0.07777345189594574,0.010602583724386883,0.3039530333448454,true,0.15727780853461615
naive,0.1,0.07425834654059124,0.05854764539662046,0.027401488326105367,0.39276472186133615,true,0.21008310509372075
naive,0.1,0.07128604516996015,0.10259840179898817,-0.0011908836174280013,0.31301101804097997,true,0.155910067211776
naive,0.1,0.1319633411538173,0.021520717571547304,0.06542597047185236,0.3945934664536175,true,0.23000971846273494
naive,0.1,0.08707990067071851,0.06694389159654497,0.021174666639800416,0.39328793643560145,true,0.20723130153770092
naive,0.1,0.10526348754235812,0.0050520341912761646,0.11427717850389926,0.43868549631371356,false,0.2764813374088064
naive,0.1,0.13499852557181188,0.05368369733599316,0.027727630981938173,0.3483157320905903,true,0.18802168153626425
naive,0.1,0.09032288649615773,0.00022435644537155855,0.2064765972026899,0.5386220807554158,false,0.37254933897905285
naive,0.1,0.092085650157133,0.01623337554994131,0.08261875023399123,0.44081778702113883,true,0.26171826862756503
naive,0.1,0.11835975813730863,0.001092688760753481,0.1663360350666769,0.5039760080793246,false,0.3351560215730008
naive,0.1,0.05615915688853747,0.33058274302538165,-0.05719533103251649,0.22283487234375815,true,0.08281977065562084
naive,0.1,0.10142451477079324,0.2168552847514899,-0.03895568168461129,0.27367293731855,true,0.11735862781696936
naive,0.1,0.09961757906047575,0.015694051265349444,0.07715266178363042,0.4063053069708461,true,0.24172898437723828
naive,0.1,0.05744780741862327,0.03377713452325405,-0.4170180856358918,-0.052893388203064745,false,-0.23495573691947827
naive,0.1,0.12832477049880733,0.18288513077605023,-0.030776254804643466,0.2927626252534592,true,0.13099318522440787
naive,0.1,0.043237477803371026,0.243076752163397,-0.04337813101699217,0.2554586644238878,true,0.10604026670344782
naive,0.1,0.13233658309936477,0.1345082723079423,-0.015280692037681148,0.3236979260355549,true,0.1542086169989369
naive,0.1,0.10156454395887082,0.05196818575151447,0.03135035767185046,0.37680579393071784,true,0.20407807580128415
naive,0.1,0.14863787738461662,0.07386633945757914,0.014306414463333583,0.3443785501530981,true,0.17934248230821584
naive,0.1,0.08491359261596135,0.0394935201145571,0.04097934051965707,0.3664864596320859,true,0.2037329000758715
naive,0.1,0.10425802987873807,0.023052672867146524,0.06764705279035904,0.42217394763087757,true,0.2449105002106183
naive,0.1,0.11005278806637045,0.0012727150662516238,0.15208044004994015,0.4692865079000852,false,0.31068347397501267
naive,0.1,0.11099425785250888,0.15044732417869372,-0.019490989555424554,0.29041489487088445,true,0.13546195265772995
naive,0.1,0.12175309723931992,0.17473107141137717,-0.029216391247400136,0.30486346067934345,true,0.13782353471597164
naive,0.1,0.09974145448185458,0.21796349454638703,-0.04186709678543939,0.29170784358503915,true,0.12492037339979987
naive,0.1,0.1462836512524584,0.052366451538564236,0.027672728685559533,0.3359996975653956,true,0.18183621312547757
naive,0.1,0.12736427537820857,0.012057018432607796,0.08601789491137224,0.4129217473064274,true,0.24946982110889981
naive,0.1,0.08337654638265363,0.04711356418688204,0.03810452145244822,0.4063295266936111,true,0.22221702407302965
naive,0.1,0.10072391535936719,0.16859149441415494,-0.02923428190186972,0.32947022406170573,true,0.150117971079918
naive,0.1,0.14959841159197204,0.013421852504787907,0.08938518731436071,0.4447246353082277,true,0.2670549113112942
naive,0.1,0.0724483738298076,0.011813601824907103,0.0938690763172311,0.4476708353444666,false,0.27076995583084884
naive,0.1,0.10593961817438552,0.02418255913860737,0.055009583903549875,0.351984461038213,true,0.20349702247088144
naive,0.1,0.12737299907657665,0.09376903293674645,0.00332293253359503,0.3560769669882208,true,0.17969994976090792
naive,0.1,0.07020648852784836,0.05571046938131846,0.0287818399037158,0.38150057451472297,true,0.20514120720921938
naive,0.1,0.04196254139072032,0.0067409663901852905,0.10423693311252621,0.4263613271564407,false,0.2652991301344835
naive,0.1,0.059545242699827354,0.06864831562642328,0.019105683445829663,0.3764763669708314,true,0.19779102520833056
naive,0.1,0.07063030441473532,0.05145711415838032,0.029947373583935177,0.35531055692927604,true,0.1926289652566056
naive,0.1,0.0999444047383912,0.0007517138355207661,0.17143962776592042,0.4983626244078087,false,0.33490112608686456
naive,0.1,0.06744289459553042,0.0008166448474666434,0.15598091563485403,0.4574263233159478,false,0.3067036194754009
naive,0.1,0.11219159297698161,0.030310810806237685,0.05887142208003163,0.43049046250230527,true,0.24468094229116846
naive,0.1,0.13710345926024092,0.007203579268178262,0.095675438569885,0.3976086476297156,true,0.2466420430998003
naive,0.1,0.046104245676997196,0.12445499950399704,-0.01067649684531502,0.3129931582733606,true,0.1511583307140228
naive,0.1,0.1519829405338977,0.012903216426312859,0.08059524555393002,0.3956408638422061,true,0.23811805469806804
naive,0.1,0.14284611215395987,0.016027023226141992,0.0754393635260375,0.4005094209093174,true,0.23797439221767747
naive,0.1,0.08890166281047658,0.05807823457336722,0.02723734410785017,0.38528609527633934,true,0.20626171969209475
naive,0.1,0.0861832672658023,0.21752131683584022,-0.04412184296458693,0.30842914104304775,true,0.1321536490392304
naive,0.1,0.10560179329214704,0.08767224476986563,0.005522734189523426,0.2941222160122372,true,0.14982247510088031
naive,0.1,0.033287674966752744,0.054390504843147676,0.028149582671020024,0.36022993929918645,true,0.19418976098510324
naive,0.1,0.1503771251262284,0.01967904760546182,0.07369237862126099,0.4262827875149414,true,0.2499875830681012
naive,0.1,0.15108325839655332,0.18617293651844524,-0.032516652280785846,0.29879604345961874,true,0.13313969558941646
naive,0.1,0.10137906922052263,0.025453185910704015,0.058111328504058646,0.38234638522602926,true,0.22022885686504395
naive,0.1,0.10173850196220968,0.0523469866393349,0.027074807080105595,0.3285761758624657,true,0.17782549147128565
naive,0.1,0.10028055419672505,0.027294384330532197,0.05862862087961579,0.40155424178435234,true,0.23009143133198406
naive,0.1,0.11840724150107042,0.0861966332463214,0.008097810329232069,0.38352618306593916,true,0.19581199669758562
naive,0.1,0.07745149881453488,0.041350840604088765,0.036920435709923705,0.3442977075272948,true,0.19060907161860927
naive,0.1,0.07374350752791833,0.026563277490205903,0.0522706115524329,0.35235481487883386,true,0.20231271321563338
naive,0.1,0.08561659480174198,0.11409211259726308,-0.0066610688511619665,0.331558370053527,true,0.16244865060118252
naive,0.1,0.1210037281975597,0.0671780328064954,0.01929350455257703,0.3612148071317052,true,0.1902541558421411
naive,0.1,0.09998352381845833,0.06549055484868446,0.021353029441711524,0.3778534116383053,true,0.19960322054000842
naive,0.1,0.1371965490436372,0.0022902098754091693,0.14039663510654365,0.4691462293152251,false,0.3047714322108844
naive,0.1,0.10562261960706439,0.08296947057006952,0.009187673213628705,0.3493388573575795,true,0.1792632652856041
naive,0.1,0.09619207877551152,0.13606552364032964,-0.016233438412869727,0.3299795247192873,true,0.1568730431532088
naive,0.1,0.10784364829486678,0.12569051748591628,-0.011960193841146938,0.3345914615332353,true,0.1613156338460442
naive,0.1,0.08040926929421251,0.074437074818325,0.012785380680680775,0.31523751440168124,true,0.164011447541181
naive,0.1,0.13063060953153033,0.016317051908341373,0.07664181957982022,0.4097529645472968,true,0.2431973920635585
naive,0.1,0.1077390791133081,0.04991497545970003,0.032691318853456414,0.37319745964671047,true,0.20294438925008343
naive,0.1,0.08151341529776723,0.21969535937211138,-0.03819705720379703,0.26276727517680604,true,0.1122851089865045
naive,0.1,0.09003852309935728,0.0269258053938912,0.05448604702203105,0.370200531793733,true,0.21234328940788205
naive,0.1,0.0848678779573534,0.0011012086011551485,0.13772826125710927,0.4176783493366081,false,0.27770330529685866
naive,0.1,0.12354731867737895,0.05455047332150101,0.029984076022669337,0.3853293038936865,true,0.20765668995817793
naive,0.1,0.08007112789064989,0.08007678015776794,0.00972698998205837,0.3133594352421867,true,0.16154321261212254
naive,0.1,0.08865038601364375,0.10057244361771099,-0.0002793415438064606,0.3316056604326082,true,0.16566315944440088
naive,0.1,0.12463964421000848,0.0034468275442069572,0.14901765308095472,0.5320229284191346,false,0.34052029075004464
naive,0.1,0.11514884882688195,0.1324337888651846,-0.016141066611003563,0.362382590804095,true,0.17312076209654573
naive,0.1,0.08862992987245993,0.09872387901603388,0.0005900270024707666,0.31273339735161154,true,0.15666171217704114
naive,0.1,0.11523313449110145,0.03102445133676795,0.04828659918034367,0.35859549665711093,true,0.2034410479187273
naive,0.1,0.1033735195317502,0.20261432605565866,-0.039537400426958885,0.31131551463039686,true,0.135889057101719
naive,0.1,0.07487248465818643,0.0489011449267956,0.03256951667913671,0.3626512380189452,true,0.19761037734904097
naive,0.1,0.063324580322832,0.0026317662348412712,0.13574342735984662,0.4633921433895633,false,0.29956778537470496
naive,0.1,0.09763495578948976,0.047038051501327754,0.03495389024159429,0.37205968287606733,true,0.2035067865588308
naive,0.1,0.05758568061904058,0.21644360963190667,-0.0448594243971667,0.31612281203551107,true,0.13563169381917217
naive,0.1,0.09056625584126936,0.13093538656323733,-0.014532844028218889,0.3411077896481528,true,0.16328747280996694
naive,0.1,0.1143094872331648,0.00037799259927144503,0.19678508079269832,0.5356954919557426,false,0.36624028637422046
naive,0.1,0.13401726309482345,0.4927486350178793,-0.22413287080616429,0.09221018232794724,false,-0.06596134423910853
naive,0.1,0.07354535867212436,0.028174278504980676,0.05949529383418495,0.4153552735895592,true,0.23742528371187208
naive,0.1,0.12948653920201275,0.07181393042294444,0.016098356159958083,0.35679643851881804,true,0.18644739733938806
naive,0.1,0.08052941256156339,0.04633709479382329,0.037200808568186416,0.389417393291959,true,0.21330910093007271
naive,0.1,0.09979669874647637,0.05093354698159893,0.032110732836800326,0.3759904884686568,true,0.20405061065272856
naive,0.1,0.07219239533929864,0.2715250869385281,-0.060562943947195844,0.30480597484408023,true,0.1221215154484422
naive,0.1,0.14751741144936456,0.07233621397781528,0.015050079095574348,0.340470734380371,true,0.17776040673797266
naive,0.1,0.08932465506160207,0.06589900969704386,0.020371441511573773,0.36535925700209204,true,0.1928653492568329
naive,0.1,0.08947726188478647,0.022673840027224827,0.0721497866285496,0.4465023728957414,true,0.2593260797621455
naive,0.1,0.11893421824654467,0.01490390734234538,0.08661553146854672,0.4473663142814537,true,0.2669909228750002
naive,0.1,0.10475589165789158,0.006542818719479107,0.09869115969874748,0.4008720467241339,true,0.2497816032114407
naive,0.1,0.0887250372160902,0.16077093874710413,-0.023427649105021098,0.2945574182423187,true,0.1355648845686488
naive,0.1,0.09729355296962587,0.0642415433806183,0.021264621375161608,0.36143322253447563,true,0.19134892195481862
naive,0.1,0.1296618352922299,0.09045946921347454,0.005218588414408615,0.3619459414466789,true,0.18358226493054375
naive,0.1,0.14545014256453861,0.0025298069964761584,0.12309056896475329,0.417608024710495,true,0.27034929683762415
naive,0.1,0.04850124564798738,0.008139246641464166,0.09200413447757122,0.394252300926367,false,0.2431282177019691
naive,0.1,0.10256191614635804,0.2577582574863062,-0.048745294742217976,0.263752694512435,true,0.10750369988510852
naive,0.1,0.11142390149894622,0.23121805810033422,-0.045410140003286054,0.2883190982148456,true,0.12145447910577975
naive,0.1,0.11831241611972042,0.12382575032872871,-0.011188634362301997,0.33624208387693066,true,0.16252672475731433
naive,0.1,0.11640066329149114,0.19532905502609946,-0.03729787998304185,0.31339202316378606,true,0.1380470715903721
naive,0.1,0.07395297070308303,0.018964094317026153,0.07026503482836521,0.39983047037778174,true,0.23504775260307348
naive,0.1,0.08962014992230369,0.006268168694975236,0.11376162330250492,0.45755770697436704,false,0.285659665138436
naive,0.1,0.14654286937429173,0.0467750923133169,0.03917107578848719,0.41433804466503754,true,0.22675456022676235
naive,0.1,0.09580248825631094,0.18877985570547415,-0.0332943868434821,0.29795210313597675,true,0.1323288581462473
naive,0.1,0.11307237043852372,0.022737258198525487,0.06668150798238914,0.4132439515386899,true,0.23996272976053953
naive,0.1,0.10129477821291938,0.4179691263059034,-0.10354161879030657,0.3044353646164306,true,0.10044687291306204
naive,0.1,0.11631249447980326,0.010599872851274611,0.08616155352683022,0.39737880710337314,true,0.2417701803151017
naive,0.1,0.09990233590166116,0.24161552842129905,-0.04473637415582028,0.26581655701762874,true,0.11054009143090422
naive,0.1,0.0889744249217364,0.23533236569166652,-0.048903793337040286,0.30226940823267334,true,0.12668280744781654
naive,0.1,0.11942591339364553,0.05905703427658128,0.024747058165275893,0.3598873979287974,true,0.19231722804703666
naive,0.1,0.09276419560860942,0.039117733515429964,0.03859478791585294,0.34227282783389856,true,0.19043380787487574
naive,0.1,0.13064736619156891,0.1425363599580741,-0.017608791566564308,0.3070208113258043,true,0.14470600987961998
naive,0.1,0.13223869011482878,0.030948234290404233,0.05204491243830736,0.3858679903030928,true,0.2189564513707001
naive,0.1,0.1200439409796038,0.008350910788761445,0.09548776561686212,0.41192802811075735,true,0.25370789686380973
naive,0.1,0.12602785834976768,0.07259126076999463,0.015484710636710197,0.35387121226409535,true,0.18467796145040277
naive,0.1,0.10917652705148699,0.12397208114365932,-0.01134304997886626,0.33890216358684594,true,0.16377955680398984
naive,0.1,0.07786866271451763,0.08813285005961731,0.006372024845933244,0.3529869228366641,true,0.17967947384129868
naive,0.1,0.08274403872802276,0.028275450341002165,0.05234485834450017,0.3662392790707045,true,0.20929206870760234
naive,0.1,0.1296090605555382,0.018539070180473276,0.07096285622907711,0.3998456909978764,true,0.23540427361347677
naive,0.1,0.13205257760103925,0.20615596425343405,-0.04288172697203563,0.3277194702092663,true,0.14241887161861533
naive,0.1,0.08564551130266802,0.008979864867522586,0.09838573549546731,0.4327572183036991,false,0.2655714768995832
naive,0.1,0.1222327045263115,0.0277994298775419,0.05736104292968067,0.39720884856157335,true,0.22728494574562702
naive,0.1,0.1325508644215588,0.008637894037103107,0.1042356097989541,0.4537071960363752,true,0.27897140291766465
naive,0.1,0.10860607017611423,0.004858995185205509,0.1262465560272732,0.4807970460317196,false,0.3035218010294964
naive,0.1,0.05200927432054779,0.06557671610984707,0.020506826117792698,0.3639051950516962,true,0.19220601058474446
naive,0.1,0.06210192459546133,0.00991321623633125,0.10182733045673023,0.4604850763664139,false,0.28115620341157205
naive,0.1,0.1192374398590162,0.0009870587329266394,0.16390124615633792,0.4908128684907722,false,0.3273570573235551
naive,0.1,0.07336712855111042,0.035417877909345835,0.049522229627963016,0.4046902501290798,true,0.2271062398785214
naive,0.1,0.12727517194525712,0.30571598708835934,-0.06133269410524601,0.26378214629536517,true,0.10122472609505957
naive,0.1,0.132974382797091,0.009448648451248385,0.0960513426196575,0.428478638861822,true,0.2622649907407398
naive,0.1,0.10393208911111101,0.0301247034028853,0.060430948288070885,0.44011524374058925,true,0.25027309601433007
naive,0.1,0.12541601549975662,0.2801635737933772,-0.058362163468345774,0.2815101423793115,true,0.11157398945548286
naive,0.1,0.12756672760729718,0.1825337203282616,-0.034247985154266136,0.3270232190231222,true,0.14638761693442803
naive,0.1,0.07579301904981287,0.0017251634808648686,0.16793401591782386,0.5389528843706408,false,0.35344345014423234
naive,0.1,0.12172188205393422,0.003533177944495429,0.15609483137831032,0.5597208633369701,false,0.3579078473576402
naive,0.1,0.06636053424767156,0.007266976523958075,0.11539557159959593,0.48058741824781226,false,0.2979914949237041
naive,0.1,0.14905551046788373,0.05127945311219137,0.02852162003479014,0.3368814852925858,true,0.18270155266368798
naive,0.1,0.12607694352264223,0.004341972107499929,0.1268997215531842,0.47267279325950584,false,0.299786257406345
naive,0.1,0.09501160184692757,0.03137324313612931,0.05135434214289539,0.3842736126737142,true,0.21781397740830477
naive,0.1,0.06359113099580932,0.380206143894172,-0.08086956343171482,0.2658322848884619,true,0.09248136072837353
naive,0.1,0.08788610789297954,0.06697193826896333,0.020743382354484835,0.38564439775772663,true,0.20319389005610575
naive,0.1,0.08997064385917546,0.0897825885810161,0.0050241836501996595,0.32476571385555875,true,0.16489494875287922
naive,0.1,0.053916033741717155,0.012844995540593875,0.07846294777649093,0.3845882657859576,false,0.23152560678122427
naive,0.1,0.09548477835368845,0.019930115809744797,0.05929329522915833,0.3449633302188072,true,0.20212831272398277
naive,0.1,0.07066111125436057,0.19475935931383484,-0.03767374978934737,0.318231869060144,true,0.1402790596353983
naive,0.1,0.11482195450268101,0.015530012144517142,0.08066448470004936,0.4231014604273423,true,0.25188297256369585
naive,0.1,0.0660834023187396,0.06472434191162647,0.020199695922240357,0.34867162192193585,true,0.1844356589220881
naive,0.1,0.12037108214359091,0.07308063294839444,0.014355513956876037,0.33458622321385045,true,0.17447086858536326
naive,0.1,0.0831808101231104,0.012403706751525032,0.08378113860875272,0.4059151971840591,false,0.2448481678964059
naive,0.1,0.09488955416066024,0.014895120064801108,0.07519005384716759,0.38826951166764545,true,0.23172978275740652
naive,0.1,0.10498646446830619,0.16467453293821535,-0.026038097637266444,0.3094362618565543,true,0.14169908210964394
naive,0.1,0.0887854726027473,0.00526981688611805,0.10967144628763736,0.4247122600849168,false,0.2671918531862771
naive,0.1,0.05591635466214295,0.49306016367649125,-0.10301772517366847,0.25022053411963563,true,0.07360140447298358
naive,0.1,0.10357607755097299,0.0016701273614225687,0.1407262671718875,0.4496633134619529,false,0.2951947903169202
naive,0.1,0.07167064994090848,0.07650566363218289,0.01285897115848289,0.34732375476620286,true,0.18009136296234288
naive,0.1,0.04791046928873638,0.2732618135828779,-0.28671288490852154,0.05746652361917011,true,-0.1146231806446757
naive,0.1,0.1354824072174423,0.000050444297137810044,0.2259338503543769,0.5345047006778645,false,0.3802192755161207
naive,0.1,0.09102745599992784,0.1331989127537699,-0.014145944255343379,0.3107180094302111,true,0.14828603258743386
naive,0.1,0.09151663101804873,0.3965362491882886,-0.0785083489835792,0.245531471549251,true,0.0835115612828359
naive,0.1,0.11102017067152568,0.018703893239764346,0.07544194277542055,0.42671221109477114,true,0.25107707693509584
naive,0.1,0.05823209932717058,0.02460979767910241,0.06769057621284388,0.4372141821753581,false,0.252452379194101
naive,0.1,0.09964216509751692,0.325003362828396,-0.061673484067268386,0.2454410696604579,true,0.09188379279659475
naive,0.1,0.127181155534648,0.09361114426174796,0.0030388952065188157,0.3174583585769555,true,0.16024862689173713
naive,0.1,0.10134016377453385,0.18182204789940204,-0.031199268656395412,0.30021995937186063,true,0.1345103453577326
naive,0.1,0.0939758089469999,0.048699516111919854,0.029781025913551362,0.32997419098374625,true,0.1798776084486488
naive,0.1,0.0639437213963275,0.12220855795628043,-0.009712989395119581,0.31212002969684993,true,0.1512035201508652
naive,0.1,0.11070824039251075,0.044568691020921265,0.03686478751339531,0.37017446708959856,true,0.20351962730149695
naive,0.1,0.12767715637384913,0.025453887385600567,0.05439895180376031,0.35792611134854085,true,0.20616253157615058
naive,0.1,0.09203231975413276,0.2593194728721253,-0.04648797122482333,0.24940262690597587,true,0.10145732784057628
naive,0.1,0.08074778793978371,0.12081867792860185,-0.00916785244738244,0.3133694717262713,true,0.15210080963944442
naive,0.1,0.07053665983244929,0.017653575645798933,0.07080699552176556,0.39079299726080846,false,0.230799996391287
naive,0.1,0.11254083466795752,0.22055199021711586,-0.03974419793717947,0.27171191804476413,true,0.11598386005379234
naive,0.1,0.04913838444799773,0.03928034167212235,0.04278517019220052,0.38081584611218167,true,0.2118005081521911
naive,0.1,0.0994055934302446,0.016629855144310163,0.06965293563998418,0.3751955957904567,true,0.22242426571522045
naive,0.1,0.12271295297760526,0.20150483429394553,-0.0378387268491886,0.3008062690288843,true,0.13148377108984785
naive,0.1,0.06449372911547648,0.03265740726642597,0.044889642436762356,0.34539603676993624,true,0.1951428396033493
naive,0.1,0.0940737862416392,0.013374542210873312,0.09767422246195781,0.4853744511909375,false,0.2915243368264476
naive,0.1,0.05701315519266424,0.0010336806301474576,0.1492231366787514,0.4492218337353686,false,0.29922248520706
naive,0.1,0.12618256534594224,0.1363578863335619,-0.01481022411769059,0.2987888891088557,true,0.14198933249558254
naive,0.1,0.1441297874009769,0.0010590392160514195,0.16965005706515546,0.5121471185390938,false,0.3408985878021246
naive,0.1,0.10420503528496333,0.12976642794206406,-0.013017510991897713,0.31682760263827303,true,0.15190504582318767
naive,0.1,0.07754138932512507,0.21347020171658815,-0.039078020469004354,0.28168953623380366,true,0.12130575788239964
naive,0.1,0.10113705030187159,0.23713293309538166,-0.04591809758182336,0.2805716867333008,true,0.11732679457573872
naive,0.1,0.12995255506007933,0.018766984223689283,0.07665934369900335,0.43423223672785577,true,0.25544579021342956
naive,0.1,0.08091499020983856,0.04439079519465463,0.035199882531396304,0.35199436598164524,true,0.19359712425652076
naive,0.1,0.09924277933696585,0.4548558105899129,-0.08472425947451628,0.22582179907868744,true,0.07054876980208558
naive,0.1,0.08230139964311699,0.4597456828403088,-0.09646247344424033,0.25395440317094387,true,0.07874596486335175
naive,0.1,0.07417619664813219,0.08796178961152946,0.005917086167328445,0.32297003898042315,true,0.1644435625738758
naive,0.1,0.07433852229467364,0.21744263730919391,-0.03837257565934553,0.2683966706927567,true,0.11501204751670559
naive,0.1,0.05985517860539879,0.006576011654665907,0.10714526732740406,0.4357236342919364,false,0.2714344508096702
naive,0.1,0.11829029273786533,0.005646860255446687,0.10484361849697213,0.4120377183820202,true,0.25844066843949615
naive,0.1,0.10849681267610213,0.22984122887726796,-0.0449465645115433,0.28800954238033505,true,0.12153148893439586
naive,0.1,0.14983759219525977,0.08073754277727009,0.010860968107941987,0.362635713986749,true,0.1867483410473455
naive,0.1,0.10365834760593286,0.0034049445569937845,0.13324808165205138,0.47470794181737674,false,0.30397801173471406
naive,0.1,0.10939118457573464,0.007105898664689373,0.10527225924150141,0.4360452871033428,true,0.2706587731724221
naive,0.1,0.12030710102515191,0.06074054027810542,0.023888808081351548,0.364792852604214,true,0.19434083034278277
naive,0.1,0.07645495489731605,0.05189404759152654,0.03222278759806721,0.38656241381317724,true,0.2093926007056222
naive,0.1,0.0801765485670194,0.3398693253065983,-0.0617479726015801,0.23246391036016523,true,0.08535796887929256
naive,0.1,0.17597936752666654,0.05227937665561115,0.028610485707268263,0.3466134679879553,true,0.18761197684761177
naive,0.1,0.1133215865915196,0.025434933462248954,0.05976160593968463,0.3930474517412118,true,0.22640452884044823
naive,0.1,0.10846965664753767,0.002139156842446193,0.1581904850767432,0.5232950692969696,false,0.34074277718685636
naive,0.1,0.12913630768989248,0.036061976007551184,0.04848999434043949,0.4018948809667104,true,0.22519243765357494
naive,0.1,0.11975329160479481,0.09510690082600233,0.00233701947880402,0.3200373444964546,true,0.16118718198762932
naive,0.1,0.08288070627896,0.02729990336001654,0.06190104410157077,0.42401833848741927,true,0.24295969129449502
naive,0.1,0.12365542171692219,0.24167674647796597,-0.0477844376580837,0.28382111834223034,true,0.11801834034207333
naive,0.1,0.09783752299392401,0.019893167339379566,0.0766024999897634,0.445291077104743,true,0.26094678854725323
naive,0.1,0.11497651211778617,0.013431813326727833,0.07056836335678413,0.35119384975841234,true,0.21088110655759823
naive,0.1,0.04055953613883679,0.31588094629691676,-0.06880085672390392,0.2838028991414016,true,0.10750102120874884
naive,0.1,0.08967119616751523,0.15883121496971522,-0.02158915062893277,0.2795553024974706,true,0.12898307593426891
naive,0.1,0.1506566797847504,0.021971474874313213,0.06984533190696396,0.42552365920281005,true,0.247684495554887
naive,0.1,0.10674764399791621,0.019069252029609393,0.06839592458364421,0.39014035977801287,true,0.22926814218082853
naive,0.1,0.15854154318549393,0.027071580971354665,0.05930212588209835,0.4042033181444017,true,0.23175272201325003
naive,0.1,0.0645603686070327,0.032190328183004865,0.05550972208847993,0.42279861239543887,true,0.2391541672419594
naive,0.1,0.07580583065905061,0.21652972643155044,-0.0408262341744003,0.2875150045377277,true,0.1233443851816637
naive,0.1,0.10191465790979577,0.017706655946455874,-0.4472999586662897,-0.0809442351621836,false,-0.26412209691423666
naive,0.1,0.1102033733467686,0.0983989967092821,0.0007806940544076435,0.32955139373420583,true,0.16516604389430675
naive,0.1,0.1118577121619675,0.04381847084892782,0.034864295975575915,0.34403612039449494,true,0.1894502081850354
naive,0.1,0.05107013632872923,0.34057949703967333,-0.07068526377178622,0.26542750676778315,true,0.09737112149799848
naive,0.1,0.10152386205519709,0.138706361598004,-0.015450371055506978,0.2940413038765284,true,0.1392954664105107
naive,0.1,0.08955652023670137,0.13360512597277582,-0.01470253782103395,0.3192829297391261,true,0.15229019595904605
naive,0.1,0.10212433045682097,0.032910591960276445,0.053360432842536,0.41283919407777536,true,0.23309981346015568
naive,0.1,0.0757770255880324,0.5007321490374195,-0.10952408651793068,0.26134206306652813,true,0.07590898827429872
naive,0.1,0.07295945951755835,0.008855517421743625,0.0990254761826809,0.43392347232155015,false,0.2664744742521155
naive,0.1,0.061790638797783,0.0018456594262295483,0.12946193996024774,0.41935152956926874,false,0.27440673476475824
naive,0.1,0.0798427806436824,0.7599559433648877,-0.2081013030435909,0.14290109620299954,true,-0.032600103420295685
naive,0.1,0.08805417587988566,0.2532106662725737,-0.05225297061555516,0.28998859046474545,true,0.11886780992459516
naive,0.1,0.11071130327154266,0.04573745643772489,0.035874539342876655,0.3702425755493758,true,0.20305855744612622
naive,0.1,0.06881853086582432,0.057631286699817603,0.02547026849299827,0.3558212758731239,true,0.19064577218306109
naive,0.1,0.08571757355911111,0.0010113948230674442,0.16973242242909964,0.5096870087084469,false,0.3397097155687732
naive,0.1,0.10964104822420065,0.26999427340387216,-0.05675024949999086,0.28784061203451966,true,0.1155451812672644
naive,0.1,0.10545318062624998,0.08895654339757982,0.005599082581471737,0.3340807645175616,true,0.16983992354951666
naive,0.1,0.08862292092008534,0.07692872547788807,0.013277921010091343,0.3657172272114621,true,0.18949757411077672
naive,0.1,0.08004149390126902,0.01796071383392763,0.0723737445428903,0.4023310671877278,true,0.23735240586530906
naive,0.1,0.07578722513994111,0.025118450030748616,0.058074870071412876,0.3793159559703972,true,0.21869541302090503
naive,0.1,0.09088047276394849,0.011274098204687126,-0.4172458593977602,-0.08878534680710187,false,-0.25301560310243104
naive,0.1,0.13172751312338346,0.013980300152616745,0.07835744204902292,0.3954544008703097,true,0.23690592145966632
naive,0.1,0.12703969766510004,0.003341605674689059,0.11902572999071143,0.4226600992633011,true,0.27084291462700627
naive,0.1,0.0766389474016792,0.1907932961288171,-0.030606973900701342,0.2685097610296008,true,0.11895139356444971
naive,0.1,0.0966830151026351,0.4581093533172016,-0.2574488052932097,0.09738824351028028,true,-0.08003028089146472
naive,0.1,0.0911023466245793,0.017009351315252854,0.06706012343352699,0.36451526655750066,true,0.21578769499551384
naive,0.1,0.0985642380609348,0.13502930405926578,-0.017544003123389385,0.36646859391917813,true,0.17446229539789437
naive,0.1,0.11739822227861965,0.003656530945449803,0.1352553103508862,0.48796707938116235,false,0.3116111948660243
naive,0.1,0.13040293356524604,0.012784731479468747,0.09117890447489677,0.446211857959219,true,0.2686953812170579
naive,0.1,0.10278553845206578,0.38991784910361543,-0.07927706061282755,0.2529131692858385,true,0.08681805433650547
naive,0.1,0.1059304977090863,0.25576899244749934,-0.04320602771391377,0.23636457160009564,true,0.09657927194309093
naive,0.1,0.06717814506068392,0.05232317981339306,0.030239191421782635,0.36675540859266187,true,0.19849730000722227
naive,0.1,0.07412655118789187,0.007556524588687894,0.10400234168113884,0.43733476966548,false,0.27066855567330944
naive,0.1,0.073160178071849,0.1714653832561872,-0.2970945520050305,0.0273529907758015,false,-0.1348707806146145
naive,0.1,0.08023393597710714,0.04006783424789297,0.041840837721534546,0.3790424499507603,true,0.21044164383614744
naive,0.1,0.07888105112963907,0.05559020892677479,0.022941442938962525,0.3031048091254308,true,0.16302312603219668
naive,0.1,0.06811080246439322,0.2974394161023657,-0.0608799738046807,0.271302516012591,true,0.10521127110395513
naive,0.1,0.14132872160703008,0.4082375960611801,-0.08535671715480193,0.25797890980740645,true,0.08631109632630225
naive,0.1,0.09766548417866386,0.12217427143828224,-0.008800200092446447,0.2832055044014977,true,0.13720265215452565
naive,0.1,0.12342037599752592,0.01425151840607991,0.08399295497218945,0.4268091909525123,true,0.2554010729623509
naive,0.1,0.11044875301234472,0.12343436451513862,-0.009683722124915362,0.2956417808417629,true,0.14297902935842377
naive,0.1,0.09490431028606434,0.092774978450403,0.0032798607410848835,0.30229609226584214,true,0.1527879765034635
naive,0.1,0.11051614405761657,0.006069666094118135,0.10881571147473204,0.434499189400285,true,0.2716574504375085
naive,0.1,0.13575655970561418,0.09997023300762985,0.000014240551167749027,0.324605117692751,true,0.16230967912195937
naive,0.1,0.09613999755145643,0.0733319601232822,0.01505738682178065,0.35455385219339997,true,0.1848056195075903
naive,0.1,0.12882823329798393,0.11706710866550488,-0.007559726639920522,0.31271432040937397,true,0.1525772968847267
naive,0.1,0.12537913256519553,0.02924610167459608,0.053831169394221945,0.38465295951052936,true,0.21924206445237565
naive,0.1,0.09921259762701298,0.04942958765600038,0.03387239636224765,0.3820770054688083,true,0.20797470091552797
naive,0.1,0.1025976388505621,0.09261555761079739,0.003700594637702087,0.333566693854368,true,0.16863364424603502
naive,0.1,0.1328236020102249,0.19577045207385918,-0.03376843010011653,0.2825802315489091,true,0.12440590072439629
naive,0.1,0.07981640968922239,0.051821670334653624,0.029798654247903983,0.35682466505275245,true,0.1933116596503282
naive,0.1,0.09330092121425196,0.08817984428404815,0.005729860654467622,0.3187178828665778,true,0.16222387176052272
naive,0.1,0.10132669727185886,0.10869370610361515,-0.004122239279812562,0.328569694851399,true,0.16222372778579322
naive,0.1,0.08885535444327233,0.0009517132925078544,0.17481490944246414,0.5213440045997401,false,0.3480794570211021
naive,0.1,0.08966743128921435,0.08212106283479535,0.010257197690545367,0.37054584042054906,true,0.1904015190555472
naive,0.1,0.09639070918855805,0.22153599339002922,-0.039226932920101334,0.266277887979017,true,0.11352547752945784
naive,0.1,0.11595015459007325,0.012114291418357521,0.08440145372282437,0.4057835338462626,true,0.24509249378454348
naive,0.1,0.08012054989842674,0.009352504171444011,0.09645581267366243,0.4290537572905282,false,0.2627547849820953
naive,0.1,0.1570415002272877,0.03698964384175505,0.04234849671114296,0.35823590488864643,true,0.20029220079989468
naive,0.1,0.09940636592801044,0.03239627217015802,0.050273196395548475,0.3846303368029764,true,0.21745176659926246
naive,0.1,0.10777598690890612,0.28226966045826657,-0.05872801180314688,0.28044254514273836,true,0.11085726666979573
naive,0.1,0.11932563207787394,0.001790434202904709,0.14059018839502432,0.4534913847619432,false,0.29704078657848376
naive,0.1,0.11888848665551621,0.0017315965600181657,0.14454319939018956,0.46411887104999205,false,0.3043310352200908
naive,0.1,0.1204735639439201,0.27394306578215977,-0.0526926649684155,0.26200434597312877,true,0.10465584050235664
naive,0.1,0.08382505982864999,0.0120838607889897,0.08299054000564912,0.39867556242281466,true,0.24083305121423187
naive,0.1,0.13724758099583806,0.04672499092731957,0.03770689639304117,0.3983742546787834,true,0.2180405755359123
naive,0.1,0.09848057533095073,0.007235395995167177,0.11470252489587796,0.47719350151342843,false,0.2959480132046532
naive,0.1,0.0822209210051232,0.01885530080578267,0.07417634853729302,0.4210271081653565,true,0.24760172835132474
naive,0.1,0.12188614307964964,0.06897506567463206,0.01672917848311778,0.3335097142935909,true,0.17511944638835433
naive,0.1,0.13017900264762472,0.12222835211984545,-0.00980955528060748,0.31495520329874005,true,0.1525728240090663
naive,0.1,0.11340989157205326,0.05445587196521206,0.030729679723752873,0.39392591373802643,true,0.21232779673088967
naive,0.1,0.046853278500016825,0.16275849799938347,-0.026114263950034022,0.31889928908204657,true,0.14639251256600627
naive,0.1,0.10301884459245456,0.23233688430204608,-0.046928105793040034,0.29576261608248533,true,0.12441725514472264
naive,0.1,0.08875438980656536,0.10934355505211342,-0.3279632908563639,0.004415573499890496,false,-0.1617738586782367
naive,0.1,0.07179952819435492,0.22346774303212028,-0.28995321298424664,0.04330688653861299,false,-0.12332316322281682
naive,0.1,0.1416181095237838,0.11021528608084442,-0.004204859524919252,0.28623215909601074,true,0.14101364978554573
naive,0.1,0.1022740220436069,0.058480920279405796,-0.37069972377899385,-0.025910919186782483,false,-0.19830532148288815
naive,0.1,0.0860036717302758,0.17675857413694446,-0.029020855163164577,0.2956514336735231,true,0.13331528925517927
naive,0.1,0.13223338851382951,0.27271377838492394,-0.06895700238632765,0.3449853381618365,true,0.13801416788775445
naive,0.1,0.09003959002823958,0.09837019913380628,0.0008100910546839368,0.33589369808616665,true,0.1683518945704253
naive,0.1,0.12772853322089794,0.02315379206349845,0.06193621983325964,0.3874011125119634,true,0.22466866617261153
naive,0.1,0.1536183779412052,0.12439942961826517,-0.011500746452896643,0.3378869642466532,true,0.16319310889687827
naive,0.1,0.1196924924330269,0.0758383384527624,0.014548159691737922,0.38126516998510407,true,0.197906664838421
naive,0.1,0.10908736387950521,0.04644539441337484,0.034241504800091443,0.3593627222663539,true,0.1968021135332227
naive,0.1,0.07609710646588834,0.05249756365263478,0.027933543944977574,0.34030693125119527,true,0.18412023759808643
naive,0.1,0.09435555170369572,0.24089857418724828,-0.05132744473004691,0.30632716457030673,true,0.1274998599201299
naive,0.1,0.08027453970049167,0.06754224289008885,0.017875466115394617,0.33887236425863676,true,0.1783739151870157
naive,0.1,0.05699926010901858,0.12179704817192057,-0.3413742318559225,0.01043534885604136,false,-0.16546944149994058
naive,0.1,0.06564340100223465,0.07376465216965386,0.01581710474932993,0.3791380131891078,true,0.19747755896921884
naive,0.1,0.10009108735504985,0.012187290225645839,0.08313086514617615,0.40045460965926294,true,0.24179273740271956
naive,0.1,0.0990484951639951,0.15954763380172404,-0.02386772994809938,0.3056805224488139,true,0.14090639625035725
naive,0.1,0.05389708044781005,0.2917106053559383,-0.060266719586812095,0.2754953865362524,true,0.10761433347472016
naive,0.1,0.10764875316303638,0.05045799883840284,0.02820329572275837,0.32633460911215345,true,0.1772689524174559
naive,0.1,0.10165512951982308,0.029692570527876983,0.04747825927056992,0.34255766383155006,true,0.19501796155106
naive,0.1,0.11471515594537486,0.01830648503784093,0.07027981957185164,0.3938598864813358,true,0.23206985302659372
naive,0.1,0.09143803409981019,0.07341076275338554,0.015575601231553354,0.3679410675114788,true,0.19175833437151607
naive,0.1,0.1418318459943372,0.040111357992992334,0.03640074084724937,0.3300825481432427,true,0.18324164449524605
naive,0.1,0.09799437614134217,0.010380853680527134,0.08969767852733437,0.4111260982673336,true,0.25041188839733397
naive,0.1,0.058119951577431626,0.01811132471713074,0.07431414817758272,0.41457632575571646,false,0.24444523696664958
naive,0.1,0.11508730450549803,0.04954721058402451,0.033438374676539345,0.3782750038811119,true,0.20585668927882564
naive,0.1,0.07731706498176986,0.05744519861803658,0.026382574233475287,0.3666667135522872,true,0.19652464389288124
naive,0.1,0.11568261565842174,0.06633301748773354,0.018514339900854576,0.3368761854365957,true,0.17769526266872515
naive,0.1,0.0950450012648948,0.024702371101695417,0.05718199451723563,0.3700908537838512,true,0.2136364241505434
naive,0.1,0.08296391704558966,0.007115002586715604,0.10897448313682928,0.4515198876255166,false,0.28024718538117294
naive,0.1,0.1742491928264809,0.0016987703116981803,0.15627645030597836,0.5004949108271384,true,0.32838568056655837
naive,0.1,0.13668367215523397,0.017710136026559506,0.07081470170423468,0.39135591758867605,true,0.23108530964645535
naive,0.1,0.12307356761346899,0.2500187304218022,-0.05511185300340862,0.3114880013007877,true,0.12818807414868952
naive,0.1,0.07747907815639192,0.05984793141619659,0.025024234506509146,0.3722902652165776,true,0.19865724986154337
naive,0.1,0.18346602578711133,0.002514592568937628,0.14082806382025922,0.4773387473742201,true,0.3090834055972397
naive,0.1,0.1088510395072601,0.00009356815554885954,0.23020885219887047,0.5650336638552451,false,0.3976212580270578
naive,0.1,0.08634778035361183,0.01870349351845629,0.0679421556316071,0.38428860405345533,true,0.22611537984253122
naive,0.1,0.09442462530019384,0.08193954587449896,0.010196470814411551,0.36444856575114726,true,0.1873225182827794
naive,0.1,0.1258498502674553,0.09353419142322261,0.0028377206371873187,0.29285408249287437,true,0.14784590156503083
naive,0.1,0.05753784318294581,0.030288744337062964,0.053725861799718305,0.3926762754277172,true,0.22320106861371775
naive,0.1,0.10176276576603509,0.007210011299048922,0.10469875090093764,0.4352023040455928,false,0.2699505274732652
naive,0.1,0.07687480264668742,0.00448156042191186,0.12096867549313128,0.4533540706597555,false,0.2871613730764434
naive,0.1,0.10182235997306546,0.003779318117645195,0.10839585794949463,0.3934030926885986,false,0.2508994753190466
naive,0.1,0.09387906016233599,0.1029750843235049,-0.0013859084030699853,0.31844323296656607,true,0.15852866228174803
naive,0.1,0.06664767393164207,0.4056431588005686,-0.08438727546727907,0.2569630079778238,true,0.08628786625527236
naive,0.1,0.11778828189279963,0.0038488766800511736,0.11146580280531027,0.4058928227708195,true,0.2586793127880649
naive,0.1,0.07499983823331562,0.022325241134155693,0.060921771698801946,0.3741018308930726,true,0.21751180129593728
naive,0.1,0.10486233301705766,0.06238085399779349,0.020926345571580462,0.3356660628892538,true,0.17829620423041714
naive,0.1,0.14531707758260531,0.10399988459192598,-0.0020686972764070444,0.35442768560168236,true,0.17617949416263765
naive,0.1,0.1135042359260033,0.15465334052442425,-0.02283798737674031,0.3162467604134016,true,0.14670438651833065
naive,0.1,0.09330973667972721,0.054442131199030776,0.02744242216996523,0.3516588223775855,true,0.18955062227377537
naive,0.1,0.10842610860882193,0.3283810025889146,-0.32278653088463893,0.08216333082774872,false,-0.12031160002844511
naive,0.1,0.10728594617136199,0.030598952483966976,0.0528064865529205,0.3885607937202329,true,0.2206836401365767
naive,0.1,0.0942952493473246,0.13818224938941717,-0.015320056054283548,0.2952844602525866,true,0.13998220209915152
naive,0.1,0.11556668463897499,0.03174672211026885,0.05118266776786909,0.38610492479427916,true,0.21864379628107414
naive,0.1,0.1538704136046502,0.06044312011552807,0.02526277366343388,0.3824152765563432,true,0.20383902510988855
naive,0.1,0.11391365801558129,0.031088584614347183,0.04722123811183085,0.35117174186247835,true,0.1991964899871546
naive,0.1,0.08933258960410628,0.3449572794387592,-0.06988002008534558,0.25832150743197124,true,0.09422074367331285
naive,0.1,0.08882642860606,0.046159488239537576,0.031094460219180275,0.324128014939045,true,0.17761123757911262
naive,0.1,0.11720994358995485,0.0036142387382224524,0.1352584200296277,0.4869640646185833,false,0.31111124232410553
naive,0.1,0.12338737498028508,0.059787150697345255,0.024502774881056955,0.3638913535348294,true,0.19419706420794317
naive,0.1,0.09928105997237002,0.007613483346984639,0.09170100558909433,0.38633084364536263,true,0.23901592461722848
naive,0.1,0.13604324792529326,0.03995228443464181,0.04104396358161225,0.3708595249835154,true,0.20595174428256383
naive,0.1,0.12690449138326831,0.004076971577881268,0.1299510440854321,0.47828009918898784,false,0.30411557163721
naive,0.1,0.06162071919572486,0.09975955495123012,0.00011769657520263599,0.33195654157389154,true,0.16603711907454707
naive,0.1,0.11451996189308537,0.18515105440015794,-0.032935870337497924,0.30587505014355465,true,0.13646958990302835
naive,0.1,0.07972154257913855,0.0412145318086248,0.046657262468160904,0.43375491671771504,true,0.24020608959293796
naive,0.1,0.12324080931220598,0.008193027690958678,0.10127191943240532,0.4347082401742598,true,0.26799007980333256
naive,0.1,0.11020799574369632,0.03848003502182862,0.04486865507386534,0.3922959201014024,true,0.21858228758763387
naive,0.1,0.11239091846249018,0.03663551934468761,0.044181586034544224,0.3708357270062068,true,0.20750865652037553
naive,0.1,0.08970154393810767,0.004773270957465596,0.10745103005792558,0.4077515192486114,false,0.2576012746532685
naive,0.1,0.10230341850654032,0.036297550660137484,0.04506416496635343,0.3754401754314137,true,0.2102521701988836
naive,0.1,0.10508592183804281,0.034710448380335844,0.049367754365929134,0.3972303786357404,true,0.22329906650083475
naive,0.1,0.06358298062586074,0.11606306359763034,-0.00666129719596445,0.29214072170099203,true,0.1427397122525138
naive,0.1,0.0734557049862005,0.19547238900413524,-0.035268840555472775,0.2959499845797293,true,0.13034057201212826
naive,0.1,0.1422131443244265,0.010396193640883549,0.08496399619075776,0.38959958119879234,true,0.23728178869477506
naive,0.1,0.1359781956541795,0.029083587490924878,0.05386497906746268,0.3835406141046003,true,0.21870279658603148
naive,0.1,0.1180365057823363,0.03956127352234262,0.03891094839885542,0.3485167629883472,true,0.1937138556936013
naive,0.1,0.10744908484098624,0.5327326739872209,-0.08925398214287006,0.19832246333316916,true,0.05453424059514956
naive,0.1,0.10372022622400831,0.013790714643304322,0.08019165630147773,0.40276698051649445,true,0.2414793184089861
naive,0.1,0.1379909073087455,0.04644293874083923,0.03376828601644266,0.3543756338060562,true,0.19407195991124943
naive,0.1,0.05619366532009662,0.03658244436264846,0.04602191934309094,0.3858311439928328,true,0.21592653166796189
naive,0.1,0.12683337589773444,0.0969403392323759,0.0014899097207717038,0.32786240759492946,true,0.1646761586578506
naive,0.1,0.06357319981268553,0.11007993156299065,-0.004756835801947079,0.32805287459441285,true,0.16164801939623288
naive,0.1,0.08223852624430207,0.16492157572414798,-0.025586438116782628,0.3030230160768,true,0.13871828898000868
naive,0.1,0.12576105115752456,0.045539652565242394,0.03228068203510279,0.3316027252551169,true,0.18194170364510986
naive,0.1,0.11044095828722339,0.01881718169760216,0.06826034244330476,0.38710615496694073,true,0.22768324870512274
naive,0.1,0.09610206184062929,0.009888337890091126,0.08999992443966104,0.4067046959715113,true,0.24835231020558618
naive,0.1,0.12339811210147696,0.13534335340452602,-0.013564979412884537,0.2809978275909401,true,0.13371642408902779
naive,0.1,0.10292309649017706,0.13046422286372508,-0.013343397685063318,0.3177467371623665,true,0.1522016697386516
naive,0.1,0.08793206352140802,0.014358015622501708,0.07933242590941755,0.40420743250457747,true,0.24176992920699752
naive,0.1,0.09194206154889283,0.03910565888507593,0.04099734164862148,0.36348153326184973,true,0.20223943745523562
naive,0.1,0.1158918612493439,0.03024540851095013,0.05505423694212838,0.4020074081641668,true,0.2285308225531476
naive,0.1,0.15597778160718667,0.0010026749707068012,0.16691632244942275,0.5007352027113458,false,0.33382576258038427
naive,0.1,0.06545897153039287,0.0947230275240357,0.002816743770509389,0.35730892229582334,true,0.18006283303316636
naive,0.1,0.09932081478289924,0.27331400501187003,-0.05012508369253145,0.2500197219330019,true,0.09994731912023523
naive,0.1,0.09293785709285438,0.04927811938606005,0.03129468202251742,0.3516890739351851,true,0.19149187797885128
naive,0.1,0.0650383965787346,0.012466023456973601,0.0843138441215433,0.40917031261730186,false,0.24674207836942258
naive,0.1,0.11520466557278308,0.18970863304955374,-0.028771418133201596,0.2551101386459575,true,0.11316936025637796
naive,0.1,0.12503824967343463,0.05045807030853921,0.03241041324796823,0.3750149798793725,true,0.20371269656367036
naive,0.1,0.11438054401776868,0.03964262471048409,0.04486597809581383,0.40258770316085746,true,0.22372684062833564
naive,0.1,0.11379194566498065,0.10754630426975458,-0.003723758830302848,0.3410259798959008,true,0.16865111053279896
naive,0.1,0.12588817100267885,0.00893448348759303,0.11221429023849047,0.4929023227839482,true,0.30255830651121934
naive,0.1,0.10121447036422494,0.11317494645606309,-0.004805065514323997,0.25530626351976815,true,0.1252505990027221
naive,0.1,0.12042274467665723,0.07607629306590898,0.01287786666674634,0.34111387346792305,true,0.1769958700673347
naive,0.1,0.07194667667808567,0.08441230348279317,0.009139339911203359,0.3813056938658787,true,0.19522251688854103
naive,0.1,0.03624622149867399,0.08492019946615971,0.008054744164797428,0.34789477294684723,true,0.17797475855582234
naive,0.1,0.08763807764585832,0.0017207202439158344,0.160208866004188,0.5139806806787504,false,0.3370947733414692
naive,0.1,0.11886448448130943,0.0324844525916213,0.05649402683360838,0.43305348203989413,true,0.24477375443675126
naive,0.1,0.10219848974114866,0.05800462843046547,0.025101816100737057,0.3543464705202596,true,0.1897241433104983
naive,0.1,0.10521399359117982,0.057918443582723404,0.022869596355109933,0.3220581587931843,true,0.1724638775741471
naive,0.1,0.07040957179129187,0.16659435298154018,-0.31275021934808245,0.027021329627353458,false,-0.14286444486036448
naive,0.1,0.13174328856377054,0.005156196144324431,0.1153886934149681,0.4448249215744026,true,0.28010680749468536
naive,0.1,0.08885233614476931,0.0026808562788809207,0.1402134125121916,0.4800531435368138,false,0.3101332780245027
naive,0.1,0.15540952691221005,0.031155348791155373,0.049971882065982215,0.37216599464616806,true,0.21106893835607513
naive,0.1,0.05512745371692612,0.26300993343622486,-0.05526631200957359,0.29067708399697817,true,0.1177053859937023
naive,0.1,0.06332301629525348,0.014675186499163549,0.07552777683241244,0.38788720714770786,false,0.23170749199006016
naive,0.1,0.12550962415241587,0.2639547140303031,-0.05708260781620775,0.2987320056163526,true,0.12082469890007241
naive,0.1,0.09965976031375401,0.09401095903859384,0.0029451809859449563,0.32855902137599735,true,0.16575210118097114
naive,0.1,0.10173037953392752,0.10589352171052094,-0.002613700828811294,0.3053020761537717,true,0.1513441876624802
naive,0.1,0.09181748547176077,0.11547512509360863,-0.31173595291196154,0.006856676597637612,false,-0.15243963815716197
naive,0.1,0.11974212981925196,0.009901053618516358,-0.48007497056255655,-0.10619679412347335,false,-0.29313588234301496
naive,0.1,0.12163352786907192,0.09483647543693813,0.002929779113062414,0.37992728966383926,true,0.19142853438845084
naive,0.1,0.11197658144752552,0.04013270267307674,0.038652259132451405,0.3506675893702286,true,0.19465992425134002
naive,0.1,0.13322509395495766,0.05996561248540832,0.022810462049460245,0.3405160110768101,true,0.18166323656313518
naive,0.1,0.11437002164124553,0.11619097821255235,-0.006788470905313232,0.2954477928251985,true,0.14432966095994262
naive,0.1,0.08779589196225701,0.005800545656538947,0.11469821514411538,0.45341038554402213,false,0.28405430034406876
naive,0.1,0.12065935146662221,0.03190809045338507,0.04482814119742376,0.33935490449224603,true,0.1920915228448349
naive,0.1,0.12620471982543807,0.24282993668990085,-0.0492459390736827,0.290449934970487,true,0.12060199794840214
naive,0.1,0.07727624997093555,0.012593594104335326,0.09789196285606389,0.47666589974003243,false,0.28727893129804816
naive,0.1,0.08031256484409358,0.010368549804173769,0.08602789017590845,0.3941675502730691,false,0.24009772022448878
naive,0.1,0.09446790980385868,0.007039074687863899,0.1047939229854346,0.4330763657315277,false,0.26893514435848115
naive,0.1,0.12363723848665725,0.09269704362023866,0.0037703379124399694,0.3437211597353883,true,0.17374574882391414
naive,0.1,0.1242730788948562,0.09582468677500593,0.0022355855879748476,0.359455015516123,true,0.18084530055204895
naive,0.1,0.09527271886892176,0.182562252033917,-0.032043285920032555,0.3058770385134998,true,0.13691687629673363
naive,0.1,0.08781307308252419,0.011270658075566375,0.08403036830380037,0.39486250528562805,true,0.2394464367947142
naive,0.1,0.07824842990783937,0.04359551778509097,0.04256355757007821,0.4178505534258694,true,0.23020705549797382
naive,0.1,0.09972013776321693,0.04729630367575298,0.03055775406053729,0.32728429416765326,true,0.17892102411409527
naive,0.1,0.08903052389248217,0.02778426844835324,0.05448576843951741,0.3771741456068266,true,0.215829957023172
naive,0.1,0.08455712256587579,0.07498553212446316,0.012150670464406349,0.3067150377432829,true,0.1594328541038446
naive,0.1,0.08388050720712649,0.05519603503751489,0.030883133177766253,0.40374668605724545,true,0.21731490961750585
naive,0.1,0.10448666636843641,0.04858118049702463,0.028535584707537698,0.3152644381626424,true,0.17190001143509004
naive,0.1,0.12530264752539164,0.06105826427279077,0.023071847412044627,0.35564451316895074,true,0.18935818029049767
naive,0.1,0.10549539411613873,0.03592248446236007,0.05320336457381214,0.4396112328060331,true,0.24640729868992262
naive,0.1,0.09111697747402173,0.008187981375499299,0.09539457537657109,0.40941428613661796,false,0.2524044307565945
naive,0.1,0.11554165683237566,0.016225407072703292,0.068350978842973,0.3646210624966021,true,0.21648602066978756
naive,0.1,0.11175609185871321,0.004604097897318618,0.11880303982490475,0.4476026557788631,false,0.28320284780188393
naive,0.1,0.14815568432738926,0.009640946292583101,0.10888934020450575,0.48851644427491797,true,0.29870289223971186
naive,0.1,0.09229259228893844,0.1984996038636001,-0.29531809117191754,0.036177060520450166,false,-0.1295705153257337
naive,0.1,0.11223892501363442,0.03714869246526101,0.05266151840728639,0.4470430547613086,true,0.2498522865842975
naive,0.1,0.08905458640981705,0.039377176096172396,0.04239372591082638,0.3781497480639525,true,0.21027173698738943
naive,0.1,0.07303631960731383,0.04545696460276851,0.03687733632255241,0.37808528700194277,true,0.2074813116622476
naive,0.1,0.10266004400057566,0.06672041501117017,0.016585663081688767,0.305733710401091,true,0.1611596867413899
naive,0.1,0.13570885279044528,0.22560650627103046,-0.052406534423449974,0.34565941427063296,true,0.1466264399235915
naive,0.1,0.08645054686636282,0.004998855570414392,0.11835073010076463,0.4533371407002155,false,0.2858439354004901
naive,0.1,0.11174295169613631,0.04654135705177291,0.036399479829386266,0.3828832652530887,true,0.2096413725412375
naive,0.1,0.09160388689649854,0.2562951257076918,-0.04718776751063032,0.2573942428458377,true,0.10510323766760367
naive,0.1,0.1101786593163992,0.0271503181769655,0.06015765234528109,0.41073763219662573,true,0.2354476422709534
naive,0.1,0.11520360819580135,0.022046337638386992,0.061236701184274794,0.3737016385771702,true,0.21746916988072248
naive,0.1,0.09963614778892925,0.11142470991243829,-0.005218061111103123,0.31847344238191894,true,0.1566276906354079
naive,0.1,0.1202886825648289,0.07934623478056034,0.011821035895814014,0.36651197716496914,true,0.18916650653039158
naive,0.1,0.08063257649394405,0.06030907472123124,0.022423509879967107,0.3381064974195352,true,0.18026500364975115
naive,0.1,0.10066013140482369,0.05731340951283696,0.026494988238549483,0.36688774641975663,true,0.19669136732915307
naive,0.1,0.08193156814502478,0.19972646329775848,-0.041284934424864306,0.33335498884236026,true,0.14603502720874798
naive,0.1,0.11773877382655082,0.13366598020505946,-0.015140470804987205,0.3282361957632571,true,0.15654786247913494
naive,0.1,0.15324540933199987,0.1420730428326949,-0.018305132789298018,0.3224152861251585,true,0.15205507666793025
naive,0.1,0.1049268632906357,0.14594770455580497,-0.02026393066409049,0.3290123136773334,true,0.15437419150662146
naive,0.1,0.12774621859720656,0.1367832392087698,-0.016601418435983673,0.33130981603894283,true,0.15735419880147958
naive,0.1,0.08331438933335816,0.037356449507104546,0.0410097033312678,0.3497327522567214,true,0.1953712277939946
naive,0.1,0.07859937305580313,0.09691573447000629,0.001602671614828105,0.34984046359843834,true,0.1757215676066332
naive,0.1,0.13692178472612745,0.0001654813816758561,0.2505599233501351,0.6390447144017017,false,0.4448023188759184
naive,0.1,0.07923546258013145,0.03113162971678458,0.049808157392674274,0.3707558955664796,true,0.21028202647957694
naive,0.1,0.10739122200263715,0.04816032423011388,0.03443818664818285,0.37660805211321724,true,0.20552311938070006
naive,0.1,0.08466339793027883,0.019601933824043224,0.06829608800819253,0.3943702324903866,true,0.23133316024928957
naive,0.1,0.10355768318595586,0.006233508537248521,0.1064375368069273,0.4275611444505197,false,0.2669993406287235
naive,0.1,0.09800223617986087,0.00437002101172417,0.11888583888337459,0.44337314501256075,false,0.28112949194796766
naive,0.1,0.11263309317323351,0.09151154118611579,0.0046809663555699155,0.3659561973180756,true,0.18531858183682276
naive,0.1,0.08824661521460342,0.01578829118181824,0.08472317576598276,0.4471986465027801,true,0.2659609111343814
naive,0.1,0.07716246573304843,0.0031766045695010674,0.14079032135316716,0.49563158415094255,false,0.31821095275205485
naive,0.1,0.09559487427855669,0.23067566718873897,-0.04444416546058236,0.28320562189480347,true,0.11938072821711057
naive,0.1,0.13034031039119878,0.13569167421540757,-0.0171816380128558,0.35266957809527655,true,0.1677439700412104
naive,0.1,0.07438912971801269,0.07899869627920343,0.010090218420578057,0.30733446028885375,true,0.1587123393547159
naive,0.1,0.10525933997248464,0.08478920674109039,0.008489751376043492,0.363385190011123,true,0.18593747069358327
naive,0.1,0.1257727102209863,0.021835308027270628,0.06695705052893994,0.4066861016132918,true,0.23682157607111584
naive,0.1,0.08508659781732764,0.15041050043484028,-0.01917823535896465,0.2859462708230385,true,0.13338401773203692
naive,0.1,0.11072151266589203,0.08492007321943212,0.007982165178842121,0.3447569786464132,true,0.17636957191262764
naive,0.1,0.032610150644398976,0.018424825860840936,-0.431478826850986,-0.07678061762047422,false,-0.2541297222357301
naive,0.1,0.08204337402224914,0.25742060473788286,-0.050427076535907486,0.2733593597269765,true,0.11146614159553452
naive,0.1,0.11066195571442194,0.04617397110346161,0.03928402034543979,0.40963638603315855,true,0.22446020318929916
naive,0.1,0.10700313867369438,0.10088739829015918,-0.0003760674819015264,0.2882090794330755,true,0.143916505975587
naive,0.1,0.08289738752977342,0.38937822025441715,-0.0762243486001068,0.24357312328853475,true,0.08367438734421398
naive,0.1,0.08362968067023051,0.05537451304806321,0.026570780442479403,0.3490310958514362,true,0.1878009381469578
naive,0.1,0.08160818144984301,0.07677243274148995,0.013271041432129482,0.36288462875223254,true,0.188077835092181
naive,0.1,0.07670746274555768,0.023447950002286846,0.0622538073651937,0.39193183973261914,true,0.22709282354890642
naive,0.1,0.11364321990869625,0.18863115715159778,-0.035801303169810395,0.32086343068853784,true,0.14253106375936372
naive,0.1,0.06910925352511521,0.04246174027442496,0.037399273007578476,0.357702983100159,true,0.19755112805386874
naive,0.1,0.10717980027354114,0.0753975235889008,0.012305881516775169,0.3162648174535304,true,0.16428534948515278
naive,0.1,0.07334791190355154,0.05202398981959089,0.03161187305793439,0.38048889892213333,true,0.20605038599003386
naive,0.1,0.07778850070221492,0.0034802001714309126,0.1286928531693878,0.4602363925807208,false,0.2944646228750543
naive,0.1,0.0690691032847976,0.02339566961822926,0.06411527407633236,0.40318451015124823,true,0.23364989211379028
naive,0.1,0.10193098689136303,0.11910831496657585,-0.00850572918612888,0.3156287701532705,true,0.1535615204835708
naive,0.1,0.1114144233962801,0.027921141483866967,0.04999685002814286,0.34713040698024933,true,0.1985636285041961
naive,0.1,0.11980888304469516,0.03813367815518192,0.04190700110010778,0.3635920339289297,true,0.20274951751451875
naive,0.1,0.10857872344378953,0.21428943002938533,-0.036602133154961455,0.26218503285860545,true,0.112791449851822
naive,0.1,0.1200542396253491,0.009171753228146135,0.09449404398882175,0.4180577098446576,true,0.2562758769167397
naive,0.1,0.08592645616926822,0.03227988201858944,0.04551498388480574,0.3473469676264656,true,0.19643097575563567
naive,0.1,0.09543192647332127,0.054073195626474384,0.031175984396426104,0.3956439033168329,true,0.2134099438566295
naive,0.1,0.10244327205406079,0.11693044306666381,-0.008400658443576403,0.3502024473420201,true,0.17090089444922185
naive,0.1,0.1490808175058194,0.0693028587046299,0.01842719189869163,0.3717184320816888,true,0.19507281199019022
naive,0.1,0.13820033935629497,0.4860628789142077,-0.10282173627034703,0.25388438289808274,true,0.07553132331386785
naive,0.1,0.0744589415056503,0.017293223774036956,0.07186002825475724,0.39324580100387196,true,0.2325529146293146
naive,0.1,0.10611072937525154,0.22994624020711657,-0.04414309762821331,0.28266193890410773,true,0.1192594206379472
naive,0.1,0.11842529455081438,0.08242975554408564,0.01070479309097444,0.3938784218162161,true,0.20229160745359526
naive,0.1,0.12007697090222222,0.08368756029166453,-0.30394864530000965,-0.007640374732355071,false,-0.15579451001618236
naive,0.1,0.09541662956744917,0.11167372665953233,-0.0057684189315338474,0.34474682813929464,true,0.1694892046038804
naive,0.1,0.12054891979146044,0.15060242627211243,-0.022397977757146637,0.33279089323136635,true,0.15519645773710986
naive,0.1,0.05391286065685689,0.0035444564534092555,0.12249150469903394,0.4394746214607529,false,0.2809830630798934
naive,0.1,0.07910161075217219,0.010268387673555748,0.082094436084367,0.3750705960799556,false,0.2285825160821613
naive,0.1,0.08705179264623412,0.03279183683917865,0.04793741955776695,0.36992601861822005,true,0.2089317190879935
naive,0.1,0.10938734961106136,0.2756469902089079,-0.05152407827665763,0.25404304643485554,true,0.10125948407909895
naive,0.1,0.07273766073162855,0.027538486286491082,0.05273530547977287,0.3631122046715578,true,0.20792375507566532
naive,0.1,0.07586318179272977,0.09796875755394044,0.0011091113207040704,0.36861220261993455,true,0.1848606569703193
naive,0.1,0.06167181158735483,0.13553293009000894,-0.01721124978271757,0.3547519438714928,true,0.16877034704438762
naive,0.1,0.09246858654753058,0.07478611692923261,0.011586877780588312,0.2899784312454629,true,0.1507826545130256
naive,0.1,0.11272289779029938,0.06295583692834408,0.021377408697947964,0.3490062702395686,true,0.18519183946875828
naive,0.1,0.1246389598052636,0.13906569026389426,-0.015686293040488936,0.29597617523937636,true,0.1401449410994437
naive,0.1,0.08836366670113198,0.022234844904736078,0.0601916660632307,0.3688738882025048,true,0.21453277713286775
naive,0.1,0.09376161424558094,0.00025719509508444514,0.20279709767993,0.5346870709380724,false,0.36874208430900124
naive,0.1,0.055685369499889996,0.13108913112800144,-0.013477106854944992,0.3148561532834757,true,0.15068952321426538
naive,0.1,0.13794174680665178,0.03547282998601182,0.049545382682180394,0.4053673466937274,true,0.2274563646879539
naive,0.1,0.15492985146170207,0.05285452440382734,0.02842933123155983,0.3495380099818399,true,0.18898367060669988
naive,0.1,0.14787943943502083,0.027474165891590317,0.05876523227256472,0.40406631003967153,true,0.2314157711561181
naive,0.1,0.10772373008025202,0.06832053842533753,0.017104520771386716,0.3331628536726968,true,0.17513368722204176
naive,0.1,0.0861533393284492,0.09675689043643702,0.0015588248374591163,0.32346999695096024,true,0.16251441089420968
naive,0.1,0.11422510051430232,0.0026562283489134234,0.12091954027605714,0.4133909675745193,false,0.2671552539252882
naive,0.1,0.123994309035922,0.08933850831777565,0.005890655951087287,0.36446142194629827,true,0.18517603894869278
naive,0.1,0.053912958162813295,0.5843991640776274,-0.10661904539490916,0.21285518806803358,true,0.05311807133656221
naive,0.1,0.0667028383648042,0.27134374739084577,-0.05568511485637059,0.28051298842056427,true,0.11241393678209685
naive,0.1,0.06375129542551072,0.049665255096463946,0.033790765840741255,0.38337553085225345,true,0.20858314834649735
naive,0.1,0.13026433131659737,0.07592595361995992,0.013464648850792488,0.3542553345072984,true,0.18385999167904546
naive,0.1,0.08178871821489127,0.003017242607013551,0.12722554081042928,0.4440280310554804,false,0.2856267859329548
naive,0.1,0.07935696277552205,0.0963321080011498,0.0019092847445923988,0.3499230217027319,true,0.17591615322366214
naive,0.1,0.09650292614706554,0.05242832286754061,0.02833472354346689,0.34458272272719015,true,0.18645872313532852
naive,0.1,0.11889482424206801,0.11794322396333537,-0.009288721734205085,0.3661597519813519,true,0.17843551512357342
naive,0.1,0.05082437681014091,0.3239465643630047,-0.06838389706313638,0.2732593677746734,true,0.10243773535576853
naive,0.1,0.14470076312537367,0.033938353118836445,0.05235502067788764,0.4142266139675176,true,0.23329081732270263
naive,0.1,0.08129298879951831,0.14804496146102847,-0.018648351258452878,0.2905914980696209,true,0.13597157340558402
naive,0.1,0.0840355046482573,0.057193826428148485,0.026882818932022295,0.37103030048237295,true,0.1989565597071976
naive,0.1,0.06962188736324705,0.38564957931512306,-0.21864106678014122,0.06764642397954206,false,-0.07549732140029959
naive,0.1,0.14049684197247764,0.12140996272799168,-0.009460793101217058,0.31483723755707116,true,0.15268822222792705
naive,0.1,0.08572290638801298,0.01860447650975874,0.06392789605326016,0.3607541014504104,true,0.2123409987518353
naive,0.1,0.1060929718229476,0.09787947180570292,0.0009627107248189881,0.30641399764908106,true,0.15368835418695
naive,0.1,0.16286667829506132,0.0017579148818866247,0.15922369314970192,0.5123083420063181,true,0.33576601757801006
naive,0.1,0.09995697955333467,0.060081146539484376,0.026254143663385937,0.3932422141277737,true,0.20974817889557984
naive,0.1,0.08001092901102894,0.27983944640443065,-0.0553631670277705,0.26746056973292304,true,0.10604870135257627
naive,0.1,0.11363673936068965,0.06623240788595264,0.017737339936120672,0.32165666609944155,true,0.1696970030177811
naive,0.1,0.12888241311198656,0.02897829616676695,0.05147032507742305,0.36565383871908463,true,0.20856208189825384
naive,0.1,0.1399461263178118,0.014177174471155003,0.07195895741771774,0.36497434918297045,true,0.2184666533003441
naive,0.1,0.053111146654231056,0.014207086057065839,0.0770450531743275,0.39106566817066346,false,0.23405536067249547
naive,0.1,0.10790868458655166,0.32255987371865436,-0.07186933181283503,0.28873732314870415,true,0.10843399566793455
naive,0.1,0.07239345235479273,0.02501947635891346,0.05950256118132047,0.3877987123743155,true,0.223650636777818
naive,0.1,0.1764759584881181,0.007581700051933471,0.11931560913856096,0.5021442344241143,true,0.3107299217813376
naive,0.1,0.13559499256007568,0.08877842012022799,0.005704865951696059,0.3348212222005018,true,0.17026304407609893
naive,0.1,0.15004376560908325,0.001075142236308361,0.14688138926780675,0.4441904602717783,true,0.2955359247697925
naive,0.1,0.08097066347699285,0.0676873213469462,0.01876594253434899,0.35753968094079364,true,0.1881528117375713
naive,0.1,0.08253825237585502,0.005540895349367049,0.11539336273749906,0.45165091959033504,false,0.28352214116391705
naive,0.1,0.1357792253213712,0.000423924366891764,0.20133220693780174,0.5536565274067883,false,0.377494367172295
naive,0.1,0.11944874973596024,0.08427391491981695,0.009303297645655684,0.384572809293246,true,0.19693805346945084
naive,0.1,0.15155885011816275,0.0008190335508838661,0.18475727962002017,0.541985204940962,false,0.3633712422804911
naive,0.1,0.13933997013294105,0.09850314888526854,0.0008892468554920208,0.4015999830431751,true,0.20124461494933357
naive,0.1,0.1478506669497951,0.009871545966499449,0.09560057390099402,0.4318026462535209,true,0.26370161007725745
naive,0.1,0.11042146726787574,0.06521347335392091,0.019992558840688762,0.3505959374512062,true,0.1852942481459475
naive,0.1,0.09573714204120005,0.055679096817462845,0.023700051576805936,0.3138768329664756,true,0.16878844227164078
naive,0.1,0.08127230379206829,0.1039176627437879,-0.0018760820618085317,0.32810781221112206,true,0.16311586507465675
naive,0.1,0.08633290406961365,0.020610168382220365,0.06352323329122389,0.3753313733939664,true,0.21942730334259514
naive,0.1,0.11619252662629087,0.010743494058379844,0.08937774596774273,0.41388196677743583,true,0.2516298563725893
naive,0.1,0.11713559943182285,0.10530821420400299,-0.0024716427084484627,0.3200963277108191,true,0.1588123425011853
naive,0.1,0.08273556955090927,0.015394708066335921,0.08142239245923344,0.42566393355206145,true,0.25354316300564744
naive,0.1,0.11614585329576502,0.1368075696760947,-0.016574279989468144,0.3305642521394371,true,0.15699498607498447
naive,0.1,0.10453765082930697,0.017527601475011326,0.06991509917957864,0.3847270069977785,true,0.2273210530886786
naive,0.1,0.09632915282573909,0.04352224833951608,0.03473020154543019,0.34037306496702313,true,0.18755163325622665
naive,0.1,0.1261097051896926,0.011891918006244675,0.09607008179328574,0.45913619283481694,true,0.27760313731405134
naive,0.1,0.10608755287117039,0.21485069130231652,-0.046558663566998115,0.3320770863204675,true,0.1427592113767347
naive,0.1,0.12704595086900639,0.07051742375888603,0.015676627628182727,0.3306768083766504,true,0.17317671800241657
naive,0.1,0.12312378873505225,0.04843531408358373,0.035278509339519315,0.3883805277893564,true,0.21182951856443785
naive,0.1,0.09506301407648159,0.0071573208112157855,0.09224562326767752,0.38275555538707917,true,0.23750058932737833
naive,0.1,0.10011060005507506,0.29508139282686907,-0.06413441888374449,0.28879039319867617,true,0.11232798715746584
naive,0.1,0.0557644349966499,0.07732105328101578,0.011696668316990039,0.32815248874008907,true,0.16992457852853957
naive,0.1,0.11304735891253306,0.010105903070889294,0.09357405099142274,0.42552810959513426,true,0.2595510802932785
naive,0.1,0.10402787916062559,0.04691928890585582,0.033383633718087335,0.3543380234382494,true,0.19386082857816836
naive,0.1,0.08707950496620116,0.06358264609929638,0.022435811315838244,0.3734952238274869,true,0.19796551757166256
naive,0.1,0.09263267098053758,0.18294470707051627,-0.030124795976740365,0.286382215576267,true,0.12812870979976332
naive,0.1,0.11370557827492454,0.5709234582493358,-0.11009796911841704,0.22583504686002268,true,0.05786853887080281
naive,0.1,0.13347677550863205,0.0827744070393389,0.00916904037123964,0.3444799151206991,true,0.17682447774596935
naive,0.1,0.07823789476609362,0.022212245908233265,0.06817641974836275,0.4175963563797411,true,0.2428863880640519
naive,0.1,0.10835565743446401,0.05865491266312342,0.024247904998893705,0.34861901489567926,true,0.18643345994728647
naive,0.1,0.09302576172782702,0.07641494041106943,0.012446660728456127,0.3347952004023531,true,0.17362093056540462
naive,0.1,0.10885318681576245,0.1758636815390111,-0.025776649348558694,0.2653714687322941,true,0.11979740969186772
naive,0.1,0.1379795615862756,0.006405971407987981,0.10908492528895866,0.440933288118323,true,0.2750091067036408
naive,0.1,0.11482053384558755,0.028823218700431173,0.05326758616749916,0.37715124091091845,true,0.2152094135392088
naive,0.1,0.08929122679045867,0.04481544703258564,0.034381790254008754,0.3472364828405208,true,0.19080913654726478
naive,0.1,0.13639568140992653,0.0916596556838043,0.004264252030151988,0.33943566453195695,true,0.17184995828105448
naive,0.1,0.10152070845064345,0.00364919644253301,0.14904974502887686,0.5375404816924501,false,0.34329511336066343
naive,0.1,0.07985193946070301,0.31812092960042526,-0.06902588383455248,0.28219688298894224,true,0.10658549957719489
naive,0.1,0.104038060208972,0.18520710823332553,-0.033313775326381634,0.309203642892345,true,0.13794493378298167
naive,0.1,0.09678319117679632,0.07896250485496911,0.011758919688481917,0.3575038908588113,true,0.1846314052736466
naive,0.1,0.06696547386831919,0.28065338517646976,-0.0605704138802802,0.291476606023641,true,0.11545309607168042
naive,0.1,0.16016177555128797,0.00241258825501268,0.14506343335359514,0.4885720572716865,true,0.31681774531264084
naive,0.1,0.12029422804395855,0.10435865562873163,-0.00230317129247104,0.36243315482783633,true,0.18006499176768265
naive,0.1,0.1472037021081808,0.08347204957788319,0.008409990245181048,0.32999029394114465,true,0.16920014209316286
naive,0.1,0.08361622622248656,0.2988316157744139,-0.05861640954217044,0.25963279484838,true,0.10050819265310477
naive,0.1,0.1055485096109654,0.25794865276965917,-0.057915274917492154,0.31304274444891594,true,0.1275637347657119
naive,0.1,0.11126029486897669,0.022708537151616956,0.055323559258331684,0.3426367233123473,true,0.19898014128533947
naive,0.1,0.14117982939713358,0.00024246647291740878,0.20672101770073445,0.5425100307663158,false,0.3746155242335251
naive,0.1,0.11231083857348545,0.029734764234303542,0.0466522452930358,0.3369059463848675,true,0.19177909583895164
naive,0.1,0.08262583966680943,0.2387538349643713,-0.04826858264043225,0.29193656710418986,true,0.12183399223187881
naive,0.1,0.09860991774909969,0.05817257064295171,0.024233548284049305,0.34370445937702254,true,0.18396900383053594
naive,0.1,0.0657932066982121,0.03927148497058958,0.04240058645094297,0.3773180851164532,true,0.2098593357836981
naive,0.1,0.12662302691209926,0.2164723514370578,-0.04034923683708887,0.28427827607714956,true,0.12196451962003034
naive,0.1,0.1449722115681705,0.023686565887103363,0.06217209277668426,0.39348710414766985,true,0.22782959846217707
naive,0.1,0.09118849510135843,0.05636766698642068,0.026600916431518545,0.35892040365314737,true,0.19276066004233297
naive,0.1,0.0625338203012447,0.2910322800548951,-0.06075075663736566,0.2785604383204569,true,0.10890484084154563
naive,0.1,0.10483327310068008,0.2762606633827715,-0.05159245230533756,0.25361410660307204,true,0.10101082714886724
naive,0.1,0.08074666806646698,0.14302964981204758,-0.01829636311489302,0.31562317092422754,true,0.14866340390466726
naive,0.1,0.12828553757693795,0.03768333089434441,0.037829612955946806,0.32495469549878175,true,0.18139215422736427
naive,0.1,0.07315235054578055,0.059194310075377725,0.02471058933369885,0.36076970621604526,true,0.19274014777487206
naive,0.1,0.11604089322787504,0.04455798230780647,0.0394924545446208,0.3964609325464575,true,0.21797669354553914
naive,0.1,0.09485053387485747,0.02034507941861283,0.06864650244808429,0.4031708202736555,true,0.23590866136086988
naive,0.1,0.07286814267660724,0.14875773330438782,-0.020586544445245075,0.3164809479850941,true,0.14794720176992449
naive,0.1,0.08170984539132499,0.14080010510903826,-0.018456059109631467,0.3344653020320735,true,0.15800462146122102
naive,0.1,0.09556726405839279,0.11281355923715963,-0.005457064247625681,0.29788669863183126,true,0.14621481719210278
naive,0.1,0.08879922850295797,0.01618752443702065,0.07566272276471492,0.40325704355511804,true,0.23945988315991648
naive,0.1,0.14670412577377479,0.11022518540326881,-0.00459435979693143,0.3124504024805713,true,0.15392802134181993
naive,0.1,0.12517922999707262,0.008705267061466898,0.09642505050263814,0.4205841386001232,true,0.2585045945513807
naive,0.1,0.102312143669259,0.0866078280593879,0.0077746562548815235,0.3799792161944102,true,0.19387693622464588
naive,0.1,0.0854907659842199,0.22399399364488012,-0.0417389125858811,0.27841969338658545,true,0.11834039040035217
naive,0.1,0.09592691605438168,0.1703553065275423,-0.029375691546451477,0.3235853991338236,true,0.14710485379368607
naive,0.1,0.12162410919095114,0.0008934933071349996,0.1562841469103401,0.4628195957295891,false,0.3095518713199646
naive,0.1,0.11244320216474733,0.0008568819374266044,0.17241988366524388,0.5082699239989713,false,0.3403449038321076
naive,0.1,0.058520315546756865,0.30028054731704384,-0.06740683990955335,0.2966996936987495,true,0.11464642689459809
naive,0.1,0.09076275581163644,0.10256464209543029,-0.0013674471672412147,0.36411994357673494,true,0.18137624820474685
naive,0.1,0.10073613390163448,0.15283560409903957,-0.020043618403196434,0.28626313017278326,true,0.1331097558847934
naive,0.1,0.16418803055564632,0.26387279096372546,-0.06248959468580617,0.32717003497116737,true,0.1323402201426806
naive,0.1,0.15302012251148922,0.007244958578784541,0.10072706407849441,0.4191868309890754,true,0.2599569475337849
naive,0.1,0.08475748856080345,0.2859563757065869,-0.2641251635469613,0.05627689946117921,false,-0.10392413204289104
naive,0.1,0.07658915796552951,0.018758025716077275,0.0732648673685262,0.4149183424371915,true,0.24409160490285883
naive,0.1,0.1201172597437868,0.002426560534976405,0.1402816122253232,0.47288411805465114,false,0.30658286513998717
naive,0.1,0.08609511943794285,0.01103325154252227,0.08584224463198473,0.400738447346229,true,0.24329034598910684
naive,0.1,0.10808724799242775,0.0007044584143863556,0.15756902505147855,0.45496465987076895,false,0.30626684246112373
naive,0.1,0.08189657276627274,0.009013882518690869,0.09942728720374472,0.4377903990017512,false,0.26860884310274796
naive,0.1,0.08193293293033801,0.03339337590785149,0.048414242191709284,0.37852672868550874,true,0.21347048543860903
naive,0.1,0.14893719963127627,0.003382529699795823,0.12026593858998286,0.4279659350561618,true,0.27411593682307234
naive,0.1,0.09081709560859079,0.21579417161614556,-0.04210803141346095,0.2981898292801445,true,0.12804089893334175
naive,0.1,0.10315324457188998,0.010158839657172382,0.0979356284837718,0.44604152472526715,true,0.27198857660451947
naive,0.1,0.13522375080276228,0.0004596171126816201,0.1827712936403338,0.5063104035609072,false,0.3445408486006205
naive,0.1,0.1171399138618065,0.015546011084383147,0.06577528128827115,0.34513959116173787,true,0.2054574362250045
naive,0.1,0.11608247161428065,0.008520447352994285,0.09181463791171551,0.398188422265133,true,0.24500153008842426
naive,0.1,0.09430936381861428,0.022123669843632572,0.06459480939316983,0.39487644203786776,true,0.2297356257155188
naive,0.1,0.13829623825908582,0.021347005041790823,0.06641210999600108,0.3989805807613658,true,0.23269634537868342
naive,0.1,0.14317972224341013,0.10497154337384415,-0.0024624886894082376,0.34023324296885876,true,0.16888537713972526
naive,0.1,0.07430473387213878,0.07751865577749362,0.011735467911788255,0.3323458892230397,true,0.17204067856741398
naive,0.1,0.06897953757748772,0.27425213566654333,-0.05526213527331526,0.2743589999047185,true,0.10954843231570162
naive,0.1,0.0877650620217429,0.020926007771681528,0.07352311417054505,0.437530526204172,true,0.2555268201873585
naive,0.1,0.10233824415065079,0.08076346040276998,0.010628342325737422,0.3553751611978635,true,0.18300175176180045
naive,0.1,0.1129933217799738,0.16268153156515808,-0.026578240153505267,0.3249260186963825,true,0.1491738892714386
naive,0.1,0.11058979442140493,0.011907612954220331,0.09672600706906234,0.4624663443616176,true,0.27959617571533996
naive,0.1,0.07015603877573905,0.12014553604332608,-0.008789713674378391,0.3100479886070373,true,0.15062913746632947
naive,0.1,0.09264090619111462,0.0049576259916683015,0.10771189031439443,0.41188762407143364,false,0.25979975719291404
naive,0.1,0.12134364811327918,0.0020889935693368046,0.16508660798421754,0.5442242923627474,false,0.3546554501734825
naive,0.1,0.1473250367342788,0.04090148229340189,0.04196471731841353,0.3873755883869099,true,0.2146701528526617
naive,0.1,0.07301681588818869,0.038001847543241055,0.0463677041324185,0.4011185165272413,true,0.22374311032982988
naive,0.1,0.08365257419787674,0.030662585402677408,0.04849948730717124,0.35736166319364887,true,0.20293057525041006
naive,0.1,0.10928693883269247,0.0389256648002026,0.04372220506937918,0.38608597464205235,true,0.21490408985571577
naive,0.1,0.0815499266847293,0.028459598722173088,0.052578227099326996,0.3693452154920214,true,0.2109617212956742
naive,0.1,0.06093262135864956,0.1388266824304779,-0.016870034430360337,0.32013367298711454,true,0.1516318192783771
naive,0.1,0.0647142110483986,0.3897772470855194,-0.08281192787276444,0.264303022162544,true,0.09074554714488976
naive,0.1,0.11457759428977216,0.07801280624585306,0.010620855456765166,0.30802688074497075,true,0.15932386810086796
naive,0.1,0.13800560431672632,0.01626635891881883,0.0758184580207718,0.40485622869950627,true,0.24033734336013904
naive,0.1,0.10997967518054642,0.029223002568244522,0.050281525913795005,0.35910892528113103,true,0.20469522559746303
naive,0.1,0.07882563423368576,0.00012140670628467748,0.22586200811450596,0.5638418970636893,false,0.3948519525890976
naive,0.1,0.08361036699933402,0.07717804660359169,0.011798562553468728,0.32878553722861237,true,0.17029204989104055
naive,0.1,0.0674871125609656,0.15625154218063003,-0.02116965285881106,0.28553966538895775,true,0.13218500626507335
naive,0.1,0.0732838719980091,0.15346943737752822,-0.020228807094485574,0.2857755064916955,true,0.13277334969860496
naive,0.1,0.11247621151635773,0.040907008664382356,0.038316443054129234,0.3537426249430493,true,0.19602953399858927
naive,0.1,0.09709819858811952,0.052798565839492786,-0.3719637757755778,-0.030296930449858678,false,-0.20113035311271824
naive,0.1,0.04982125505096589,0.05525247247196899,0.03109432039046936,0.4071208101010185,true,0.21910756524574396
naive,0.1,0.10129764203124658,0.01412186891757479,0.07592470997479317,0.38455152588487246,true,0.23023811792983281
naive,0.1,0.07207718223166913,0.03763516161550564,0.04562968261982073,0.3915390922908645,true,0.2185843874553426
naive,0.1,0.10878081738034255,0.044930952102545954,0.040326040683505676,0.40837179097649345,true,0.22434891582999955
naive,0.1,0.11978411474866422,0.1056735151606702,-0.0024866014095899225,0.30156128502248514,true,0.1495373418064476
naive,0.1,0.12842498582907325,0.0001344651863149644,0.23888415980366934,0.6004846056412518,false,0.4196843827224606
naive,0.1,0.12023741699695811,0.01897553053754221,0.0679700917583318,0.38687367405759965,true,0.22742188290796572
naive,0.1,0.06858323931203396,0.09460288745962012,0.0026197089495883785,0.3248138518807483,true,0.16371678041516832
naive,0.1,0.07371550462844423,0.26384154446646324,-0.04409317167381832,0.2308919707349132,true,0.09339939953054743
naive,0.1,0.10892187102244227,0.001616549606201396,0.15288905430055857,0.48640591849425685,false,0.3196474863974077
naive,0.1,0.08596225952354242,0.3363379687385601,-0.07029896092850245,0.26808805295422833,true,0.09889454601286295
naive,0.1,0.09372532828121316,0.02039454008419168,0.07238345897574602,0.42559630250882696,true,0.24898988074228648
naive,0.1,0.0716199275109444,0.025897784738743455,0.051564774607506525,0.34258666403460736,true,0.19707571932105694
naive,0.1,0.09624141594661667,0.04988872086939053,0.03196163491239942,0.36463056754085865,true,0.19829610122662905
naive,0.1,0.13575903438246228,0.0017689611214398537,0.15270521279252863,0.4917557311990178,false,0.3222304719957732
naive,0.1,0.047185731097675945,0.031700491536160315,-0.39098959959955415,-0.05188221004948404,false,-0.2214359048245191
naive,0.1,0.10940106479254613,0.027803552952421078,0.05903147261275005,0.4088127118061932,true,0.23392209220947163
naive,0.1,0.138165677132294,0.012052229866323207,0.0857730211690163,0.4116934444160119,true,0.2487332327925141
naive,0.1,0.14828364329331326,0.03207680459618758,0.05131754622029408,0.3899059614448753,true,0.2206117538325847
naive,0.1,0.13575503366556682,0.14055024482887662,-0.019007802536116197,0.34643332143085137,true,0.1637127594473676
naive,0.1,0.13506210596939147,0.0046752809939248205,0.11562979099171655,0.43697374558888524,true,0.2763017682903009
naive,0.1,0.1390225507221084,0.025581698134428208,0.05351729221590623,0.35311098758517434,true,0.20331413990054029
naive,0.1,0.10247346867593954,0.05479162220184159,0.026716914283061777,0.3455415904575622,true,0.186129252370312
naive,0.1,0.059132619534668265,0.10097181195089235,-0.0004851473125275507,0.3395808295138937,true,0.16954784110068308
naive,0.1,0.10563899032905653,0.039008981331575425,0.044698126791144016,0.3954382146913843,true,0.22006817074126417
naive,0.1,0.07972611336544574,0.0851167812520986,0.006967679827352524,0.30509436041000393,true,0.15603102011867823
naive,0.1,0.1299437463727942,0.031001696122477114,0.05522274028321211,0.4099037335094292,true,0.23256323689632066
naive,0.1,0.12085747625191251,0.011696311305325944,0.08091668546887723,0.3846770519906587,true,0.232796868729768
naive,0.1,0.10042685733581927,0.03850873648115083,0.045616455317606136,0.3990888536604873,true,0.22235265448904673
naive,0.1,0.10479311969418516,0.03231531091536248,0.05161873667541572,0.3942309074878295,true,0.22292482208162262
naive,0.1,0.12631050897267687,0.06047456401738568,0.024365815716014955,0.3691778135150766,true,0.1967718146155458
naive,0.1,0.07949593762600927,0.2844798409244343,-0.04973544955906267,0.23503846883021529,true,0.0926515096355763
naive,0.1,0.11740748357410412,0.00464766128354853,0.13169931784737238,0.49711643123112675,false,0.31440787453924957
naive,0.1,0.1016720519901008,0.24061572335410777,-0.04919133472721103,0.29409157921345475,true,0.12245012224312186
naive,0.1,0.15578203497776577,0.014897228415379684,0.09418037710396868,0.4863579516574915,true,0.2902691643807301
naive,0.1,0.11253447426803542,0.05873002157851702,0.027875030110182747,0.4016215278661087,true,0.21474827898814575
naive,0.1,0.11348261915707573,0.36391257896376417,-0.0721172872027831,0.24982430220379354,true,0.08885350750050522
naive,0.1,0.10605983722392452,0.052225294297778606,0.029093868707902815,0.35198313828407646,true,0.19053850349598964
naive,0.1,0.14129950202559294,0.004448110412714484,0.12124319624747965,0.45371986317257423,true,0.28748152971002694
naive,0.1,0.09442328145387603,0.024245972800540663,0.06632191762170248,0.4249604620618713,true,0.2456411898417869
naive,0.1,0.11367897271705314,0.006737373643123646,0.11997497544724359,0.4906732077877616,false,0.30532409161750257
naive,0.1,0.14420804155831313,0.10979783684270124,-0.00422419939571253,0.2995140907982877,true,0.14764494570128758
naive,0.1,0.10648577780866905,0.1350301142198976,-0.01668586666345756,0.34853583839709346,true,0.16592498586681795
naive,0.1,0.10629432858510376,0.06393025889880759,0.022742255171786796,0.38275640010681716,true,0.20274932763930198
naive,0.1,0.11665614871894002,0.00013181050128222268,0.24239378320095506,0.6084784161059165,false,0.42543609965343576
naive,0.1,0.14403426271387493,0.03770118684774416,0.042297090282849864,0.36347384057257226,true,0.20288546542771108
naive,0.1,0.12871841428069053,0.2174810265404816,-0.04260292167332744,0.29790061623002784,true,0.1276488472783502
naive,0.1,0.096893871310164,0.002104276028885149,0.1407141673632923,0.464369179233388,false,0.30254167329834014
naive,0.1,0.08325205760883947,0.09486756991143956,0.002631922108938284,0.3433978666957531,true,0.1730148944023457
naive,0.1,0.11569881535791018,0.00796416005556513,0.10538580417199908,0.44907322742096367,true,0.27722951579648136
naive,0.1,0.06416818000906901,0.08144520854801733,0.00975180588647273,0.3387569016502054,true,0.17425435376833906
naive,0.1,0.1011105597909533,0.04844353143623206,0.034419810451984056,0.37900281550298837,true,0.2067113129774862
naive,0.1,0.12410604568357814,0.0024664791717703117,0.1522061109500748,0.5143675178911264,false,0.3332868144206006
naive,0.1,0.08315282838585028,0.12800880084923388,-0.012652307221763998,0.32614733806163854,true,0.15674751541993726
naive,0.1,0.10266898814912807,0.007545970197554958,0.11475003852302071,0.48236133826811367,false,0.2985556883955672
naive,0.1,0.1210892815914354,0.01884543928998695,0.07541154556958349,0.4279404976216682,true,0.25167602159562585
naive,0.1,0.09688918792681701,0.03909735098106286,0.04266456566376156,0.37819293462832737,true,0.21042875014604445
naive,0.1,0.08438923195159964,0.022037726892016322,0.06573904148994031,0.40110031091366916,true,0.23341967620180473
naive,0.1,0.12077156974042823,0.12724230779810408,-0.012483609118463385,0.3303554005531327,true,0.15893589571733466
naive,0.1,0.09797658557298687,0.10671784607593686,-0.00348701126837786,0.3580296208397465,true,0.1772713047856843
naive,0.1,0.11129454939139016,0.13172051948077873,-0.01513564186254665,0.34698182008047795,true,0.16592308910896567
naive,0.1,0.14755453145144828,0.23535543174797238,-0.048426648582932136,0.2992758572387595,true,0.12542460432791366
naive,0.1,0.10513085355876506,0.36506367470402545,-0.06883511959951148,0.23754953041254268,true,0.0843572054065156
naive,0.1,0.11050902831520017,0.05082539957500935,0.034651004911686156,0.4046368135551362,true,0.21964390923341118
naive,0.1,0.060861144195078584,0.11261346862925047,-0.0056771912683241665,0.31467844521356186,true,0.15450062697261885
naive,0.1,0.09138317564778724,0.07132933866439163,0.01810840080598572,0.3939020901431549,true,0.2060052454745703
naive,0.1,0.08727461559757982,0.06600839933822643,0.021713540376143342,0.3908421843167812,true,0.20627786234646228
naive,0.1,0.09354757469107028,0.16408472571819294,-0.028730176502573007,0.344268214951599,true,0.15776901922451297
naive,0.1,0.12956746866870142,0.017524959050405867,0.06710028556524061,0.36921471427351593,true,0.21815749991937827
naive,0.1,0.06374311988845467,0.07423670631881239,0.014486417190843648,0.3541636108793474,true,0.18432501403509552
naive,0.1,0.07544495539167373,0.0422969179853891,0.037554639084427105,0.35783753426729825,true,0.19769608667586266
naive,0.1,0.11779946320700288,0.08902971332929555,0.006266702655723683,0.376487190132307,true,0.19137694639401534
naive,0.1,0.1275093369066054,0.01640996862846673,0.07681655138867097,0.4116063107495884,true,0.24421143106912968
naive,0.1,0.12787662284957563,0.10285484048173127,-0.0013574268074847962,0.32494044404663847,true,0.16179150861957683
naive,0.1,0.10762053031731632,0.055459945567782186,0.02510510082482134,0.3305337365112213,true,0.17781941866802134
naive,0.1,0.09289628277297429,0.017769549002627557,0.07651018767474474,0.4234227686876053,true,0.249966478181175
naive,0.1,0.13031931276794903,0.27207551665460455,-0.049866848527874374,0.2502792795218991,true,0.10020621549701236
naive,0.1,0.11162515382537855,0.09781732853300784,0.0009698165277320647,0.2998394367134083,true,0.1504046266205702
naive,0.1,0.09505855913040341,0.14433407411986937,-0.01643211927297039,0.27574548803615967,true,0.12965668438159464
naive,0.1,0.10517368341535738,0.04824199594907613,0.029515466807555124,0.32341389795780057,true,0.17646468238267785
naive,0.1,0.14320926246448307,0.0034437387976677704,0.13551915047093185,0.4837546596292769,true,0.3096369050501044
naive,0.1,0.04997816725115247,0.014098536202044784,0.08183643391546097,0.41424964573878104,false,0.248043039827121
naive,0.1,0.07380310748202934,0.05453829177889935,0.027072666765729697,0.3478024384335008,true,0.18743755259961525
naive,0.1,0.1409326118399512,0.0009332457202491524,0.18013924141335783,0.5360454331171707,false,0.35809233726526424
naive,0.1,0.1141352549417239,0.07686552963631652,0.01153574069954763,0.3167992121572192,true,0.1641674764283834
naive,0.1,0.09669045755594484,0.06350320494947935,0.02054410164775744,0.3411544688123617,true,0.18084928523005958
naive,0.1,0.14070995109516043,0.031744432587279034,0.05337771951782197,0.4026436555030922,true,0.2280106875104571
naive,0.1,0.10416561898500719,0.06520063781193466,0.02048974694171779,0.3591648947982094,true,0.1898273208699636
naive,0.1,0.12107338300999425,0.08737892093767802,0.005988764332856195,0.3112676647130045,true,0.15862821452293033
naive,0.1,0.07498130723542105,0.0032877537967188324,0.1125155078943951,0.3984252460257697,false,0.2554703769600824
naive,0.1,0.11289900222891024,0.022514774729831637,0.06049321293538751,0.3730423411455346,true,0.21676777704046105
naive,0.1,0.08144222874170721,0.05032609121798939,0.03404047253938519,0.3925837580339038,true,0.21331211528664448
naive,0.1,0.07009983435967942,0.0012389611885603273,0.14895728272537165,0.45814099881796244,false,0.30354914077166706
naive,0.1,0.1037052094907019,0.02456792260190968,0.05871016379088645,0.37886087036143906,true,0.21878551707616276
naive,0.1,0.1327611364232219,0.3275724585065917,-0.06617344387952186,0.26076963511856316,true,0.09729809561952064
naive,0.1,0.12666832578826256,0.10126073687166043,-0.3457635005978536,0.000640383128713562,false,-0.17256155873457002
naive,0.1,0.13675251371451091,0.22098671126305788,-0.038120230082443876,0.25979134413012334,true,0.11083555702383972
naive,0.1,0.05809628534433799,0.20256765190369466,-0.0390737014511742,0.3077876290642495,true,0.13435696380653764
naive,0.1,0.09270828373677724,0.057660221019305256,0.028435666261188763,0.3975679667669932,true,0.21300181651409097
naive,0.1,0.06214125640530917,0.15619459028263458,-0.022749170034336602,0.30712780099800274,true,0.14218931548183308
naive,0.1,0.10122478446858998,0.04316912276093136,0.038026270745951773,0.3696537240362454,true,0.2038399973910986
naive,0.1,0.11019584152896438,0.01406950238117002,0.08717531757330266,0.4409509610483846,true,0.26406313931084363
naive,0.1,0.10499517451552676,0.069279250904357,0.015436824202962635,0.31113044258398226,true,0.16328363339347243
naive,0.1,0.0905995804043799,0.1436430253497731,-0.019905234702662117,0.3389117753382275,true,0.15950327031778266
naive,0.1,0.12719925630396495,0.010401205510714166,0.09755768129439901,0.44741132746556633,true,0.2724845043799827
naive,0.1,0.11824982247963423,0.20864694735315192,-0.03924611975105341,0.2938857766917709,true,0.12731982847035875
naive,0.1,0.08162443832357881,0.014937865151189497,0.08050883137278667,0.41617546319167653,true,0.2483421472822316
naive,0.1,0.13711012268413733,0.0003628230751476468,0.1936515270105455,0.525297872703631,false,0.35947469985708824
naive,0.1,0.15085425196328228,0.12613523914766336,-0.012872676193124016,0.35430426768271317,true,0.1707157957447946
naive,0.1,0.10101127820533261,0.0431016691126665,0.03867177314418754,0.37534543469456894,true,0.20700860391937825
naive,0.1,0.09782869951904583,0.043609568482732876,0.034877551014173225,0.3425074976632519,true,0.18869252433871256
naive,0.1,0.11310941927696827,0.04988234239984663,0.02892565522215068,0.32994287855985044,true,0.17943426689100056
naive,0.1,0.0617162940863917,0.11171141596703063,-0.005389294612676537,0.32107934693123386,true,0.15784502615927867
naive,0.1,0.12306353141700341,0.023677720591859307,0.06057752602445807,0.3833202028113766,true,0.2219488644179173
naive,0.1,0.08632049178733214,0.0380456516522732,0.04270523252919872,0.3697943852434801,true,0.2062498088863394
naive,0.1,0.05040492388501697,0.0017411897910328416,0.14326356362862877,0.4603557237301985,false,0.30180964367941365
naive,0.1,0.09679412697930338,0.0021176606125747088,0.13767882261186998,0.45477162650867503,false,0.2962252245602725
naive,0.1,0.11907036480085849,0.004343468509437938,0.12876218216981145,0.47964186975621487,false,0.30420202596301316
naive,0.1,0.09625074788310027,0.19209782885975132,-0.03444002760365647,0.2983425305305748,true,0.13195125146345915
naive,0.1,0.0934992385378108,0.058387280166062185,0.023672826547330855,0.3377863161855842,true,0.18072957136645754
naive,0.1,0.08360151824629393,0.07608578913218629,0.013167813257003252,0.3489434153058971,true,0.1810556142814502
naive,0.1,0.11283692017101041,0.007265706480939568,0.09903257955111167,0.4124229237440361,true,0.2557277516475739
naive,0.1,0.07232380539672703,0.00461032843267313,0.11561396328626436,0.43570388302377916,false,0.2756589231550218
naive,0.1,0.11923802204439296,0.1105205941826941,-0.005493324531167215,0.363341117925968,true,0.1789238966974004
naive,0.1,0.039519958916202275,0.1539887308197987,-0.024271669789767858,0.3398751779113829,true,0.15780175406080751
naive,0.1,0.137623079804885,0.017632801018964847,0.07603084870111285,0.4194189652881358,true,0.24772490699462435
naive,0.1,0.07451967805119131,0.08525570025370047,0.007212505153049081,0.31892015198743784,true,0.16306632857024345
naive,0.1,0.07386943079646398,0.07049874176227809,0.019792458402671187,0.41720286826804615,true,0.21849766333535867
naive,0.1,0.09694428105477836,0.07601071498015191,0.012960996423931392,0.3423039814368175,true,0.17763248893037445
naive,0.1,0.08778793339022838,0.06032758095456888,0.023789805344372777,0.3589019657837802,true,0.1913458855640765
naive,0.1,0.14407879512074268,0.009588651001086027,0.10978230382017279,0.4917644863605268,true,0.3007733950903498
naive,0.1,0.068158129915999,0.21596150964203153,-0.041834984381882184,0.29588202148938314,true,0.1270235185537505
naive,0.1,0.07980084928193627,0.0009461397667809366,0.17260196228905175,0.5144053900808009,false,0.34350367618492633
naive,0.1,0.09075418383641955,0.04202987884736702,0.038189074094524295,0.3616710474526561,true,0.19993006077359018
naive,0.1,0.10990726351884221,0.015366674916504527,0.07556085897468523,0.3947491423792742,true,0.23515500067697973
naive,0.1,0.10351602771959956,0.23126969670134961,-0.03819324118483783,0.24241433169940033,true,0.10211054525728125
naive,0.1,0.1394965771978002,0.00035384840753367096,0.20255215690510994,0.5482605607041475,false,0.37540635880462875
naive,0.1,0.06284161461507289,0.16156103273858602,-0.027399478119929238,0.3404841921233196,true,0.15654235700169516
naive,0.1,0.08910521067057228,0.09593010420160508,0.001918750303784439,0.31659014948888986,true,0.15925444989633714
naive,0.1,0.11431097175445429,0.009056475132321034,0.10160952351082458,0.44797674291615514,true,0.27479313321348986
naive,0.1,0.09623936475457984,0.17917677649372607,-0.02776047291984894,0.27507796269132107,true,0.12365874488573607
naive,0.1,0.12178950380743968,0.2666459074676893,-0.055668061687834405,0.28725335767371535,true,0.11579264799294046
naive,0.1,0.10243484381637642,0.20226143863087867,-0.040974084413559764,0.3236079464992838,true,0.14131693104286203
naive,0.1,0.11480508799099158,0.02133479262114913,0.0668734609133381,0.4016418859194042,true,0.23425767341637116
naive,0.1,0.10227737457166512,0.24089326753079107,-0.04329735154349329,0.2584112444912354,true,0.10755694647387107
naive,0.1,0.10504381434266567,0.03437585987171681,0.04924938625196512,0.393392253868739,true,0.22132082006035206
naive,0.1,0.08660583637773017,0.020107279160159804,0.07251678370916995,0.4236040206544426,true,0.24806040218180625
naive,0.1,0.12903131839972187,0.0009015274856474221,0.17620765402163813,0.5223366515253889,false,0.34927215277351353
naive,0.1,0.09333218879935541,0.0026587126373192765,0.12921130588456503,0.44180360853452744,false,0.28550745720954623
naive,0.1,0.10983501952457543,0.19513469258452446,-0.036861717367354774,0.3102864160789826,true,0.13671234935581392
naive,0.1,0.09929078822252457,0.06768183852685915,0.018906794205019506,0.3601549694397855,true,0.1895308818224025
naive,0.1,0.1066631636400508,0.030576668312763934,0.044674034211435315,0.3285618037650311,true,0.1866179189882332
naive,0.1,0.14926389414241484,0.00931400167120224,0.10402772431726257,0.4622035083812247,true,0.28311561634924365
naive,0.1,0.10751274241304108,0.15324897392881942,-0.025763445319949674,0.36534124595191486,true,0.1697889003159826
naive,0.1,0.11444303393760116,0.12472761719536679,-0.011070915492740446,0.32115398224589997,true,0.15504153337657978
naive,0.1,0.10432243570493023,0.007974025778054422,0.11269777183934673,0.4803835069810938,false,0.29654063941022024
naive,0.1,0.1089494793081675,0.0015236554553442324,0.14796336913919605,0.4670878307468501,false,0.3075255999430231
naive,0.1,0.0760643274925391,0.04182303531327488,0.03687179309991573,0.3475537210551021,true,0.19221275707750893
naive,0.1,0.14281683104182102,0.009513158251196885,0.09438886130651408,0.4218683368343494,true,0.25812859907043173
naive,0.1,0.09582850110025994,0.08822045789125793,0.006920917602003418,0.3863411127613922,true,0.19663101518169782
naive,0.1,0.1334873659357503,0.034335216936315034,0.05116429346645118,0.408325627737057,true,0.2297449606017541
naive,0.1,0.17264620299331712,0.00031994132277301856,0.23170311530500787,0.6218445835733757,false,0.4267738494391918
naive,0.1,0.09355723494210727,0.04551417227163403,0.03458569094228922,0.35506783772302697,true,0.1948267643326581
naive,0.1,0.14553109590154484,0.20091658557403713,-0.039971049265283914,0.3193888475042679,true,0.13970889911949197
naive,0.1,0.07158397682057945,0.023804116631219896,0.06455042353955973,0.4096011572634485,true,0.23707579040150412
naive,0.1,0.10927962591922481,0.009646257125394084,0.09559012594765245,0.4289184268097376,true,0.26225427637869503
naive,0.1,0.07163833247314658,0.22078643394336503,-0.047913238749407255,0.32700416023764045,true,0.1395454607441166
naive,0.1,0.1262989221500696,0.0004782701032560554,0.18293154613094526,0.5086137320084607,false,0.345772639069703
naive,0.1,0.10350953827781566,0.028671050842741835,0.05564820441083093,0.39270836606526316,true,0.22417828523804703
naive,0.1,0.08806953426540932,0.008999729607702003,0.09858601892405419,0.4338998372579741,false,0.26624292809101413
naive,0.1,0.11498545625937279,0.004095374799266276,0.1238539182971074,0.45622535909744705,false,0.2900396386972772
naive,0.1,0.09772794202722439,0.02750260522754145,0.05679279769235179,0.39074545103051084,true,0.22376912436143132
naive,0.1,0.1340105388874236,0.026491378271728525,0.06327858295791605,0.42589136901595925,true,0.24458497598693765
naive,0.1,0.07186234368054785,0.029507302694760443,0.05062601408585793,0.36380477482925144,true,0.20721539445755469
naive,0.1,0.07118815851012417,0.055219809581117066,0.026304034032859996,0.34410078418003576,true,0.1852024091064479
naive,0.1,0.056464835419873474,0.04471804818326284,0.03968571793608805,0.39989203737520546,true,0.21978887765564675
naive,0.1,0.05515092282537023,0.07759739499732186,0.011334455829122375,0.32219888393386165,true,0.16676666988149202
naive,0.1,0.11756643238081826,0.06959909284304096,0.01967088189662719,0.4010952009706247,true,0.21038304143362593
naive,0.1,0.06398367447766241,0.07526353746125959,0.013479161019730374,0.3443899047128117,true,0.17893453286627106
naive,0.1,0.1060415130033115,0.39736664201117494,-0.07768777830087199,0.2423668910638604,true,0.08233955638149419
naive,0.1,0.12113557265312086,0.04818447930472362,0.03438369764016999,0.37623230368659777,true,0.2053080006633839
naive,0.1,0.07318810785736414,0.31292141749992647,-0.06719382182269736,0.2805066205627774,true,0.10665639937004003
naive,0.1,0.08648030999450576,0.04487187647975863,0.03557823421022696,0.35979431065757794,true,0.19768627243390247
naive,0.1,0.11082631921940493,0.011410425876392382,0.08131159467356033,0.38355554451653595,true,0.23243356959504816
naive,0.1,0.07577776341618714,0.37155851647322713,-0.07312872007810753,0.24708081997043155,true,0.08697604994616201
naive,0.1,0.019734842358922415,0.05398397596696555,0.028734414887506304,0.36380694030588445,false,0.1962706775966954
naive,0.1,0.10762873208153709,0.07797145800430075,0.010903928927821022,0.31560136624152957,true,0.1632526475846753
naive,0.1,0.07451780537317373,0.027523795050460237,0.053300884024854694,0.36688935582861937,true,0.21009511992673702
naive,0.1,0.08791228228157123,0.046992455785350856,0.0314942794394307,0.3348692157747142,true,0.18318174760707245
naive,0.1,0.12509891158818168,0.0443599890868534,0.03922525670295213,0.3919664146903782,true,0.21559583569666516
naive,0.1,0.11302252005849106,0.007265010543440609,0.09695028484835558,0.4037417209416011,true,0.2503460028949783
naive,0.1,0.10714793163873679,0.04146871015421187,0.04056793231395098,0.37932538777600044,true,0.20994666004497572
naive,0.1,0.07857027896367075,0.28641125612768187,-0.0603254021021898,0.28252864209054307,true,0.11110161999417663
naive,0.1,0.07592929943894604,0.2071021893738679,-0.033054328047085066,0.2506523911756804,true,0.10879903156429767
naive,0.1,0.10435973177846088,0.16296697332774984,-0.024512516468594703,0.29844194352988673,true,0.13696471353064602
naive,0.1,0.055775182904386024,0.0599422492443084,0.02186807356677789,0.3262266049722765,true,0.1740473392695272
naive,0.1,0.09169395637824874,0.1680412856916215,-0.02486201099038679,0.2822349313220657,true,0.12868646016583943
naive,0.1,0.09718654642972316,0.015364367940798034,0.07794790758008766,0.4071966367442975,true,0.24257227216219257
naive,0.1,0.12529725364492622,0.16150898149387152,-0.024575961192881385,0.30563152326463805,true,0.14052778103587835
naive,0.1,0.1130419859664158,0.00599119399835824,0.10148057776933575,0.4040350208237895,true,0.2527577992965626
naive,0.1,0.13104527988251807,0.0004953632648675796,0.16319646402353094,0.4552271925967164,false,0.30921182831012367
naive,0.1,0.08765331961909387,0.16067922065061327,-0.022651960666542792,0.2851951019182973,true,0.13127157062587724
naive,0.1,0.1575396008796287,0.002945249995121101,0.13033958459694245,0.4530837856446575,true,0.2917116851208
naive,0.1,0.11753588826445982,0.04743629341369413,0.03565792834183934,0.3831946236861591,true,0.2094262760139992
naive,0.1,0.08503505589768975,0.008495492532094867,0.09464105879986218,0.41012727790209147,false,0.2523841683509768
naive,0.1,0.10044031346593463,0.37269658265929895,-0.0806110710505225,0.2713663469767458,true,0.09537763796311165
naive,0.1,0.1272569117307727,0.17637475732337857,-0.02876349650297369,0.29434688337013404,true,0.1327916934335802
naive,0.1,0.10600171650964951,0.12074077157158708,-0.00968791452012932,0.33233591703101184,true,0.16132400125544125
naive,0.1,0.12171320199015585,0.03811589804393917,0.04468435208473337,0.38753578474646605,true,0.2161100684155997
naive,0.1,0.07812777808056048,0.004932095608489339,0.11853747734680606,0.45280767262198807,false,0.2856725749843971
naive,0.1,0.11241281891963563,0.05425562648470766,-0.37905693182010736,-0.029726174114849097,false,-0.20439155296747824
naive,0.1,0.06941402541928997,0.15376305974702817,-0.021086955315164607,0.29641175045339085,true,0.1376623975691131
naive,0.1,0.13138107504081553,0.0030802169248999606,0.13509043631788792,0.473104096941878,false,0.30409726662988296
naive,0.1,0.051183572621919235,0.06868938144651562,0.016530747855179717,0.32621275056246285,true,0.17137174920882128
naive,0.1,0.09286828512534474,0.047617759857450516,0.03363300709748507,0.3630148830785641,true,0.1983239450880246
naive,0.1,0.129278958099901,0.0023617648360070645,0.13988707992458385,0.4696150678391543,false,0.30475107388186906
naive,0.1,0.09399514026489164,0.013676276124798527,0.08729095480663548,0.4371459716756172,true,0.26221846324112635
naive,0.1,0.048100615006095526,0.046165147892554735,0.035097046965852086,0.36589996520615486,true,0.20049850608600348
naive,0.1,0.08716015573987547,0.23261059345586932,-0.04453917083044144,0.2802020410370333,true,0.11783143510329593
naive,0.1,0.11670393964723114,0.116838555954491,-0.007529187181300051,0.3155234488874967,true,0.15399713085309835
naive,0.1,0.10964257664506877,0.00017690110654225463,0.22909205843597213,0.5871097192348803,false,0.4081008888354262
naive,0.1,0.11759129361032099,0.09579342107892319,0.002009174851490464,0.3206235426668119,true,0.16131635875915118
naive,0.1,0.12473954696841001,0.0011432540964427045,0.14990725535574725,0.456627849829358,false,0.3032675525925526
naive,0.1,0.14424486044676457,0.0174181164553118,0.06455696069288161,0.3543255465859846,true,0.20944125363943308
naive,0.1,0.10050264019156104,0.02174496694893302,0.06878985362366877,0.41697362251062486,true,0.24288173806714683
naive,0.1,0.103071992726938,0.2521201424154048,-0.0511794128905072,0.28579464655259934,true,0.11730761683104607
naive,0.1,0.06954649154416509,0.13389255280811752,-0.014384318264794582,0.3098897358577723,true,0.14775270879648886
naive,0.1,0.11038034013234646,0.060560578823489634,0.021538696556283626,0.3271679278060703,true,0.17435331218117697
naive,0.1,0.14614243821108355,0.00748449163626654,0.11128514428667649,0.4668461903815264,true,0.28906566733410144
naive,0.1,0.10220821135549506,0.1842486569916896,-0.0351800350163855,0.3298278658696188,true,0.14732391542661666
naive,0.1,0.1194386090477429,0.09051212674030559,0.00538042937824873,0.3752965954996613,true,0.19033851243895503
naive,0.1,0.09926589107202623,0.02236111173374567,0.06938575005274233,0.42641741751921725,true,0.2479015837859798
naive,0.1,0.14565237533702824,0.017135915889508167,0.07161184713050742,0.3904291476694878,true,0.2310204973999976
naive,0.1,0.13526183111646645,0.15747220817875573,-0.021520412904975278,0.28465136558914017,true,0.13156547634208243
naive,0.1,0.0985685889169515,0.000029351929995038157,0.24335206347634514,0.5593302400678428,false,0.401341151772094
naive,0.1,0.1081864232838422,0.003864859858146689,0.11463539458719701,0.4177517064458614,false,0.2661935505165292
naive,0.1,0.10815048139703705,0.055195701845393144,0.02426632584554761,0.31723988111302376,true,0.17075310347928568
naive,0.1,0.12954315552303527,0.09185726253448338,0.0038718920800061007,0.3158537129133622,true,0.15986280249668414
naive,0.1,0.10574828224149063,0.08605269687826048,0.00735020315589574,0.3443816021156265,true,0.17586590263576113
naive,0.1,0.07472601270199108,0.11904529287351652,-0.008351228925171511,0.3108797468455585,true,0.1512642589601935
naive,0.1,0.06642050203856385,0.004168886005947963,0.11107272154515918,0.4105198283986045,false,0.26079627497188185
naive,0.1,0.14417276580656851,0.055370843528697,0.026442636013527893,0.3473136823242051,true,0.18687815916886652
naive,0.1,0.10412220298256801,0.005951043050966741,0.11678161697501274,0.4642606075980201,false,0.29052111228651645
naive,0.1,0.08710863618054579,0.18734402615109758,-0.03250144024075463,0.2950962134099615,true,0.13129738658460344
naive,0.1,0.08948180805352113,0.01841779715007942,0.06082943074608918,0.3417831244715903,true,0.20130627760883973
naive,0.1,0.06296261287733787,0.0728683028548907,-0.3357458716479347,-0.014529364289480429,false,-0.17513761796870755
naive,0.1,0.09721096737297145,0.2861290809229289,-0.06697250181321203,0.3140708137430099,true,0.12354915596489892
naive,0.1,0.10430536401707127,0.11634353598953026,-0.008074228382130039,0.3482411405864906,true,0.17008345610218029
naive,0.1,0.10785433601282715,0.49494005140556374,-0.0944254146717044,0.22834905794387816,true,0.06696182163608688
naive,0.1,0.12039514808159656,0.069966282386811,0.014674094698813978,0.303261140070557,true,0.15896761738468548
naive,0.1,0.13286827222914233,0.022774356563357984,0.06849378000061565,0.42482524779950714,true,0.24665951390006138
naive,0.1,0.06991729748799563,0.02292328264839977,0.06335199840064604,0.3942357750909511,true,0.22879388674579856
naive,0.1,0.10843203913642191,0.03546139526654625,0.0542037270436482,0.4433695692363072,true,0.24878664813997772
naive,0.1,0.11818117752656251,0.07968422564610952,0.011085493160727156,0.3497949306754573,true,0.18044021191809223
naive,0.1,0.07707352093647445,0.03759506373580208,0.04573929127675358,0.39213137158007,true,0.2189353314284118
naive,0.1,0.09160305763799852,0.14942044561502577,-0.34021184951499384,0.02240628798907965,false,-0.1589027807629571
naive,0.1,0.06881143802380485,0.0035067863059889777,0.12187297398762334,0.4364309945944379,false,0.2791519842910306
naive,0.1,0.13251117621693712,0.026727903726639347,0.05378511120371188,0.3638667206094893,true,0.2088259159066006
naive,0.1,0.09222843896877256,0.039394540690002686,0.040217349191185164,0.3588759713932176,true,0.19954666029220136
naive,0.1,0.09114071019530885,0.03218715788108667,0.05248029049975392,0.3996969484525368,true,0.22608861947614534
naive,0.1,0.11324299390763504,0.026167817548822567,0.05340423722577348,0.35690552636552375,true,0.2051548817956486
naive,0.1,0.12543253372459626,0.03384543290407413,0.04955999939584674,0.3913192832149086,true,0.22043964130537766
naive,0.1,0.12913932814589604,0.0044674672985175355,0.11172872295707456,0.4184683023132858,true,0.2650985126351802
naive,0.1,0.12055915833915604,0.12736912439252335,-0.01358485463148218,0.35792137788764145,true,0.17216826162807963
naive,0.1,0.07431893386576068,0.05104302233010701,0.031333632876234,0.3679007364586182,true,0.1996171846674261
naive,0.1,0.08218937801020854,0.10614365503118396,-0.0030700392225133377,0.34421004880156725,true,0.17057000478952697
naive,0.1,0.08548032866409966,0.1589715749511326,-0.02447920357718142,0.3162925866375456,true,0.1459066915301821
naive,0.1,0.048102611545016445,0.34609249874762155,-0.06914948386762076,0.2545948621425994,true,0.09272268913748932
naive,0.1,0.046727278647052346,0.03075242919764195,0.05321749053905231,0.3928901328779455,false,0.22305381170849892
naive,0.1,0.06417281664709931,0.10214338375271377,-0.000998570499068735,0.31782648359053356,true,0.1584139565457324
naive,0.1,0.09722403202415553,0.1140955145926249,-0.00707852329907277,0.35225499753061906,true,0.17258823711577315
naive,0.1,0.12566678315504695,0.000840360201607268,0.17820096121469953,0.52420297837752,false,0.35120196979610974
naive,0.1,0.07503554774636371,0.2218033322075346,-0.0399560698976696,0.2707073701528207,true,0.11537565012757554
naive,0.1,0.0607066218506821,0.1862983990856743,-0.032138635938802396,0.2949408606062406,true,0.1314011123337191
naive,0.1,0.11015542856130202,0.20539510400886699,-0.044054074739942495,0.3388146435481788,true,0.14738028440411816
naive,0.1,0.15973158999325454,0.030035961597318743,0.057048819391030264,0.4146849371842528,true,0.23586687828764152
naive,0.1,0.11870895875375971,0.45772781460100426,-0.08331995290732905,0.2204707727449621,true,0.06857540991881653
naive,0.1,0.06459278201769081,0.10102979559612914,-0.00052082004422907,0.34407340485411275,true,0.17177629240494185
naive,0.1,0.08347416902789928,0.02371483568426573,0.0616989438925499,0.39073639895276036,true,0.22621767142265514
naive,0.1,0.09950970625700307,0.03978228157692523,0.03893951085218722,0.35050454295930605,true,0.19472202690574664
naive,0.1,0.10543673350532164,0.35396997906139965,-0.07009513660167994,0.2510923537105963,true,0.09049860855445817
naive,0.1,0.12294318091239066,0.16882686790614518,-0.02538765184515726,0.28523746950496376,true,0.12992490882990326
naive,0.1,0.09468536303282947,0.00028747417629797396,0.22245702531037825,0.5917863065915313,false,0.4071216659509548
naive,0.1,0.11270919159849278,0.16151962343108958,-0.022634150449177826,0.2814386449926084,true,0.1294022472717153
naive,0.1,0.0947960528808474,0.012924808987572029,0.08079874900152015,0.39686332016597514,true,0.23883103458374763
naive,0.1,0.1121136188159046,0.007990915133510398,0.1180872854952301,0.5036298393017902,false,0.3108585623985101
naive,0.1,0.0867176287009283,0.09814789965385406,0.0009642549800661926,0.35162768461254035,true,0.17629596979630327
naive,0.1,0.10499218353669657,0.06505975046413874,0.021703656800605986,0.37870828588070116,true,0.20020597134065357
naive,0.1,0.12551255006893564,0.00013843391129591179,0.22252524042672137,0.5604801871056941,false,0.39150271376620777
naive,0.1,0.05904197228839346,0.06365917669617478,0.02245813085502002,0.3747645575716054,true,0.1986113442133127
naive,0.1,0.058298283007771665,0.036784772203756574,0.039213307158125155,0.33021908441828624,true,0.1847161957882057
naive,0.1,0.09209952628407214,0.08552532763989017,0.0075970770385942465,0.34245282271495014,true,0.1750249498767722
naive,0.1,0.09985439615616863,0.07042498982496101,0.014912369783342955,0.3134710934162135,true,0.1641917315997782
naive,0.1,0.12152351221012214,0.2173885643187804,-0.039575834806166554,0.2769243903707303,true,0.11867427778228187
naive,0.1,0.06474470906149059,0.00971143386692904,0.0942068985052642,0.4235217373232699,false,0.25886431791426706
naive,0.1,0.08267514397404106,0.16204897855751949,-0.024339978130682477,0.300308682458867,true,0.13798435216409224
naive,0.1,0.16159223348706725,0.00024859355434315734,0.18700516105716258,0.4917291201659627,false,0.33936714061156265
naive,0.1,0.06209650481257977,0.24307182270266095,-0.04619197925400506,0.2720378691666794,true,0.11292294495633715
naive,0.1,0.1484955468616308,0.052030558399709305,0.02914764860434907,0.35088750797538615,true,0.1900175782898676
naive,0.1,0.09929366980589373,0.026929211337099464,0.05081162744903622,0.34526061670091174,true,0.19803612207497398
naive,0.1,0.1586244189986086,0.024993896563908494,0.05970425631559931,0.38889505659700885,true,0.2242996564563041
naive,0.1,0.09171758399811235,0.027377666821784736,0.051142464897114714,0.3509156248196175,true,0.20102904485836612
naive,0.1,0.1216275252346025,0.040873792859395644,0.04260037070021527,0.3929972295379026,true,0.21779880011905894
naive,0.1,0.10267903709155743,0.28822483407783694,-0.061154429160698534,0.2840238636889839,true,0.11143471726414268
naive,0.1,0.09485785912508202,0.006434624255753227,0.10444546220382595,0.4226135337563028,false,0.26352949798006436
naive,0.1,0.15199651769773345,0.03457482646990879,0.0532975332312324,0.4275817638469366,true,0.2404396485390845
naive,0.1,0.1093824859518176,0.041062852894742825,0.04297628605334067,0.39816416220973805,true,0.22057022413153934
naive,0.1,0.12518046900101684,0.023436659386763616,0.05985495928624737,0.3767352921678664,true,0.21829512572705687
naive,0.1,0.14128712482136313,0.015736445458820445,0.07606914678017185,0.4010132451669138,true,0.2385411959735428
naive,0.1,0.08135076803490657,0.1499035607182663,-0.02309751649631067,0.3475900486241641,true,0.16224626606392673
naive,0.1,0.1108482880326794,0.026648245353015264,0.06169617529805535,0.41666297017756027,true,0.2391795727378078
naive,0.1,0.0735792082194631,0.0449398529015399,0.03782126371918526,0.383086329912974,true,0.21045379681607962
naive,0.1,0.12109617658041626,0.019004148127980784,0.06864786957885577,0.39098971235063523,true,0.2298187909647455
naive,0.1,0.13024621446212215,0.15507876185068162,-0.01968173073097354,0.2706192586455025,true,0.12546876395726447
naive,0.1,0.10369081967309589,0.04546517208704675,0.03180241225024261,0.32611753697143786,true,0.17895997461084023
naive,0.1,0.14523554993880539,0.0016652753496519351,0.14636464541450037,0.46749718848078836,false,0.30693091694764435
naive,0.1,0.10000687122839645,0.5083764153304413,-0.09660031740077546,0.2265225828631673,true,0.06496113273119591
naive,0.1,0.1381315833051415,0.19888234429969562,-0.3105199514038752,0.03816968191544204,false,-0.1361751347442166
naive,0.1,0.07956358194843986,0.056380499095494516,0.02695593183737499,0.36383759647475505,true,0.19539676415606502
naive,0.1,0.12647385170953274,0.007528559464174252,0.10525042372179796,0.4421746007289249,true,0.2737125122253614
naive,0.1,0.07859898667882162,0.06567080791586899,0.01782241649337199,0.3172474282113844,true,0.1675349223523782
naive,0.1,0.11040397862583297,0.027953800237815143,0.052314689003545745,0.36348098519542116,true,0.20789783709948345
naive,0.1,0.16447660943540326,0.3700221939827131,-0.06984683804036972,0.23716671907739273,true,0.08365994051851151
naive,0.1,0.09315832869399539,0.04896343285477753,0.03503115418028388,0.3906552667973777,true,0.21284321048883081
naive,0.1,0.06879864535820925,0.004808799323185278,0.11348927926184865,0.4313076156799615,false,0.2723984474709051
naive,0.1,0.1213344660647577,0.01409746553367724,0.0856700063464759,0.43364315959757815,true,0.25965658297202704
naive,0.1,0.12596689205477954,0.013164409338480202,0.08274144970570049,0.40894371091768433,true,0.24584258031169243
naive,0.1,0.12030519715859285,0.009620027775962886,0.09348470760801736,0.4191476010400494,true,0.2563161543240334
naive,0.1,0.1274850391220779,0.013820326930248913,0.09212197654880203,0.4630365500704474,true,0.27757926330962474
naive,0.1,0.12779737189825913,0.007269588718819293,0.1006442801418308,0.41918959845442527,true,0.25991693929812804
naive,0.1,0.10017389398642278,0.1675939737507321,-0.024537844133022485,0.2802156560632998,true,0.12783890596513864
naive,0.1,0.12598146076573336,0.17101666402218346,-0.026115962104389656,0.2852685550324587,true,0.1295762964640345
naive,0.1,0.12554959995047954,0.1014246098020654,-0.0006691723381182235,0.31987648307925853,true,0.15960365537057014
naive,0.1,0.1061364081030834,0.1830505229219379,-0.03221269102777044,0.3058833291399644,true,0.136835319056097
naive,0.1,0.09295243160732641,0.015212437816054126,0.07289665515305221,0.3793895538798745,true,0.22614310451646336
naive,0.1,0.0861766360369131,0.20940465227212562,-0.039318741816170094,0.2926389903133009,true,0.12666012424856538
naive,0.1,0.07888533921477314,0.3605622884188171,-0.2744843317978129,0.07835699111497214,false,-0.09806367034142037
naive,0.1,0.0672120071869058,0.010027960400942058,0.10076520196747762,0.4572000798334941,false,0.27898264090048586
naive,0.1,0.10617175338536965,0.11267289920997026,-0.004976412729451624,0.27457817758169634,true,0.13480088242612237
naive,0.1,0.09495781958688042,0.03894075911274519,0.03959537389453979,0.34976202212702523,true,0.19467869801078252
naive,0.1,0.10786747491812404,0.023501614409639517,0.05817203516310576,0.3666690878417545,true,0.21242056150243013
naive,0.1,0.09639770144868497,0.045935710655849255,0.03682581918535291,0.38184385356727835,true,0.20933483637631564
naive,0.1,0.0765979371869343,0.003585125470556974,0.13186346257829176,0.4740579190940588,false,0.3029606908361753
naive,0.1,0.1090663801921255,0.10451704135479854,-0.002153357934954442,0.32710110806685777,true,0.16247387506595165
naive,0.1,0.09670796409862474,0.21098139026979768,-0.038382937194507596,0.2821102898900426,true,0.1218636763477675
naive,0.1,0.13171382429189996,0.059040596630920275,0.023676860372043584,0.34416241379076995,true,0.18391963708140677
naive,0.1,0.0759562167911599,0.09099545093957255,0.004270893063051645,0.314313625002676,true,0.15929225903286381
naive,0.1,0.08192715420279284,0.026457289957645326,0.05282009047963193,0.3552372747198464,true,0.20402868259973916
naive,0.1,0.16523261259259509,0.045965166782739646,0.037772109590155534,0.3919287261467893,true,0.21485041786847242
naive,0.1,0.1336390964058697,0.00496523495167637,0.11132591124850036,0.4258408328697253,true,0.2685833720591128
naive,0.1,0.11992674358845921,0.02676966934208608,0.06011866871268351,0.4070845964521903,true,0.2336016325824369
naive,0.1,0.1071419220389373,0.07052418053580255,-0.3185855028323289,-0.015099587655004243,false,-0.16684254524366657
naive,0.1,0.10590708256073962,0.05129351003155849,0.029116084993245417,0.3440248114947585,true,0.18657044824400196
naive,0.1,0.08892101699213112,0.03525928518928839,0.044505897994056964,0.36243597178960596,true,0.20347093489183146
naive,0.1,0.11618682058395362,0.004762426522857856,0.11637741999463252,0.4414236724142649,false,0.2789005462044487
naive,0.1,0.1211381948453777,0.12604307325555428,-0.01116666680769618,0.30837968963436063,true,0.14860651141333223
naive,0.1,0.10243129789972245,0.007701435868025642,0.09873219565667396,0.4171533911124277,true,0.25794279338455084
naive,0.1,0.05881977207964497,0.16134099475269723,-0.024778433685214374,0.3089143836687401,true,0.14206797499176285
naive,0.1,0.09797602003371603,0.33235300077887747,-0.07138797785007195,0.2762901107771892,true,0.10245106646355862
naive,0.1,0.12285703086322669,0.394515371162909,-0.07832351149987629,0.24643401065987494,true,0.08405524957999932
naive,0.1,0.1150706191054593,0.17498640992117806,-0.029179807488597387,0.30355262702371905,true,0.13718640976756083
naive,0.1,0.08185872762270496,0.19054308502263012,-0.03339269418706031,0.29366572192137147,true,0.13013651386715558
naive,0.1,0.10438146054049979,0.0015257796647547264,0.1599156379075833,0.5049100794745113,false,0.3324128586910473
naive,0.1,0.05384594552868449,0.006141114084463353,0.0970846714154707,0.38867710340698725,false,0.24288088741122899
naive,0.1,0.12465796352590323,0.07593783537964217,0.012886538341911363,0.33922583656499017,true,0.17605618745345075
naive,0.1,0.11662547515892599,0.007008711179202063,0.11022413316121307,0.45504464760201613,true,0.2826343903816146
naive,0.1,0.09631458892016993,0.08083597199813689,0.010142397012558674,0.3404861912592563,true,0.1753142941359075
naive,0.1,0.04237132384144827,0.05919218192131027,0.025506600554275838,0.372368634202088,true,0.1989376173781819
naive,0.1,0.08056453386220512,0.08041787813566992,0.009292007757831483,0.3048834760665128,true,0.15708774191217215
naive,0.1,0.12524280220960726,0.18304847680923683,-0.03045575712518081,0.2892062877025382,true,0.12937526528867868
naive,0.1,0.10359507820009733,0.25826895351946944,-0.048627730361858454,0.2623810993651358,true,0.10687668450163869
naive,0.1,0.10471022518896318,0.00040215810804916213,0.19681735362016733,0.5387056691192886,false,0.367761511369728
naive,0.1,0.11684835892063891,0.09545613572559597,0.002593179467858142,0.3827623989127174,true,0.19267778919028777
naive,0.1,0.08975147846115,0.06476241954055387,0.021124571249884178,0.36508282388305147,true,0.19310369756646784
naive,0.1,0.10094302978092733,0.08343929547316063,0.008395770280410858,0.3287485375165631,true,0.16857215389848698
naive,0.1,0.1163602696450249,0.2655888764523548,-0.05158296462605093,0.26764345365886477,true,0.10803024451640693
naive,0.1,0.1009401191912222,0.20618240012824338,-0.29210825066930407,0.03823040407226708,false,-0.1269389232985185
naive,0.1,0.06650630729796361,0.0032300069850968853,0.142872104790226,0.504387817551883,false,0.32362996117105447
naive,0.1,0.13580531614586688,0.00010195028698728342,0.23485510738723903,0.5796063750705313,false,0.40723074122888514
naive,0.1,0.1074922304946272,0.06025561218276961,0.02532924129829489,0.38132354830324766,true,0.20332639480077128
naive,0.1,0.12219424539264545,0.21339412226335872,-0.04215180687881087,0.3040251760742487,true,0.13093668459771893
naive,0.1,0.09821053112850257,0.22587571351091887,-0.05018253841753595,0.33037303019438957,true,0.1400952458884268
naive,0.1,0.1334674638824165,0.12110315509803332,-0.008223761240027772,0.2774736354181397,true,0.13462493708905596
naive,0.1,0.032832102026787886,0.024180640899407375,0.05310425169875929,0.3397786452985916,false,0.19644144849867543
naive,0.1,0.10299427414913304,0.04509940474071256,0.030924121929988474,0.3143989077331675,true,0.17266151483157796
naive,0.1,0.10046753922666932,0.06507097851697535,-0.369460149544594,-0.02116594797565613,false,-0.19531304876012506
naive,0.1,0.09182668054305257,0.000695579371118556,0.16144358848749255,0.4655453287694322,false,0.31349445862846237
naive,0.1,0.07176869175142016,0.05342139561915948,0.028489287531779428,0.3554489557505463,true,0.19196912164116287
naive,0.1,0.14131983984649152,0.11017342237796024,-0.0057233585531958064,0.3911648828016212,true,0.19272076212421269
naive,0.1,0.12924230227907532,0.10993779893273384,-0.004843968523752157,0.33872970227538113,true,0.16694286687581447
naive,0.1,0.13711542699722162,0.1998601221336544,-0.03287589514355335,0.2651429655434767,true,0.11613353519996167
naive,0.1,0.12970811206812988,0.02321365043654962,0.06732740312492774,0.42168101908185945,true,0.2445042111033936
naive,0.1,0.1137517738344437,0.2909255556308764,-0.05515006682570342,0.25300180843200093,true,0.09892587080314877
naive,0.1,0.11279865372864754,0.0209797504654128,0.07081103140559925,0.4219026630822814,true,0.24635684724394033
naive,0.1,0.08699510634986907,0.10705093981312738,-0.0037725499217867997,0.36933800881874823,true,0.1827827294484807
naive,0.1,0.1591659157043623,0.13914712927961628,-0.015895541739376934,0.299344121205511,true,0.14172428973306703
naive,0.1,0.12168076451257483,0.02929097765000162,0.052412396293313235,0.37487963366482313,true,0.21364601497906818
naive,0.1,0.10818994202261596,0.03550787796128614,0.047390710880486075,0.3880363741686192,true,0.21771354252455263
naive,0.1,0.09458654698730529,0.13327513186091153,-0.012870784707736255,0.28210169389838036,true,0.13461545459532206
naive,0.1,0.057587549758651366,0.15801710863810886,-0.023347999725213814,0.3061849689365157,true,0.14141848460565096
naive,0.1,0.11055937436431328,0.11847785815696513,-0.008845703032732771,0.3389918435163978,true,0.1650730702418325
naive,0.1,0.10526793708009846,0.015183677371995491,0.09616208231824072,0.5001197381550945,true,0.2981409102366676
naive,0.1,0.0575764813618617,0.02207344009893613,0.06597776633277036,0.4028782903526014,false,0.2344280283426859
naive,0.1,0.10584142262946371,0.2483631186960803,-0.05058835429005032,0.28868654081455863,true,0.11904909326225416
naive,0.1,0.06080983518877975,0.0021182884300925773,0.14537432796171107,0.48021164862071447,false,0.31279298829121277
naive,0.1,0.1263697815851692,0.010994684776979615,0.09044631966519842,0.42177955836506076,true,0.2561129390151296
naive,0.1,0.10120556146236169,0.0322729394993948,0.04933278444531275,0.37642569840565365,true,0.2128792414254832
naive,0.1,0.09223300126514923,0.05894641756639194,0.022697006439195727,0.32903479097456645,true,0.17586589870688107
naive,0.1,0.0944067596768252,0.014599365142867212,0.07584120937652206,0.38876104983283866,true,0.23230112960468036
naive,0.1,0.12648297556483185,0.3100281457468742,-0.05423245591926712,0.22909540285233565,true,0.08743147346653427
naive,0.1,0.05677552688698516,0.17507134719003384,-0.03264397277137604,0.3392455370245205,true,0.15330078212657222
naive,0.1,0.08557316851649466,0.1856341723059064,-0.03739022396890687,0.34550011720290186,true,0.1540549466169975
naive,0.1,0.11808952444072057,0.0008512115993238533,0.17696710358956472,0.5212980451106292,false,0.3491325743500969
naive,0.1,0.10023318362117765,0.1865659274715213,-0.03342870675953849,0.3059374339011335,true,0.1362543635707975
naive,0.1,0.13457551138157173,0.16864056694873766,-0.02919701171163014,0.3288383286917361,true,0.149820658490053
naive,0.1,0.18571521089081788,0.005462792887437933,0.11405990752809536,0.44507847287381186,true,0.2795691902009536
naive,0.1,0.11281897815974562,0.04278902522538069,0.04524473528673725,0.43599840592510797,true,0.2406215706059226
naive,0.1,0.12720288082101625,0.24239653886768375,-0.04231709691834107,0.25024347847601647,true,0.1039631907788377
naive,0.1,0.08269678111969234,0.015370400952000294,-0.3884135125605176,-0.0743413273851192,false,-0.23137741997281838
naive,0.1,0.07937624926620913,0.1008296002303202,-0.0003815032079140246,0.3126995329905254,true,0.15615901489130568
naive,0.1,0.10718553105685048,0.013671435412575712,0.07951008956204461,0.3981308063096144,true,0.2388204479358295
naive,0.1,0.07755950772008363,0.03748168026310924,0.039735366377264714,0.3398049421346351,true,0.1897701542559499
naive,0.1,0.005875497963597074,0.09006706191114691,0.005463686183759642,0.3635782751468478,true,0.18452098066530373
naive,0.1,0.11643231682730486,0.08199104778059413,0.008907339682122373,0.3193322001915842,true,0.1641197699368533
naive,0.1,0.09857029357978209,0.0416395190323788,0.03701169884864314,0.34741889324735203,true,0.19221529604799759
naive,0.1,0.1266461281576398,0.020637932470465938,0.07745672050536515,0.4579462225481846,true,0.26770147152677487
naive,0.1,0.12575693811370853,0.1917175703082181,-0.03303727539381371,0.2872414374674507,true,0.12710208103681847
naive,0.1,0.08185331179203008,0.04422901057910129,0.036074342026296224,0.35938368168152685,true,0.19772901185391153
naive,0.1,0.12480602844386508,0.052741062323396176,0.02808076038746027,0.34424558941066896,true,0.18616317489906462
naive,0.1,0.05871763446866343,0.12994202305140204,-0.014323829868661347,0.346694385556489,true,0.16618527784391382
naive,0.1,0.08983555079930748,0.17083630545075562,-0.028459192015560547,0.31157531854209086,true,0.14155806326326514
naive,0.1,0.1439971811539201,0.13572960487068617,-0.016865499536013073,0.3458371636986671,true,0.16448583208132703
naive,0.1,0.09139532314079125,0.17988257013203598,-0.03527126767771513,0.3467439896750565,true,0.1557363609986707
naive,0.1,0.11506390246193783,0.0235036088433226,0.0640870401887173,0.4039702717343904,true,0.23402865596155384
naive,0.1,0.06477808963743634,0.027340196796858004,0.055409250940540666,0.37988267361065764,true,0.21764596227559915
naive,0.1,0.09634247110551249,0.10953607176344701,-0.004095954802523172,0.29821399739579724,true,0.14705902129663703
naive,0.1,0.11296600775173392,0.10841680223551108,-0.003976357535892205,0.32715908299718827,true,0.16159136273064803
naive,0.1,0.22135592401562088,0.05401044913734325,0.02911187476854543,0.36884170732696175,true,0.1989767910477536
naive,0.1,0.1169060694275952,0.0019432453813662102,0.13906899787481986,0.45373336746884885,false,0.29640118267183435
naive,0.1,0.09541433737698908,0.08836106679076194,-0.399378763378939,-0.00706625409599132,false,-0.20322250873746517
naive,0.1,0.15114940319285375,0.3748202120192663,-0.07603081808345553,0.2542148091152186,true,0.08909199551588153
naive,0.1,0.05403762089157042,0.05394798866610733,0.02509909034149721,0.3174806881573615,true,0.17128988924942937
naive,0.1,0.07829628124008645,0.004659896853079843,0.1280874670073949,0.4837353429819681,false,0.3059114049946815
naive,0.1,0.05383073624893028,0.08720428071707431,0.0067198177036966455,0.34432498124244604,true,0.17552239947307136
naive,0.1,0.08453727590299959,0.14966336397643049,-0.019694122702019645,0.2976881307999494,true,0.13899700404896487
naive,0.1,0.17126205139271825,0.24571421758914047,-0.0479629069067955,0.2780157594638192,true,0.11502642627851184
naive,0.1,0.1271815460513393,0.16938572235061256,-0.02622915762296127,0.29255453476039706,true,0.13316268856871788
naive,0.1,0.11506562852345545,0.030409348878736062,0.04707187577071004,0.3449436607779517,true,0.19600776827433086
naive,0.1,0.13055558374226042,0.08566114334241982,0.00725042384805577,0.3300533997396522,true,0.168651911793854
naive,0.1,0.09210392508048558,0.041045038271460874,0.039130779517754816,0.36239039410092166,true,0.20076058680933825
naive,0.1,0.08526908104160724,0.0280276981659651,0.04841050366625316,0.3368950119906448,true,0.19265275782844898
naive,0.1,0.11700210483699894,0.01353669691602499,0.07821836623524062,0.39031471059786027,true,0.23426653841655043
naive,0.1,0.0646127510677629,0.22174568298804062,-0.04993244265454658,0.33843844350659746,true,0.14425300042602543
naive,0.1,0.0855085973531585,0.025264848535884392,0.05223214868477696,0.3422500990404085,true,0.19724112386259274
naive,0.1,0.14794643718231082,0.13318011104927804,-0.015256988524791348,0.3353003466084103,true,0.16002167904180947
naive,0.1,0.10402954504734589,0.0002505600366706448,0.20221425825294662,0.5320510099412393,false,0.36713263409709296
naive,0.1,0.10480897474160698,0.03185813356545972,0.05363668453293799,0.40559670559921324,true,0.22961669506607563
naive,0.1,0.12545013731777999,0.2949267981594677,-0.05634002951907663,0.2538670652598214,true,0.09876351787037238
naive,0.1,0.08690235282617771,0.4016810082123596,-0.07688498536847536,0.23683298198518654,true,0.0799739983083556
naive,0.1,0.1502750457590012,0.002975756235205373,0.13071356265740533,0.45515645248929393,true,0.2929350075733496
naive,0.1,0.14258119027765984,0.00879211087125471,0.09403817506420764,0.41126994889458124,true,0.25265406197939444
naive,0.1,0.08112858182912631,0.010747447130648041,0.08649055179356618,0.4005566664280479,false,0.24352360911080703
naive,0.1,0.11069775252978821,0.04894724725600135,0.03277481256325393,0.36534868108859314,true,0.19906174682592354
naive,0.1,0.07129875042959505,0.0018762054416238978,0.15608108958750966,0.5067326712151368,false,0.3314068804013232
naive,0.1,0.039956834460777586,0.057785248083353315,0.025529154582055402,0.35817647546977616,true,0.19185281502591578
naive,0.1,0.08809609874367061,0.018570230827468986,0.06496732709680983,0.36632842531168663,true,0.21564787620424822
naive,0.1,0.09397345798298677,0.003017479043191298,0.1363590501151344,0.4759109545426391,false,0.30613500232888674
naive,0.1,0.12703085777002554,0.1348841247647665,-0.016000416648666,0.33552611598422954,true,0.1597628496677818
naive,0.1,0.1838792073908594,0.01908590415556067,0.07463652817920213,0.42590119886146266,true,0.2502688635203324
naive,0.1,0.10480943111273175,0.018965244270017733,0.07082695184242321,0.40303866149355,true,0.2369328066679866
naive,0.1,0.14507028485137874,0.03151903565617116,0.051661753019016876,0.38779843234594885,true,0.21973009268248286
naive,0.1,0.12621960062977147,0.01848704710394446,0.07836047142906649,0.4409946918567476,true,0.25967758164290705
naive,0.1,0.10287035717062587,0.034031104560004535,0.05238979838601365,0.4153409357875271,true,0.2338653670867704
naive,0.1,0.09624788767364062,0.08218610305760544,0.00900015565896295,0.3263862326007205,true,0.16769319412984174
naive,0.1,0.08062716960162031,0.13281349423358918,-0.014149565412804682,0.31422036187947366,true,0.1500353982333345
naive,0.1,0.10306587647382302,0.0021848981258821214,0.16259345637021214,0.5395325868702451,false,0.3510630216202286
naive,0.1,0.0742266812064494,0.23845473176505128,-0.25398257009636044,0.04191461031948125,false,-0.10603397988843959
naive,0.1,0.07874248198426827,0.021763342117313927,0.06559889998020291,0.39779521968421033,true,0.23169705983220662
naive,0.1,0.11693150945323075,0.04397484424851339,0.037298994734893454,0.3693976389044566,true,0.20334831681967502
naive,0.1,0.10060763812381145,0.007560018981382826,-0.4663799506666796,-0.11089677941892265,false,-0.2886383650428011
naive,0.1,0.13078878127250754,0.08582604058886938,0.006489729041090325,0.29900582862518954,true,0.15274777883313992
naive,0.1,0.1455657101480795,0.06235367194557644,0.02065854907494022,0.3310959547966943,true,0.17587725193581727
naive,0.1,0.10680822358029969,0.28376860362977313,-0.05822953048935907,0.2761001267847636,true,0.10893529814770227
naive,0.1,0.1147537324675771,0.0008544975901076022,0.15929948950903777,0.469450491203196,false,0.3143749903561169
naive,0.1,0.11626162586023081,0.001192330072414598,0.1695116644850688,0.5189442684904048,false,0.3442279664877368
naive,0.1,0.08856298560930657,0.16019042156896826,-0.028286346069766405,0.3587569188576799,true,0.16523528639395674
naive,0.1,0.11152711804055013,0.07742737238485703,0.010926237897308233,0.30808701982980385,true,0.15950662886355604
naive,0.1,0.12507939450066277,0.20272323830859226,-0.0356295731560181,0.2802835980901814,true,0.12232701246708165
naive,0.1,0.14204261586988634,0.28305512262561616,-0.05785765590949393,0.2752610777426398,true,0.10870171091657294
naive,0.1,0.09524066933483194,0.05144795729054225,0.031203225181896332,0.3701250001159738,true,0.20066411264893508
naive,0.1,0.09221998043071915,0.17159505393967409,-0.027816357218589688,0.3016357785463699,true,0.13690971066389013
naive,0.1,0.0924719078768327,0.017468576544529324,0.0644627201041772,0.35423014547249265,true,0.20934643278833492
naive,0.1,0.11469874539556059,0.3608194132747355,-0.07884871192798903,0.27596915678093775,true,0.09856022242647436
naive,0.1,0.056944808903055075,0.0013347623892430143,0.1712557619335664,0.5315787667224593,false,0.35141726432801285
naive,0.1,0.0763519424895427,0.11338917162468064,-0.0067807095670792406,0.35468180633779045,true,0.1739505483853556
naive,0.1,0.057895728885962325,0.1502684831423489,-0.022183228199898736,0.33160735083538284,true,0.15471206131774207
naive,0.1,0.14468883101047017,0.07298688426670097,0.014702614492963867,0.34137828840797557,true,0.17804045145046973
naive,0.1,0.12681956166071684,0.05400640812421677,0.028412773813026038,0.35994611826107625,true,0.19417944603705115
naive,0.1,0.08672703750344458,0.12744800507950374,-0.010254045801327827,0.26942964817348075,true,0.12958780118607646
naive,0.1,0.07938893552770643,0.009491513369691172,0.09904301413697894,0.4423863068826843,false,0.2707146605098316
naive,0.1,0.15985468320979324,0.03444615571311113,0.04341746925365461,0.34734100908109444,true,0.1953792391673745
naive,0.1,0.081811770071157,0.04992995104524984,0.03329014131839361,0.38017438881331056,true,0.20673226506585207
naive,0.1,0.07587792862228998,0.03926616148446705,0.03961041137656435,0.35244668326855283,true,0.1960285473225586
naive,0.1,0.11010425488932195,0.12743010279882322,-0.011571620134315175,0.3042372337982359,true,0.14633280683196037
naive,0.1,0.11630453985223424,0.11357838344053682,-0.006555077857357955,0.3382433675284996,true,0.16584414483557083
naive,0.1,0.13542137828789108,0.0018300348139651773,0.15412706166219795,0.4986584456243809,false,0.3263927536432894
naive,0.1,0.11501593571875138,0.2831720833370145,-0.0566960094707504,0.26958556170403314,true,0.10644477611664138
naive,0.1,0.1266402938709181,0.12537523073495077,-0.011117998710040822,0.314697023936902,true,0.1517895126134306
naive,0.1,0.0970404992136085,0.07762672925069376,0.011616777992000782,0.3306883789954746,true,0.1711525784937377
naive,0.1,0.122060987639955,0.010026837382726386,0.09319289727670804,0.42282867192244394,true,0.258010784599576
naive,0.1,0.14433787905971096,0.09179767719090504,0.004033236823299646,0.3265723087183965,true,0.16530277277084807
naive,0.1,0.11119313527064269,0.03595629947232694,0.049964736222188305,0.4131576339372155,true,0.2315611850797019
naive,0.1,0.1123012495790171,0.029756860098983394,0.0562024512105222,0.4060685914934702,true,0.2311355213519962
naive,0.1,0.06846862796613841,0.30020565917712766,-0.05566437585160389,0.2450930243340026,true,0.09471432424119935
naive,0.1,0.09191677918654549,0.002938307271140964,0.13432407481348604,0.46675337229081837,false,0.3005387235521522
naive,0.1,0.08063717767383899,0.2815079138310351,-0.06764810352600045,0.3242102840750547,true,0.1282810902745271
naive,0.1,0.11340682046841898,0.08129319142050342,0.010787812935008467,0.3715270542553869,true,0.19115743359519768
naive,0.1,0.11923532413913195,0.23828700082273305,-0.04227576605334414,0.2564410427363319,true,0.10708263834149388
naive,0.1,0.13767385957370507,0.10704979980931892,-0.0033563191152911342,0.3286406752353158,true,0.16264217806001233
naive,0.1,0.11485085261697178,0.1041782629784812,-0.0019900568409952912,0.3265389658042331,true,0.1622744544816189
naive,0.1,0.09530208419012047,0.002454913520560969,0.13669636290032855,0.4616198605099376,false,0.29915811170513307
naive,0.1,0.08000062558746814,0.18094750632654436,-0.030868043931656763,0.29989231347255557,true,0.1345121347704494
naive,0.1,0.14628341979497245,0.08926339596657111,0.00623541259521998,0.3830121960168095,true,0.19462380430601475
naive,0.1,0.10065705309317201,0.02243621952185623,0.06780875570172404,0.41742396822910766,true,0.24261636196541583
naive,0.1,0.12648054289683106,0.01395248223441603,0.08766094196643265,0.4420954493827784,true,0.2648781956746055
naive,0.1,0.09408129351722254,0.022777850198867536,0.060946561908432006,0.378043794454324,true,0.219495178181378
naive,0.1,0.0633990280751964,0.027813830946070973,0.05034633220801016,0.3487430616722335,true,0.19954469694012184
naive,0.1,0.1323253871814206,0.028628146400324916,0.06264555991906526,0.4416772787391907,true,0.252161419329128
naive,0.1,0.06637825066777442,0.04545372819767274,0.034000766895294604,0.3485666888644261,true,0.19128372787986034
naive,0.1,0.08880004176374764,0.012604418880389729,0.08407569402572948,0.40950695938126724,true,0.24679132670349835
naive,0.1,0.12313488966831251,0.20870821810498566,-0.03876295644570649,0.2901240881749212,true,0.12568056586460735
naive,0.1,0.06984448249079034,0.062342025467837056,0.022663043507329672,0.36309320009886387,true,0.19287812180309677
naive,0.1,0.1239357803569752,0.0027480472831153085,0.13743616296842476,0.47240624733598735,false,0.30492120515220605
naive,0.1,0.1485553343474313,0.11946138530276579,-0.009031549211580336,0.3293053234861259,true,0.16013688713727278
naive,0.1,0.116992403637518,0.07584313774427015,0.015135125468174554,0.39673288493882075,true,0.20593400520349764
naive,0.1,0.11296318243378647,0.22986270527363287,-0.04545411229591234,0.291219857123079,true,0.12288287241358334
naive,0.1,0.10543119917070642,0.007954985267461828,0.0987901375024606,0.42084338243992336,true,0.25981675997119197
naive,0.1,0.0665429415261327,0.02772671247541654,0.05799205555980355,0.4009445233892097,true,0.22946828947450665
naive,0.1,0.09200495245442947,0.02153531573650478,0.06471779393236443,0.3904502995909618,true,0.2275840467616631
naive,0.1,0.056083265882760525,0.2983521695801147,-0.2685201075471296,0.06049642625622294,true,-0.10401184064545334
naive,0.1,0.0780524511632068,0.11878565560801177,-0.00803179475116686,0.3029547656184912,true,0.14746148543366216
naive,0.1,0.10881759908292298,0.15735846537541517,-0.02347013939835521,0.3110006864084073,true,0.14376527350502605
naive,0.1,0.10558899144004533,0.015364405817415773,0.07189113083045248,0.3755566352788978,true,0.22372388305467514
naive,0.1,0.08814620508417699,0.008553715649957293,0.09543429423763133,0.41431491233834067,false,0.254874603287986
naive,0.1,0.03610137633411813,0.11685173594234421,-0.007577202550049067,0.31729625823793883,true,0.15485952784394488
naive,0.1,0.1263393322139665,0.20218701529917454,-0.03605500004613753,0.2849402751769525,true,0.12444263756540748
naive,0.1,0.10987508931862053,0.021706512121545913,0.06378276308089309,0.386289795285724,true,0.22503627918330854
naive,0.1,0.07543503324995685,0.033321718432112894,0.043820282268436594,0.34207485890054246,true,0.19294757058448953
naive,0.1,0.07009239106284755,0.27271329155147284,-0.06235731154530645,0.3119684718259031,true,0.12480558014029831
naive,0.1,0.11195209365389748,0.22418326410961223,-0.043359964132132375,0.28884819300738307,true,0.12274411443762535
naive,0.1,0.047899816908371286,0.0700872697508339,0.01695624208241764,0.35199253198331143,true,0.18447438703286453
naive,0.1,0.10766707461254416,0.2060610096087204,-0.29560321990827143,0.03864894128312543,false,-0.128477139312573
naive,0.1,0.09174863314130555,0.11727747354905863,-0.008681377181623678,0.3548999324565889,true,0.1731092776374826
naive,0.1,0.15180650961004605,0.007678589877473552,0.10092063088080036,0.42608130768469155,true,0.26350096928274597
naive,0.1,0.08568303450169996,0.057324812714286674,0.029403167343506426,0.4072870274840269,true,0.21834509741376665
naive,0.1,0.0745813489957712,0.033120598015991286,0.05303497537274243,0.41219969272354257,true,0.2326173340481425
naive,0.1,0.11675093746262079,0.0013758696989452158,0.14867846788541156,0.4632557565652475,false,0.3059671122253295
naive,0.1,0.12619074330766317,0.11956635584381131,-0.008197466184331509,0.29735532906724294,true,0.14457893144145573
naive,0.1,0.07023262932560552,0.038722212212860534,0.04398443477997438,0.3866439758987259,true,0.21531420533935014
naive,0.1,0.11161292694092334,0.13791944296801514,-0.014768759513998447,0.2864953587358404,true,0.13586329961092097
naive,0.1,0.07967901218508644,0.010605748456951402,0.09454409430434862,0.43611158063344413,false,0.2653278374688964
naive,0.1,0.10440544437521462,0.05177890173979621,0.027925679308325402,0.33403395325013496,true,0.18097981627923018
naive,0.1,0.1289814504025271,0.07222898509231501,0.013841945233697472,0.31181604795862733,true,0.1628289965961624
naive,0.1,0.10828152495134606,0.005142826223769221,0.10493478820767282,0.40430706763129126,true,0.25462092791948204
naive,0.1,0.09324192373282061,0.005287289943518597,0.11444544105882254,0.443507966646476,false,0.2789767038526493
naive,0.1,0.11638679085459765,0.04810244479710731,0.03613148653882792,0.3945721225125927,true,0.21535180452571032
naive,0.1,0.10971515195374554,0.02707530035623267,0.05828358602575995,0.39729310273612645,true,0.2277883443809432
naive,0.1,0.08957791850699641,0.16640438059603205,-0.2956540254026274,0.025478479652542962,false,-0.13508777287504223
naive,0.1,0.06071339504402691,0.005735145969719587,0.12238548364060078,0.48260116733172265,false,0.3024933254861617
naive,0.1,0.14560893670866978,0.02495181230697527,0.05736185041285244,0.37329269111056085,true,0.21532727076170663
naive,0.1,0.08929592892430914,0.001083601358583088,0.15215231816137,0.4605512975005679,false,0.30635180783096894
naive,0.1,0.10354927778139128,0.0006273567662356188,0.18135764955356154,0.5175444122154487,false,0.3494510308845051
naive,0.1,0.09400976640627563,0.001517477967276029,0.13380193676886615,0.42216017650743637,false,0.27798105663815126
naive,0.1,0.09204571042110879,0.20284740850725633,-0.036688186854339416,0.28830452268786055,true,0.12580816791676058
naive,0.1,0.14103491922343217,0.0006955958230220575,0.17932781877741416,0.5171182796752822,false,0.34822304922634817
naive,0.1,0.09781327442750223,0.031001043400806026,0.05290075050784998,0.3926626625513406,true,0.22278170652959528
naive,0.1,0.10641463498838488,0.1398370048024126,-0.018147150400808443,0.3362423811735727,true,0.15904761538638212
naive,0.1,0.11454203623716526,0.000270342303650271,0.24326368387927708,0.6439331005243774,false,0.44359839220182723
naive,0.1,0.07486473793420365,0.06050954306610185,0.02356279228322014,0.35737744670505056,true,0.19047011949413536
naive,0.1,0.10325052593224407,0.13204700805365083,-0.013812333024409262,0.3136134268680441,true,0.14990054692181742
naive,0.1,0.0983254725114231,0.08871229480235991,0.00601479375675501,0.3508775256004969,true,0.17844615967862595
naive,0.1,0.0461137493709707,0.07497793967372293,0.014096116962222405,0.3557063397179207,true,0.18490122834007156
naive,0.1,0.14640542516327099,0.011863111484559322,0.09221246167023367,0.4403580395820703,true,0.266285250626152
naive,0.1,0.06890972078489345,0.00999592262530237,0.08835105799548115,0.4005021757169854,false,0.24442661685623326
naive,0.1,0.10730696215625647,0.0032869963196994353,0.14418065663562618,0.5105335356029271,false,0.32735709611927666
naive,0.1,0.11812423109304823,0.0028881365936750908,0.1419499069401899,0.49186184204053374,false,0.31690587449036184
naive,0.1,0.10584856785949939,0.10331920937941612,-0.0016724298233119494,0.34472623881108655,true,0.1715269044938873
naive,0.1,0.12205731730546392,0.17646877464733188,-0.031015903311421067,0.3170473127806781,true,0.14301570473462852
naive,0.1,0.1094438915742797,0.025902256719408278,0.055227974579395434,0.36696011741403906,true,0.21109404599671724
naive,0.1,0.10653529082187146,0.11464305946989377,-0.006918338359466786,0.3318088925937316,true,0.16244527711713241
naive,0.1,0.12608313194860868,0.14628709653264338,-0.02061532467444166,0.33245513112001956,true,0.15591990322278895
naive,0.1,0.12924818291622317,0.18776437723399347,-0.035428962386370805,0.32030821250120745,true,0.1424396250574183
naive,0.1,0.06325533579711935,0.04097518952353281,0.04793325115321195,0.44320914546626783,true,0.2455711983097399
naive,0.1,0.1300236296535136,0.08336338335534611,0.007889158529952506,0.3074319559173514,true,0.15766055722365194
naive,0.1,0.12648467048616954,0.055543342034026576,0.0286087846367499,0.37750688984348657,true,0.20305783724011822
naive,0.1,0.1112913539917381,0.040722932766491006,0.038904135075334356,0.3576776483705257,true,0.19829089172293002
naive,0.1,0.08048335733866822,0.03881483209028944,0.045867382950136454,0.4040290512901261,true,0.22494821712013127
naive,0.1,0.14241875177785873,0.0034193583397567617,0.12864415446109448,0.4586436786539534,true,0.2936439165575239
naive,0.1,0.10792101117099007,0.0371309735195607,0.04050376771776293,0.3437015256512277,true,0.1921026466844953
naive,0.1,0.15636075798998517,0.050757639752704864,0.03188751679349286,0.37173513917163903,true,0.20181132798256596
naive,0.1,0.11873877051745824,0.08042927709901154,0.009973798615408258,0.3274561476542026,true,0.16871497313480543
naive,0.1,0.1130518114697453,0.07622285303585583,0.013248607894412678,0.3532662628123313,true,0.183257435353372
naive,0.1,0.13935924615453674,0.1574464929328987,-0.027312112869178673,0.3614055776443914,true,0.16704673238760637
naive,0.1,0.12016707933848508,0.015420502347422566,0.07447012921250695,0.3895648624149779,true,0.23201749581374242
naive,0.1,0.06435844260206185,0.023157737338893154,0.060198402194988204,0.37656426596037973,true,0.21838133407768395
naive,0.1,0.10275450516640765,0.13528013121297291,-0.015077638913984587,0.31285567858320484,true,0.14888901983461011
naive,0.1,0.10301484345463455,0.1643158785633048,-0.02559752504133564,0.30573338524461946,true,0.1400679301016419
naive,0.1,0.14063193201102972,0.10174712735619704,-0.0007728324906154105,0.30147249657025943,true,0.150349832039822
naive,0.1,0.09550226013947109,0.18333199264931863,-0.028369922579136037,0.26858296057623243,true,0.12010651899854818
naive,0.1,0.08656236625714406,0.0383154142263441,0.042308784350782974,0.3685628556526287,true,0.20543582000170582
naive,0.1,0.08142312250976269,0.03335380614733582,0.046684833898511,0.36469107568087067,true,0.20568795478969082
naive,0.1,0.10017157260333673,0.1048762987112417,-0.002284167657056607,0.3216860839061151,true,0.15970095812452922
naive,0.1,0.1138857503829557,0.1290238803034542,-0.013342218447002174,0.33256025446610454,true,0.15960901800955118
naive,0.1,0.07510433270671008,0.02588553993862698,0.059608766576768474,0.39592352627646854,true,0.2277661464266185
naive,0.1,0.10528522605320129,0.01146635203242877,0.0912288043567257,0.43099489485450476,true,0.26111184960561523
naive,0.1,0.11333399840197687,0.007203851354930078,0.10495779695748639,0.43618834504812865,true,0.27057307100280753
naive,0.1,0.09875639624546585,0.1642378436927221,-0.28947959817936814,0.024210090286522656,false,-0.13263475394642274
naive,0.1,0.0812891284437547,0.06268735224043533,0.0230902254789227,0.3738658602621322,true,0.19847804287052745
naive,0.1,0.08562354611109414,0.10862933089702269,-0.004131475845552873,0.33171312435720945,true,0.16379082425582828
naive,0.1,0.12609141902497237,0.13055644838484426,-0.012866041812365697,0.30550875846292114,true,0.1463213583252777
naive,0.1,0.07732284963165036,0.30340080440908485,-0.05786430551208077,0.25131390598123315,true,0.09672480023457619
naive,0.1,0.10423332978400361,0.1384437489540509,-0.014793942737813814,0.28333794159744463,true,0.1342719994298154
naive,0.1,0.1027220610464587,0.3261009797443597,-0.2677537510967522,0.06756460024610401,false,-0.10009457542532409
naive,0.1,0.04924541376285687,0.02536821743304803,0.059770907363291575,0.3925350427649883,false,0.22615297506413995
naive,0.1,0.10968934548637774,0.0008336090699556245,0.16397920224412726,0.48194732678380864,false,0.32296326451396795
naive,0.1,0.06023860655016809,0.0009070388275555328,0.1537726601858883,0.4561393490462745,false,0.3049560046160814
naive,0.1,0.12760377579673848,0.02368470719104015,0.060573763175547995,0.383355541072272,true,0.22196465212391
naive,0.1,0.1136868050937709,0.012589093014152246,0.07974311498953743,0.3882475849117317,true,0.2339953499506346
naive,0.1,0.14949506362670345,0.0174383334899546,0.07634180170153532,0.4192076354918965,true,0.2477747185967159
naive,0.1,0.028568522471477207,0.004201195979167402,0.1259119934678141,0.46604680857333713,false,0.2959794010205756
naive,0.1,0.12041975317890169,0.03937202818924629,0.036512700051652774,0.32565381084468603,true,0.1810832554481694
naive,0.1,0.08785738983785464,0.08971367671610724,0.005335746755135068,0.34252873601582257,true,0.17393224138547883
naive,0.1,0.13424367129718823,0.0019028546441260039,0.1499370319408669,0.48774722159572714,false,0.31884212676829704
naive,0.1,0.049691552609777825,0.18350139091777143,-0.030614168322604968,0.2893060554589605,true,0.12934594356817777
naive,0.1,0.09116978858621637,0.1323635143471538,-0.32941115523431425,0.01464262175739045,false,-0.1573842667384619
naive,0.1,0.102604440855685,0.022052624804308526,0.05948718972039296,0.3630761257706296,true,0.21128165774551128
naive,0.1,0.06814859360903182,0.007613927849470992,0.09128876405519454,0.3845997125333259,false,0.23794423829426023
naive,0.1,0.11219896192610766,0.5949711391025233,-0.09906710229302855,0.1936921120543491,true,0.047312504880660286
naive,0.1,0.08967042550621794,0.012174636562045498,0.08055969780540986,0.3879379212378221,true,0.234248809521616
naive,0.1,0.09226094193921425,0.010864648174112672,0.09956532932062034,0.4626246841177004,false,0.2810950067191604
naive,0.1,0.10200822128382254,0.0774988486868786,0.012937341288947635,0.36603689178631754,true,0.1894871165376326
naive,0.1,0.07560307931987811,0.06840804482259627,0.01778009026875013,0.3473905265875794,true,0.18258530842816478
naive,0.1,0.09508051757363625,0.038810735552692245,0.04700947133057978,0.4140514800947739,true,0.23053047571267682
naive,0.1,0.11967745538098529,0.004794294507349494,0.10763136006439386,0.40879651179301657,true,0.25821393592870523
naive,0.1,0.11537418901270222,0.03899988081189148,0.04185488923657854,0.37020928372159756,true,0.20603208647908805
naive,0.1,0.05507177600169479,0.06123969471079206,0.023173557391255456,0.3591444166499923,true,0.1911589870206239
naive,0.1,0.14833410393853036,0.017277227904544643,0.07188477722435704,0.39323228805872185,true,0.23255853264153944
naive,0.1,0.12075956977100215,0.11015313875770096,-0.00550823212325921,0.37719661357275125,true,0.18584419072474603
naive,0.1,0.10815086584615334,0.004248084219133476,0.12887324659649377,0.4780163618143306,false,0.3034448042054122
naive,0.1,0.05227606710262116,0.37529550786393573,-0.23868213272409544,0.07149342577507412,true,-0.08359435347451066
naive,0.1,0.11726536815588763,0.07213477821506538,0.015402802849830088,0.34569253337547906,true,0.18054766811265457
naive,0.1,0.06321821483682032,0.4711163358951595,-0.08789731211295032,0.22497829448178674,true,0.06854049118441821
naive,0.1,0.06903262439891855,0.04351670192623073,0.03927053233759503,0.3848212425796827,true,0.21204588745863887
naive,0.1,0.12138355868014096,0.34194888962395975,-0.08191393763262182,0.30607804391961213,true,0.11208205314349516
naive,0.1,0.09006080306289496,0.0332486350468585,0.044120130306509686,0.3438681790911295,true,0.1939941546988196
naive,0.1,0.09162053324393296,0.034702956099479466,0.048384378691346513,0.38925404557737553,true,0.218819212134361
naive,0.1,0.08830704084036765,0.23013661627424334,-0.04672891000131496,0.29883837059850316,true,0.1260547302985941
naive,0.1,0.10908627731373294,0.170585424814994,-0.2959644095469197,0.026947210682743444,false,-0.13450859943208815
naive,0.1,0.11897171813378644,0.01819454879094927,0.06883759486947946,0.38477152033812645,true,0.22680455760380294
naive,0.1,0.07459981763601953,0.006984123639062645,0.10766257792628878,0.4440952299119282,false,0.27587890391910846
naive,0.1,0.1164599908141101,0.24952980037281453,-0.051072889114067765,0.2894783705537657,true,0.11920274071984896
naive,0.1,0.09192542438580284,0.008044154164363108,0.1031824178248627,0.4408135875301009,false,0.2719980026774818
naive,0.1,0.13649531392087896,0.11595387162258097,-0.0073584105593629545,0.3248455082928896,true,0.1587435488667633
naive,0.1,0.10208300172984895,0.022044774571754033,0.06289461172655758,0.3838057555695491,true,0.22335018364805334
naive,0.1,0.10966234946826545,0.0012817985447102125,0.16688689132388043,0.515426337001835,false,0.34115661416285775
naive,0.1,0.08055159414256563,0.008451362296951254,0.11551625031722493,0.4999009065323571,false,0.307708578424791
naive,0.1,0.09231414146936173,0.5564073273248789,-0.10701586508348268,0.2261550594673665,true,0.05956959719194191
naive,0.1,0.12079616825889974,0.011638475844696074,0.09166736047809468,0.4351022865552656,true,0.26338482351668013
naive,0.1,0.11761050529938016,0.13030028113318515,-0.013076514865602046,0.3129777413346123,true,0.14995061323450515
naive,0.1,0.09738825518706831,0.05125210258392578,0.03092862959916501,0.3650601268717315,true,0.19799437823544827
naive,0.1,0.08282744151179863,0.04744042748833432,0.03187900511595754,0.3426188052877263,true,0.18724890520184193
naive,0.1,0.06143553883810966,0.1736182905838264,-0.027388927756842096,0.2896640395025276,true,0.13113755587284276
naive,0.1,0.09445728078652282,0.015757884384620443,0.07095480693149658,0.3742473238160264,true,0.22260106537376148
naive,0.1,0.07647800781444407,0.054528491056872005,0.02594897879661201,0.3332801226657998,true,0.1796145507312059
naive,0.1,0.09270815731132481,0.05481799425251338,0.02631379442689319,0.3405660593825163,true,0.18343992690470473
naive,0.1,0.10423714321617288,0.08406819072183343,0.007900485422966147,0.3221704107847305,true,0.16503544810384832
naive,0.1,0.12222923333769944,0.002137990050984822,0.12913790422487217,0.427154890882639,false,0.2781463975537556
naive,0.1,0.09110303102110348,0.12993475377929684,-0.01355431695394338,0.3281441449857453,true,0.15729491401590096
naive,0.1,0.11938566160980565,0.36435223379983844,-0.0773182043186939,0.26745184697544266,true,0.09506682132837438
naive,0.1,0.08571590520305765,0.1694211514691667,-0.29856005995181234,0.02677988684185592,false,-0.13589008655497822
naive,0.1,0.11357188166493498,0.16017247981059823,-0.026031650549113106,0.330249865375063,true,0.15210910741297495
naive,0.1,0.10083878019873092,0.012880071433731596,0.08724848083643313,0.4280428323592581,true,0.2576456565978456
naive,0.1,0.07032582256487104,0.10787164671183448,-0.003456220041016589,0.3036728144669398,true,0.1501082972129616
naive,0.1,0.10061610653187329,0.20457636147781966,-0.034601719939639036,0.26794900006285016,true,0.11667364006160558
naive,0.1,0.07830431803826068,0.002687998268252322,0.13338581350126183,0.45687031613161017,false,0.295128064816436
naive,0.1,0.08072679344585255,0.019118063867803077,0.07640922801051975,0.4363402095978062,true,0.25637471880416296
naive,0.1,0.10245029574393695,0.6285582176747141,-0.11347930968187475,0.20803894540961448,true,0.047279817863869866
naive,0.1,0.09668319528048677,0.11061066309094636,-0.3174205042030068,0.00483914887036585,false,-0.1562906776663205
naive,0.1,0.10900641834745148,0.12078249232805736,-0.008578472909380713,0.2937121504603254,true,0.14256683877547235
naive,0.1,0.09445123637376335,0.09329707630775204,0.003413704395549416,0.33961704047548946,true,0.17151537243551943
naive,0.1,0.09386782060589943,0.15831909239150557,-0.02845796362489794,0.3714390971595339,true,0.17149056676731797
naive,0.1,0.1727256292079163,0.13715341505027423,-0.014349248661917724,0.28370202253117405,true,0.13467638693462816
naive,0.1,0.08381024788088948,0.030084432547192317,0.05395348520431087,0.39259738398563987,true,0.22327543459497537
naive,0.1,0.04627503604438385,0.24617662018284162,-0.04698668356865375,0.27160933539379106,true,0.11231132591256866
naive,0.1,0.09877422346555864,0.007421728793863933,0.10461723509797027,0.43796024685285073,false,0.2712887409754105
naive,0.1,0.0646706925939024,0.018058896604988262,0.07494883799020377,0.417604843622441,false,0.2462768408063224
naive,0.1,0.1456871937029226,0.016373382287023664,0.08398415990260333,0.4496167651547699,true,0.2668004625286866
naive,0.1,0.06721217708752729,0.10256492919594719,-0.3447688168829435,0.0012949183245919427,false,-0.17173694927917577
naive,0.1,0.06103151503608303,0.019443398241730612,0.0697965700050048,0.40157201283177946,false,0.23568429141839214
naive,0.1,0.07971498528476643,0.0005756850759040574,0.17793265181152068,0.5034931085695309,false,0.34071288019052576
naive,0.1,0.0979907051483556,0.00001026872997648735,0.2718618189868915,0.5951291835408552,false,0.4334955012638733
naive,0.1,0.02253592263120264,0.00647617669876989,0.10900338092465547,0.4417110772522115,false,0.27535722908843346
naive,0.1,0.152875644685111,0.06878570408093336,0.015746549052094938,0.31180425725496924,true,0.1637754031535321
naive,0.1,0.09781931602132708,0.004588068212039065,0.11329001624531318,0.4265380601654718,false,0.2699140382053925
naive,0.1,0.10251740431381107,0.06006703690392742,0.023750450807675544,0.3555951247393855,true,0.18967278777353053
naive,0.1,0.03387563163414826,0.032378634223364774,0.05236210562654203,0.40045871000591343,false,0.22641040781622773
naive,0.1,0.08875545927534886,0.0008260237252840731,0.17619786944030416,0.5173487891278543,false,0.3467733292840792
naive,0.1,0.06849726980955173,0.05117723158717517,0.029836043346257113,0.3515008552728448,true,0.19066844930955096
naive,0.1,0.06453752643937871,0.05228009834458717,0.031343559949494365,0.37973141844789216,true,0.20553748919869327
naive,0.1,0.12172852891144473,0.007967607481929855,0.10912724979465413,0.46506792740194647,true,0.2870975885983003
naive,0.1,0.07327725018095278,0.10722243718434003,-0.003410200487326348,0.32606709912488985,true,0.16132844931878174
naive,0.1,0.10819371346787042,0.030395438383118444,0.05536917827494492,0.4056241313521041,true,0.23049665481352452
naive,0.1,0.12949856872958318,0.0538564718713847,0.026363089328702377,0.3326716574133698,true,0.1795173733710361
naive,0.1,0.11988133130194151,0.003085638266404553,0.14671033090824395,0.5139498144811888,false,0.33033007269471637
naive,0.1,0.09658714043761202,0.16009022216107074,-0.02222060007788995,0.2822512957092347,true,0.13001534781567237
naive,0.1,0.08346700521290214,0.10225781517335596,-0.0010599760429810534,0.3203621524050455,true,0.15965108818103224
naive,0.1,0.06842075351373351,0.3236336414191054,-0.07066602324361014,0.2827211216743642,true,0.10602754921537703
naive,0.1,0.13476577855679645,0.1983172787138036,-0.03274171331795779,0.2677121651967803,true,0.11748522593941126
naive,0.1,0.15125096400280827,0.04070137836610561,0.040437012752206486,0.3715897852662642,true,0.20601339900923535
naive,0.1,0.06230089286391807,0.008269193965499782,0.09368242580489633,0.40310088347501094,false,0.24839165463995364
naive,0.1,0.10687716519972042,0.1753105217970332,-0.028638989043891255,0.296777807052512,true,0.13406940900431036
naive,0.1,0.10217581056524035,0.2759089411307644,-0.055813804247589985,0.27483942107168213,true,0.10951280841204607
naive,0.1,0.1269673869012051,0.35008771776914427,-0.08466405209257294,0.3073776625948194,true,0.11135680525112324
naive,0.1,0.08117935868779434,0.5836562591983334,-0.11312793842309277,0.22618389359978947,true,0.05652797758834835
naive,0.1,0.11882332479248789,0.007166908831115383,0.10006435454633447,0.415332750819267,true,0.25769855268280073
naive,0.1,0.09485066207344552,0.0292551746480366,0.05350079699048424,0.382367481679462,true,0.2179341393349731
naive,0.1,0.11407028652254343,0.0034600436844163143,0.11047033198496467,0.39466574345667904,true,0.25256803772082187
naive,0.1,0.1134604337869178,0.019225462598291027,0.0665873996968454,0.38119379137893494,true,0.22389059553789017
naive,0.1,0.09076448663166156,0.27849569111457434,-0.05631677331071584,0.27383754650844894,true,0.10876038659886654
naive,0.1,0.1508208720635849,0.01689897964694953,0.08616011729899331,0.4671070872169605,true,0.2766336022579769
naive,0.1,0.08784416157160785,0.0321857236211682,0.04809249658811032,0.36626751260542584,true,0.20718000459676808
naive,0.1,0.0877088590960946,0.005894556333831369,0.11778242849920939,0.4672520805936127,false,0.29251725454641103
naive,0.1,0.09213290260487733,0.11381304281578164,-0.006562044061508149,0.3330232920396704,true,0.16323062398908114
naive,0.1,0.12609954085354594,0.09008881849769097,0.004509328323115791,0.3007479168994387,true,0.15262862261127724
naive,0.1,0.16393015261931695,0.007689726090826844,0.09881547159180981,0.41734545457971506,true,0.25808046308576243
naive,0.1,0.11769167800196297,0.31904121041672123,-0.0746342704391256,0.30401470444053824,true,0.11469021700070633
naive,0.1,0.12726997202621798,0.018792354269819116,0.07190215121904917,0.4075247068819071,true,0.23971342905047813
naive,0.1,0.10461309695542728,0.05795968648199395,0.027552515698431645,0.38845254560556886,true,0.20800253065200025
naive,0.1,0.1265461540232301,0.1571927939377102,-0.024055042654550052,0.3195915141851525,true,0.14776823576530124
naive,0.1,0.10990137835320085,0.044415746282639085,0.03809049806148507,0.38112150984436755,true,0.2096060039529263
naive,0.1,0.07981198363339374,0.6281430961900356,-0.12916851365413645,0.23698605671142126,true,0.0539087715286424
naive,0.1,0.12106148510926391,0.004798791420976219,0.11460456360156365,0.4353636248232262,true,0.27498409421239495
naive,0.1,0.05592818138218525,0.12349271540124482,-0.010644406694924974,0.32420253484219386,true,0.15677906407363446
naive,0.1,0.08574879921941521,0.004986738052046067,0.11028238367053178,0.42222190205470633,false,0.26625214286261906
naive,0.1,0.0640870036476036,0.08848616787202533,0.005661968204582091,0.3236013576530813,true,0.1646316629288317
naive,0.1,0.12261808177714624,0.07250880508516518,0.014410919575153641,0.3282517262628041,true,0.17133132291897885
naive,0.1,0.0907867393599863,0.010891174183169967,0.07801704669627058,0.36277042992691894,true,0.22039373831159476
naive,0.1,0.10976199314051156,0.1234119175776062,-0.011044365774248055,0.3374897998643535,true,0.16322271704505273
naive,0.1,0.09593032918432541,0.005642448241458649,0.11472540941883744,0.4507971173964638,false,0.2827612634076506
naive,0.1,0.112060405259174,0.0030281158475247466,0.1404918101207844,0.4906216977528528,false,0.3155567539368186
naive,0.1,0.07908811032048145,0.05335123905211871,0.029983123207897172,0.3734062137356936,true,0.2016946684717954
naive,0.1,0.05999656951614109,0.00768187471415958,0.10493217069965186,0.44306542670531923,false,0.27399879870248556
naive,0.1,0.0566380708194382,0.1011952393181307,-0.0005455774901132748,0.3106666625395884,true,0.15506054252473758
naive,0.1,0.10407788399137742,0.05394981770980859,0.029234771769380996,0.36981100897617925,true,0.19952289037278012
naive,0.1,0.15526793649011117,0.02842869735557646,0.05996602361998679,0.4209597465807683,true,0.24046288510037755
naive,0.1,0.11298756250846485,0.21965417529617726,-0.279074757188563,0.040555387785315075,false,-0.11925968470162397
naive,0.1,0.09352717262733883,0.11055222501184155,-0.0048065987189900294,0.31698932163972543,true,0.1560913614603677
naive,0.1,0.1430923528102999,0.012926570259983745,0.07873422114534226,0.3867406348261462,true,0.23273742798574423
naive,0.1,0.1248485083855382,0.10140021628477666,-0.0007159065898694472,0.3481570830011358,true,0.1737205882056332
naive,0.1,0.14759147223258678,0.0483454129252093,0.036790200838208775,0.4041391784040884,true,0.2204646896211486
naive,0.1,0.08367946671606438,0.055146957899427224,0.025777158469956374,0.33655333166502954,true,0.18116524506749296
naive,0.1,0.12698984512282788,0.17333537883520883,-0.3207811886303158,0.030226613315245704,false,-0.14527728765753503
naive,0.1,0.132216062178485,0.00007880938156165259,0.24234678237580504,0.5885048414959739,false,0.4154258119358895
naive,0.1,0.10152384507113152,0.004223916898996923,0.10015421023295742,0.3710880819144793,true,0.23562114607371834
naive,0.1,0.14165265724748718,0.07307236901767163,0.016705383699312876,0.3892246082740467,true,0.2029649959866798
naive,0.1,0.12897735166591862,0.008062202866896328,0.0979423863246855,0.41866881405238804,true,0.25830560018853677
naive,0.1,0.07517951230787341,0.1675525120134359,-0.02710048064540929,0.3096514955934576,true,0.14127550747402418
naive,0.1,0.06267748067440383,0.04073956408900646,0.041779638887443904,0.38425878679440684,true,0.21301921284092537
naive,0.1,0.11038099143478694,0.0011037669487256488,0.15689313957506168,0.4759279002287501,false,0.3164105199019059
naive,0.1,0.0933612566978174,0.01606737023115967,0.08254343593543137,0.43865329880072246,true,0.2605983673680769
naive,0.1,0.11759090965547653,0.0029550461957975407,0.12868525373491232,0.44757768422194066,false,0.2881314689784265
naive,0.1,0.08436644546765983,0.05150085044129163,0.031635359900230337,0.37575263850180385,true,0.2036939992010171
naive,0.1,0.15772300598207317,0.0215482509420461,0.06349772961294603,0.38320075951562194,true,0.22334924456428398
naive,0.1,0.1457169580506579,0.0020588433198738608,0.13414115340037094,0.4412809773495885,true,0.2877110653749797
naive,0.1,0.06418384621928543,0.051697673461530515,0.028478776044329884,0.3399489823359204,true,0.18421387919012513
naive,0.1,0.1451609740188713,0.023713912868589003,0.06406224010816552,0.4056947716417749,true,0.23487850587497022
naive,0.1,0.09636048913290672,0.03843909015408674,0.043000569397203176,0.37562060095693983,true,0.2093105851770715
naive,0.1,0.0724493516710112,0.25437067866430113,-0.049799484289085094,0.2745718350860362,true,0.11238617539847556
naive,0.1,0.07631510717882363,0.03346849736879678,0.05240492435787386,0.41039855075071663,true,0.23140173755429524
naive,0.1,0.11132045549549609,0.047961418696392935,-0.4460073642957464,-0.040981044048685716,false,-0.24349420417221604
naive,0.1,0.12648155406871653,0.1478338896784042,-0.27944865848606626,0.017860809027116953,false,-0.13079392472947465
naive,0.1,0.11101409840907131,0.02275008255323984,0.06026669554198208,0.3735960456013844,true,0.21693137057168324
naive,0.1,0.08439991512977373,0.006935650221453186,0.10869988584589443,0.44762773203190376,false,0.2781638089388991
naive,0.1,0.093399103659487,0.014026498143427818,0.08160132880711002,0.412307769530134,true,0.246954549168622
naive,0.1,0.11761099578143532,0.08978395549359583,0.005301608449729767,0.3427457510935696,true,0.17402367977164968
naive,0.1,0.07603821090357062,0.018684801134702892,0.07747622942309501,0.43802458915917536,false,0.2577504092911352
naive,0.1,0.1117474037529269,0.02889127274497355,0.056073450010877046,0.39760408887595433,true,0.2268387694434157
naive,0.1,0.11936088561780345,0.20694573748215406,-0.03610259391294603,0.27411934278746564,true,0.1190083744372598
naive,0.1,0.14000848478428315,0.1086915506829683,-0.004099608116191034,0.32684524650155006,true,0.1613728191926795
naive,0.1,0.11219635364432505,0.29739232295549617,-0.05371037306691588,0.23940164183441742,true,0.09284563438375078
naive,0.1,0.09602910891307852,0.07942713912197961,0.01337519938397494,0.41643548048768475,true,0.21490533993582983
naive,0.1,0.07748585948767728,0.029597272677074127,0.055029717735354367,0.39622237821110523,true,0.2256260479732298
naive,0.1,0.06937983716785685,0.18046578674043687,-0.039517437078675055,0.38597340071693037,true,0.17322798181912766
naive,0.1,0.055151976532139844,0.1197264827535489,-0.008914012442539337,0.3208304460152779,true,0.15595821678636926
naive,0.1,0.1094026173233516,0.08223305331649113,0.010073312707809229,0.3663213085988323,true,0.18819731065332077
naive,0.1,0.10503541067434624,0.155340447579179,-0.02439451812867985,0.3339719086153409,true,0.1547886952433305
naive,0.1,0.11855410004503754,0.1331840260491552,-0.013988705417162905,0.3073934849444958,true,0.14670238976366645
naive,0.1,0.11231908646765168,0.07511399888116489,0.014253595795359147,0.36180952019882606,true,0.1880315579970926
naive,0.1,0.07753365801410154,0.18670200049702346,-0.028483672498048312,0.2603172722768319,true,0.1159167998893918
naive,0.1,0.13411418027215682,0.006387538570812741,0.09466990142621057,0.38241314804785753,true,0.23854152473703405
naive,0.1,0.11548021546936078,0.05538473617969942,0.025992302547541535,0.341525737722576,true,0.18375902013505876
naive,0.1,0.06341867320561276,0.0017890851329606316,0.1549405941507226,0.49972867973794866,false,0.3273346369443356
naive,0.1,0.12199208738002439,0.150769087568638,-0.01998844177615247,0.2960959713277739,true,0.13805376477581072
naive,0.1,0.09200541293025569,0.018508365462425045,0.08280014414116613,0.4662110935120416,true,0.27450561882660385
naive,0.1,0.12193264748821317,0.11223151822279193,-0.0060979052274419965,0.3482549889016078,true,0.17107854183708288
naive,0.1,0.11491383219941306,0.166312642835123,-0.029374163164923722,0.3412852775882771,true,0.15595555721167667
naive,0.1,0.10663821666534963,0.01240960421286823,0.07816658238167762,0.3787721270679186,true,0.2284693547247981
naive,0.1,0.12614154034378958,0.024319853385635404,0.05899949411858707,0.3786568907829471,true,0.2188281924507671
naive,0.1,0.06272105746908013,0.06594052207505201,0.018910582264838854,0.33962486962979244,true,0.17926772594731563
naive,0.1,0.08962551496408434,0.07515889804572363,0.013576354936340573,0.34529272833624125,true,0.1794345416362909
naive,0.1,0.08447786713945456,0.0005749186289936438,0.19245210660267875,0.5445080232637651,false,0.36848006493322194
naive,0.1,0.09026609291926803,0.29018167199022854,-0.060016548250886995,0.2762577318629179,true,0.10812059180601545
naive,0.1,0.09693731087505819,0.02227058282887426,0.07204543491720627,0.4418698016966571,true,0.2569576183069317
naive,0.1,0.10896064405530617,0.010219190050338509,0.09291131014044551,0.4238925386868244,true,0.25840192441363496
naive,0.1,0.10177724727762327,0.10277543845073957,-0.0012787228540360462,0.3147963530404063,true,0.15675881509318515
naive,0.1,0.09180920182950063,0.0600668119908889,0.02599023527942604,0.389126949426293,true,0.20755859235285953
naive,0.1,0.0942918440907962,0.0027272030004678754,0.1142472134032681,0.3922211955632115,false,0.2532342044832398
naive,0.1,0.11688165383789202,0.02813373988913254,0.050555057250933844,0.3526302044488923,true,0.20159263084991308
naive,0.1,0.05753586687473719,0.015231150784290439,0.0773677117791573,0.40284462914666147,false,0.24010617046290939
naive,0.1,0.11644630831532825,0.17797426428195698,-0.02896626838969346,0.2909777032425934,true,0.13100571742644998
naive,0.1,0.07049914408512442,0.04586848000098393,0.03208049372396102,0.332111891194508,true,0.1820961924592345
naive,0.1,0.09959498407243582,0.024235521880029177,0.07181888038126072,0.4600766276655449,true,0.2659477540234028
naive,0.1,0.08834906672696399,0.002222064604024061,0.13143160745676535,0.4372166714595144,false,0.2843241394581399
naive,0.1,0.09769434878175888,0.008258426812586032,0.09601068956128625,0.41297856627881413,true,0.2544946279200502
naive,0.1,0.08807895021793954,0.11711656120384888,-0.00803382211745371,0.3314006908242757,true,0.161683434353411
naive,0.1,0.07455867933828947,0.0831907896863188,0.009502980129796557,0.36632874095770224,true,0.1879158605437494
naive,0.1,0.10467985852616442,0.00572524281071625,0.10713072370817014,0.4222881952026466,false,0.26470945945540836
naive,0.1,0.06559353182428053,0.005395888199219348,0.1085232104777954,0.42236565166940404,false,0.2654444310735997
naive,0.1,0.04886313426260897,0.10837436216867805,-0.003801483323786742,0.314325248793768,true,0.1552618827349906
naive,0.1,0.08596494346889262,0.03641036493664059,0.04720540296762485,0.3942566491188254,true,0.22073102604322511
naive,0.1,0.13246006586571732,0.006642876755565668,0.10816045482564968,0.44089096220658647,true,0.27452570851611807
naive,0.1,0.08874544921688697,0.2878166337787704,-0.04929442738106336,0.22937174693257673,true,0.09003865977575669
naive,0.1,0.13136423085776638,0.1759400351514659,-0.026820990207866297,0.27587443911156095,true,0.12452672445184734
naive,0.1,0.0992184000893711,0.02478647896205708,0.06192186577200812,0.4015087359331029,true,0.23171530085255548
naive,0.1,0.1288549324991971,0.001024516501106487,0.17165425565610565,0.5162198645162166,false,0.3439370600861611
naive,0.1,0.13666046876220475,0.06672223604271178,0.023803961821500574,0.43882000142615407,true,0.23131198162382732
naive,0.1,0.06877990912760748,0.0012718676746926814,0.1748884514454618,0.5396228439307509,false,0.35725564768810636
naive,0.1,0.08011934963419663,0.0039062430277259424,0.1268424166501814,0.463141999906445,false,0.2949922082783132
naive,0.1,0.10407484661490721,0.2597756877980902,-0.04733044872865512,0.25329448137855576,true,0.10298201632495031
naive,0.1,0.07203037798268642,0.09598186090559861,0.0019010914416620894,0.31775990436450496,true,0.1598304979030835
naive,0.1,0.10582261863395352,0.16216472355464276,-0.023876414445212962,0.2940922724380095,true,0.13510792899639826
naive,0.1,0.14998387947376096,0.1305822937951954,-0.012768375803786064,0.30294842284648615,true,0.14509002352135003
naive,0.1,0.11433694985867471,0.0440072078041837,0.03973372180500062,0.3938059245726844,true,0.2167698231888425
naive,0.1,0.10287393681609494,0.04896905258197986,0.03515441239073788,0.39208368982258146,true,0.21361905110665966
naive,0.1,0.08909988511560628,0.056387769146831704,0.03109400027247436,0.41977422576423906,true,0.22543411301835672
naive,0.1,0.12386098003678218,0.012994142183353267,0.08588560031133141,0.42261126616905387,true,0.25424843324019264
naive,0.1,0.08580718510785426,0.13877969851991642,-0.016068348569505647,0.3052641701299531,true,0.14459791078022374
naive,0.1,0.09875829152638751,0.0007463028672775945,0.198530472598629,0.5766775097209011,false,0.38760399115976507
naive,0.1,0.07759801469143406,0.09081461906486613,0.0049468668186743725,0.356716257837294,true,0.1808315623279842
naive,0.1,0.08312264770163512,0.012684416994652978,0.08488289965211582,0.41430916117022343,false,0.24959603041116962
naive,0.1,0.08765090502766398,0.005009367848725115,0.10998444243822064,0.4214718253629643,false,0.26572813390059247
naive,0.1,0.09697693283124113,0.10486926253530618,-0.002449513361034883,0.34546487101873974,true,0.17150767882885243
naive,0.1,0.11728330722602937,0.13735434361353588,-0.01573921582308052,0.3096225895312336,true,0.14694168685407655
naive,0.1,0.09015843834956734,0.015751864419188303,0.0841652329396455,0.4438599516554578,true,0.26401259229755164
naive,0.1,0.12110316527507205,0.06181615311492588,0.02241877274481266,0.3535001689424324,true,0.18795947084362255
naive,0.1,0.10928495035653091,0.014620187412415197,0.08698314804532933,0.44610624017963807,true,0.2665446941124837
naive,0.1,0.119208592513152,0.40983571013726694,-0.08267067800130486,0.24871958643415143,true,0.08302445421642328
naive,0.1,0.10998683123972595,0.019813111614907314,0.05841993788204239,0.33897522238124833,true,0.19869758013164537
naive,0.1,0.06338497428086676,0.0699981291811174,0.014646475382523866,0.3030457147184342,true,0.15884609505047903
naive,0.1,0.11811010566104767,0.037590402546649075,0.045581561917529406,0.3907388106687849,true,0.21816018629315714
naive,0.1,0.10424344563976673,0.154438034512021,-0.021259077877792104,0.29544558774276064,true,0.13709325493248425
naive,0.1,0.13510550365133597,0.04682209255517427,0.03962060579268811,0.41956321346396414,true,0.22959190962832612
naive,0.1,0.11685548465917628,0.05152157300052622,0.030197907482102937,0.3588670494946237,true,0.19453247848836333
naive,0.1,0.10855923854017263,0.3184085904767103,-0.06431632795274571,0.2626429042295173,true,0.0991632881383858
naive,0.1,0.10785581746176057,0.06164442778871087,0.02192776006402053,0.343975953588189,true,0.18295185682610476
naive,0.1,0.09862517417976396,0.23342679859781224,-0.050539868273249106,0.3162597590555053,true,0.1328599453911281
naive,0.1,0.09237751001702593,0.0019835705068441175,0.17246674107106388,0.5643401055014742,false,0.368403423286269
naive,0.1,0.11233843160498946,0.10836782350750442,-0.0039614618796325884,0.3278040367388557,true,0.16192128742961157
naive,0.1,0.0802234637663525,0.036284824678867345,0.04636476099566594,0.3861676451053293,true,0.21626620305049762
naive,0.1,0.1487230599706303,0.012089535286588645,0.08384489435628986,0.4028409261372419,true,0.24334291024676585
naive,0.1,0.0939607883558091,0.1506835115865644,-0.018439881924975393,0.2735793386183736,true,0.1275697283466991
